3.32189 7.12447
4.17932 7.23433

3.08897 8.44119
4.14902 8.32003

4.30936 6.40913
4.17932 7.23433

4.17932 7.23433
4.14902 8.32003

4.14902 8.32003
4.31659 9.37081

4.14902 8.32003
5.32481 8.0912

5.32481 8.0912
6.42442 8.16049

5.41239 9.41665
6.16376 9.18109

6.42442 8.16049
7.47097 8.14166

6.16376 9.18109
7.04684 9.10745

7.30787 6.26981
8.20978 6.44679

7.47097 8.14166
7.04684 9.10745

7.47097 8.14166
8.32333 8.03829

8.4794 5.16762
8.20978 6.44679

8.20978 6.44679
8.2785 7.18958

8.2785 7.18958
8.32333 8.03829

8.32333 8.03829
8.37728 9.18523

8.32333 8.03829
9.11232 8.24051

8.37728 9.18523
9.31114 9.12346

