0.172184 0.475935
0.340718 1.05458

0.172184 0.475935
1.39756 0.128736

0.340718 1.05458
0.38262 2.46697

0.340718 1.05458
1.1608 1.13544

0.38262 2.46697
1.07963 2.06707

1.39756 0.128736
1.1608 1.13544

1.1608 1.13544
1.07963 2.06707

1.1608 1.13544
2.30969 1.03479

1.07963 2.06707
1.2051 3.00387

1.07963 2.06707
2.32374 2.44513

2.22616 0.456692
2.30969 1.03479

2.30969 1.03479
2.32374 2.44513

2.32374 2.44513
3.08137 2.38241

3.36208 0.120584
3.09128 1.13151

3.36208 0.120584
4.18049 0.327787

3.09128 1.13151
3.08137 2.38241

3.08137 2.38241
3.03997 3.11745

3.08137 2.38241
4.31197 2.10586

4.18049 0.327787
4.44612 1.24255

4.18049 0.327787
5.28509 0.0395052

5.28509 0.0395052
6.41564 0.226435

6.41564 0.226435
6.15875 1.10464

