0.173138 1.17551
1.34119 1.1471

0.428373 8.15681
0.426563 9.37229

0.428373 8.15681
1.01085 8.4487

0.426563 9.37229
1.23979 9.43488

1.03982 0.334955
1.34119 1.1471

1.34119 1.1471
1.32675 2.09644

1.34119 1.1471
2.36713 1.30174

1.01085 8.4487
2.12418 8.18858

2.45245 0.0380935
2.36713 1.30174

2.36713 1.30174
2.0503 2.17386

2.36713 1.30174
3.1688 1.2797

2.0503 2.17386
3.15299 2.02735

2.49906 6.23833
2.24343 7.31404

2.49906 6.23833
3.38377 6.03845

2.24343 7.31404
2.12418 8.18858

3.47985 0.213892
4.14868 0.271978

3.1688 1.2797
4.05161 1.34994

3.15299 2.02735
3.09953 3.13732

3.091 5.15949
3.38377 6.03845

3.091 5.15949
4.48413 5.11273

4.14868 0.271978
4.05161 1.34994

4.14868 0.271978
5.42623 0.243932

4.18516 2.03512
4.24283 3.45295

4.18516 2.03512
5.42939 2.03628

4.24283 3.45295
5.26674 3.22925

4.48413 5.11273
5.24466 5.4205

5.42623 0.243932
5.292 1.38359

5.292 1.38359
5.42939 2.03628

5.26674 3.22925
5.07267 4.11887

5.07267 4.11887
5.24466 5.4205

5.24466 5.4205
5.31806 6.33851

5.31806 6.33851
5.3493 7.08681

5.3493 7.08681
5.47036 8.23581

5.47036 8.23581
6.00542 8.19184

6.00542 8.19184
7.32183 8.47279

7.28142 7.05455
8.49923 7.04816

7.32183 8.47279
8.44943 8.21822

8.31969 6.0425
8.49923 7.04816

8.49923 7.04816
8.44943 8.21822

