0.204737 5.07989
0.34212 6.40656

0.34212 6.40656
0.00534395 7.19936

0.00534395 7.19936
0.282535 8.1417

0.282535 8.1417
0.379125 9.08494

0.282535 8.1417
1.33997 8.29063

0.379125 9.08494
1.26171 9.49993

1.41373 6.41894
1.20816 7.15346

1.20816 7.15346
1.33997 8.29063

1.33997 8.29063
1.26171 9.49993

1.26171 9.49993
2.10041 9.40796

2.42286 7.07591
2.36119 8.2545

2.42286 7.07591
3.19172 7.06453

2.10041 9.40796
3.31158 9.44452

3.00916 5.02699
3.40601 6.36469

3.00916 5.02699
4.06523 5.19548

3.40601 6.36469
3.19172 7.06453

3.40601 6.36469
4.47096 6.20883

3.19172 7.06453
3.33998 8.07759

3.33998 8.07759
3.31158 9.44452

4.06523 5.19548
5.14428 5.14615

