4.17971 0.198319
4.3385 1.47328

4.3385 1.47328
4.03015 2.46111

4.3385 1.47328
5.08105 1.23632

4.03015 2.46111
5.18147 2.20711

4.21495 4.01709
5.45706 4.22461

5.18147 2.20711
6.34679 2.47387

5.48195 3.06028
5.45706 4.22461

5.45706 4.22461
6.00503 4.47935

6.48379 0.422397
7.2984 0.361019

6.34679 2.47387
6.36359 3.14853

6.34679 2.47387
7.31003 2.42498

6.36359 3.14853
6.00503 4.47935

6.36359 3.14853
7.10977 3.4614

7.2984 0.361019
7.46154 1.08144

7.46154 1.08144
7.31003 2.42498

7.31003 2.42498
7.10977 3.4614

7.10977 3.4614
8.48168 3.19998

8.11157 2.33966
8.48168 3.19998

8.48168 3.19998
9.44822 3.16204

8.22936 4.27787
9.21341 4.27929

9.44822 3.16204
9.21341 4.27929

