0.0867924 4.26643
0.317145 5.15592

0.0867924 4.26643
1.10894 4.27028

0.317145 5.15592
0.242264 6.04342

0.317145 5.15592
1.15084 5.38996

1.15084 5.38996
1.45876 6.06167

1.15084 5.38996
2.43753 5.0256

1.45876 6.06167
2.04005 6.30454

2.4573 3.24214
2.3037 4.18179

2.3037 4.18179
2.43753 5.0256

2.3037 4.18179
3.35433 4.16377

2.43753 5.0256
2.04005 6.30454

2.43753 5.0256
3.35415 5.21277

2.04005 6.30454
2.15626 7.10497

2.04005 6.30454
3.29944 6.42734

3.02537 3.23526
3.35433 4.16377

3.35433 4.16377
3.35415 5.21277

3.35433 4.16377
4.442 4.0765

3.35415 5.21277
3.29944 6.42734

4.442 4.0765
4.09457 5.40809

