6.23526 4.2542
7.44425 4.38306

7.33247 2.04014
8.35085 2.00659

7.48305 3.37227
7.44425 4.38306

7.48305 3.37227
8.2774 3.17194

7.44425 4.38306
7.02556 5.35464

7.44425 4.38306
8.20984 4.14925

7.02556 5.35464
8.19676 5.18173

8.35085 2.00659
9.05027 2.36743

8.2774 3.17194
8.20984 4.14925

8.2774 3.17194
9.35158 3.02729

8.20984 4.14925
8.19676 5.18173

8.19676 5.18173
8.28918 6.32127

8.19676 5.18173
9.39867 5.08137

8.28918 6.32127
8.12848 7.08966

8.28918 6.32127
9.04169 6.49704

9.05027 2.36743
9.35158 3.02729

9.35158 3.02729
9.49706 4.24583

