0.155205 3.08797
1.24487 3.28801

1.2904 0.212797
1.07694 1.33785

1.2904 0.212797
2.36002 0.0923573

1.24487 3.28801
2.41177 3.42984

2.36002 0.0923573
3.43973 0.410979

2.09109 2.15919
2.41177 3.42984

2.41177 3.42984
2.41342 4.0061

2.41177 3.42984
3.19109 3.37245

3.43973 0.410979
3.39523 1.43098

3.43973 0.410979
4.08522 0.237251

3.39523 1.43098
3.19926 2.23296

3.39523 1.43098
4.21316 1.48727

3.19926 2.23296
3.19109 3.37245

3.19926 2.23296
4.22141 2.46772

3.19109 3.37245
3.16858 4.45663

3.19109 3.37245
4.20266 3.03269

4.08522 0.237251
4.21316 1.48727

4.08522 0.237251
5.03248 0.173174

4.21316 1.48727
4.22141 2.46772

4.21316 1.48727
5.23521 1.32608

4.22141 2.46772
4.20266 3.03269

4.22141 2.46772
5.33423 2.24864

4.20266 3.03269
4.24093 4.15251

4.20266 3.03269
5.48968 3.36011

4.24093 4.15251
5.17991 4.23305

5.03248 0.173174
5.23521 1.32608

5.23521 1.32608
5.33423 2.24864

5.23521 1.32608
6.46676 1.23958

5.33423 2.24864
5.48968 3.36011

5.33423 2.24864
6.41677 2.11098

