0.437893 3.20431
0.256356 4.01335

0.256356 4.01335
0.427524 5.06819

0.256356 4.01335
1.234 4.20701

1.31789 3.05187
2.00369 3.26552

1.234 4.20701
2.38892 4.18498

2.00369 3.26552
2.38892 4.18498

2.38892 4.18498
2.41461 5.43182

2.41461 5.43182
2.29466 6.31909

2.29466 6.31909
2.45985 7.19727

2.45985 7.19727
3.03629 7.03374

3.03629 7.03374
3.00798 8.44523

3.03629 7.03374
4.05757 7.16659

3.00798 8.44523
4.37206 8.47319

3.34614 9.27608
4.01688 9.47945

4.37206 8.47319
4.01688 9.47945

4.01688 9.47945
5.06327 9.0394

