0.364304 1.3938
0.255262 2.47863

0.364304 1.3938
1.34545 1.37345

0.255262 2.47863
0.143241 3.44842

0.255262 2.47863
1.02987 2.15448

1.34545 1.37345
2.1889 1.12614

1.02987 2.15448
2.27164 2.01962

2.05275 0.179886
2.1889 1.12614

2.1889 1.12614
3.05536 1.11073

2.27164 2.01962
2.40296 3.09829

2.40296 3.09829
2.43991 4.43047

2.40296 3.09829
3.30705 3.2122

2.15563 5.49707
3.48385 5.27908

3.22215 0.23741
3.05536 1.11073

3.22215 0.23741
4.1774 0.247739

3.05536 1.11073
3.36018 2.48853

3.36018 2.48853
3.30705 3.2122

3.30705 3.2122
3.10303 4.32198

3.30705 3.2122
4.38738 3.27662

3.10303 4.32198
3.48385 5.27908

3.10303 4.32198
4.39042 4.44294

4.1774 0.247739
4.04975 1.19516

4.18583 2.16533
4.38738 3.27662

4.18583 2.16533
5.21732 2.4282

5.33028 1.37631
6.36517 1.03678

5.21732 2.4282
6.36223 2.22873

6.36517 1.03678
6.36223 2.22873

6.36223 2.22873
6.32586 3.15212

