0.427648 6.03947
1.05314 6.30495

1.06151 4.28621
1.06855 5.04742

1.06855 5.04742
1.05314 6.30495

1.05314 6.30495
2.0393 6.32327

2.0393 6.32327
3.37733 6.46564

3.21658 4.44748
4.34472 4.40775

3.39964 5.13391
3.37733 6.46564

3.37733 6.46564
4.26478 6.1342

4.15521 2.34079
4.04035 3.45321

4.04035 3.45321
5.29786 3.33654

4.34472 4.40775
4.06954 5.40172

4.34472 4.40775
5.19995 4.08341

4.06954 5.40172
4.26478 6.1342

4.26478 6.1342
5.46886 6.07638

5.29786 3.33654
5.19995 4.08341

5.19995 4.08341
6.0449 4.45067

5.14662 5.09252
5.46886 6.07638

6.32038 3.35051
6.0449 4.45067

