5.25301 4.17268
6.1774 4.17437

6.23494 0.349634
6.02694 1.14337

6.23494 0.349634
7.14093 0.162326

6.02694 1.14337
6.29866 2.02083

6.02694 1.14337
7.15813 1.23664

6.29866 2.02083
6.11273 3.05096

6.11273 3.05096
7.46547 3.19583

6.1774 4.17437
6.03724 5.34574

6.1774 4.17437
7.35522 4.31148

6.03724 5.34574
6.3585 6.13381

6.3585 6.13381
7.49085 6.17791

7.22725 2.11264
7.46547 3.19583

7.46547 3.19583
7.35522 4.31148

7.35522 4.31148
8.04296 4.09574

8.04296 4.09574
9.2895 4.48214

8.41442 5.45527
9.12585 5.28864

9.2895 4.48214
9.12585 5.28864

