5.46462 4.10164
5.07865 5.46405

5.07865 5.46405
6.10985 5.09816

5.12592 9.47024
6.19628 9.23644

6.10985 5.09816
6.48866 6.10495

6.10985 5.09816
7.10603 5.45814

6.48866 6.10495
6.11285 7.3721

6.48866 6.10495
7.3646 6.38466

6.11285 7.3721
6.24525 8.10238

6.11285 7.3721
7.03538 7.02003

6.24525 8.10238
6.19628 9.23644

6.24525 8.10238
7.34895 8.16204

6.19628 9.23644
7.24038 9.2685

7.10603 5.45814
7.3646 6.38466

7.10603 5.45814
8.19134 5.02456

7.3646 6.38466
7.03538 7.02003

7.3646 6.38466
8.37844 6.16188

7.03538 7.02003
7.34895 8.16204

7.34895 8.16204
7.24038 9.2685

7.34895 8.16204
8.277 8.48668

8.19134 5.02456
9.30375 5.08586

8.37844 6.16188
9.46801 6.36014

8.13367 7.01809
8.277 8.48668

8.13367 7.01809
9.01224 7.16237

8.277 8.48668
8.07257 9.3277

8.07257 9.3277
9.09455 9.45178

9.30375 5.08586
9.46801 6.36014

9.46801 6.36014
9.01224 7.16237

9.01224 7.16237
9.08672 8.36309

9.08672 8.36309
9.09455 9.45178

