0.0501652 0.0127548
0.452437 1.34551
0.272097 2.1685
0.213177 3.18491
0.467325 4.26105
0.479565 5.25916
0.470714 6.04414
0.282527 7.03166
0.430867 8.42212
0.203982 9.04873
1.40581 0.414103
1.37364 1.37484
1.37529 2.19032
1.36902 3.01229
1.46724 4.17538
1.44857 5.29214
1.34206 6.00623
1.0587 7.44098
1.41912 8.17182
1.30596 9.0054
2.24192 0.0439321
2.40649 1.4312
2.45689 2.37891
2.05346 3.05173
2.36084 4.44769
2.35522 5.21321
2.23517 6.20536
2.49697 7.22585
2.36845 8.22011
2.37364 9.35539
3.12611 0.348931
3.43955 1.29497
3.46121 2.01166
3.3499 3.07752
3.26575 4.08249
3.1504 5.00488
3.13862 6.08638
3.08492 7.43578
3.19664 8.33997
3.00683 9.1661
4.01684 0.110946
4.12344 1.46263
4.17874 2.47346
4.35499 3.07555
4.48281 4.22257
4.29745 5.07482
4.11764 6.26657
4.30246 7.21144
4.34018 8.42628
4.23391 9.08622
5.3212 0.446889
5.32229 1.28524
5.25577 2.28184
5.16846 3.4802
5.30857 4.48951
5.23664 5.1861
5.0555 6.23684
5.33154 7.00472
5.16858 8.3146
5.3068 9.37196
6.28237 0.499625
6.14047 1.34155
6.17021 2.34882
6.15416 3.01028
6.16528 4.13268
6.02783 5.39032
6.30853 6.39492
6.4619 7.35803
6.25165 8.35729
6.31512 9.46372
7.48808 0.0051148
7.25467 1.11654
7.03437 2.10685
7.33343 3.45998
7.49243 4.43858
7.13393 5.29479
7.34657 6.43627
7.42985 7.18594
7.34534 8.158
7.45717 9.3281
8.21626 0.192317
8.10401 1.32367
8.0591 2.36492
8.48855 3.32022
8.26869 4.264
8.24972 5.04557
8.20902 6.37408
8.15468 7.08072
8.09186 8.14676
8.4729 9.21897
9.01732 0.231322
9.42496 1.10553
9.26616 2.12033
9.18174 3.17668
9.28821 4.15717
9.47973 5.18775
9.35949 6.0836
9.20357 7.28541
9.45843 8.06297
9.00146 9.00187
