0.153144 0.106272
0.182706 1.38106
0.284416 2.27107
0.357349 3.42262
0.290515 4.35538
0.00619153 5.03603
0.489356 6.19909
0.424451 7.39961
0.284247 8.45443
0.0645737 9.317
1.49244 0.150444
1.47773 1.24179
1.09523 2.25679
1.24296 3.33602
1.06629 4.33329
1.31239 5.25074
1.48986 6.05449
1.01944 7.29126
1.26592 8.35926
1.12094 9.29222
2.12391 0.159067
2.4089 1.07893
2.03447 2.02779
2.17302 3.21196
2.20328 4.17044
2.39027 5.33954
2.2853 6.04583
2.05268 7.39638
2.40276 8.47719
2.48047 9.09621
3.34149 0.209571
3.44116 1.05275
3.44466 2.19663
3.36406 3.1035
3.04305 4.3173
3.41584 5.43629
3.03752 6.39146
3.38218 7.25503
3.48257 8.29716
3.4845 9.41214
4.04288 0.33497
4.31922 1.18217
4.31538 2.14247
4.07445 3.36055
4.2602 4.3733
4.47858 5.27762
4.31152 6.20747
4.0443 7.33304
4.47203 8.11941
4.07367 9.45488
5.30464 0.155792
5.4223 1.09343
5.35204 2.31867
5.27809 3.06339
5.31191 4.35074
5.28157 5.01707
5.26972 6.0008
5.00854 7.11245
5.18049 8.46703
5.1162 9.16166
6.48659 0.445738
6.00142 1.37727
6.39249 2.24655
6.48298 3.31036
6.1309 4.03229
6.38164 5.24706
6.4521 6.0654
6.41898 7.10141
6.3621 8.38864
6.03425 9.04023
7.43391 0.13109
7.39109 1.0715
7.20419 2.2529
7.46704 3.39687
7.15226 4.49498
7.07223 5.25012
7.25653 6.35439
7.03419 7.45461
7.36341 8.37579
7.25999 9.28226
8.16592 0.241879
8.44148 1.45411
8.06796 2.13446
8.15297 3.38948
8.27854 4.24742
8.40444 5.18232
8.37548 6.38031
8.02846 7.32978
8.40427 8.42203
8.30777 9.00919
9.3272 0.0442063
9.07486 1.21988
9.16849 2.29274
9.26986 3.46233
9.25803 4.25012
9.24841 5.22822
9.11414 6.30514
9.3327 7.0539
9.48751 8.25275
9.41269 9.37162
