3.04903 4.25435
3.36874 5.36248

3.36874 5.36248
4.46267 5.48353

4.1851 2.3701
5.01284 2.06951

4.46267 5.48353
5.34454 5.15003

5.01284 2.06951
6.18684 2.39142

5.34454 5.15003
6.39987 5.46299

6.18684 2.39142
6.27255 3.19721

6.27255 3.19721
7.05394 3.34813

6.39987 5.46299
7.31557 5.05226

7.42233 2.21558
8.01666 2.49523

7.05394 3.34813
7.40941 4.30954

7.40941 4.30954
7.31557 5.05226

7.40941 4.30954
8.2889 4.40761

7.38744 6.31908
7.00964 7.21807

7.38744 6.31908
8.35497 6.17505

7.28857 8.03023
8.31092 8.39316

8.33014 0.399354
9.45427 0.431968

8.38909 1.27363
8.01666 2.49523

8.38909 1.27363
9.27759 1.4873

8.17471 3.12109
9.45132 3.3789

8.2889 4.40761
8.38987 5.47192

8.2889 4.40761
9.41942 4.18984

8.38987 5.47192
8.35497 6.17505

8.35497 6.17505
8.21421 7.20301

8.35497 6.17505
9.05771 6.34477

8.21421 7.20301
9.37326 7.03334

8.31092 8.39316
9.15504 8.08959

8.13783 9.4832
9.34902 9.33244

9.45427 0.431968
9.27759 1.4873

9.27759 1.4873
9.49738 2.05319

9.49738 2.05319
9.45132 3.3789

9.45132 3.3789
9.41942 4.18984

9.17529 5.48191
9.05771 6.34477

9.05771 6.34477
9.37326 7.03334

9.37326 7.03334
9.15504 8.08959

9.15504 8.08959
9.34902 9.33244

