1.44668 1.34883
2.33825 1.12623

2.33825 1.12623
3.43928 1.14282

2.12271 2.43732
3.47812 2.2221

2.45028 3.28118
3.21802 3.48976

3.34411 0.0330363
3.43928 1.14282

3.34411 0.0330363
4.06393 0.446707

3.43928 1.14282
3.47812 2.2221

3.43928 1.14282
4.08199 1.18436

3.47812 2.2221
3.21802 3.48976

3.47812 2.2221
4.21426 2.13937

4.06393 0.446707
4.08199 1.18436

4.06393 0.446707
5.11398 0.0980676

4.08199 1.18436
4.21426 2.13937

4.08199 1.18436
5.10377 1.17623

4.21426 2.13937
4.15211 3.06614

