5.44305 4.03529
5.34259 5.30589

5.34259 5.30589
6.32188 5.1098

5.24284 6.3174
6.24771 6.07529

6.32586 3.15212
6.28356 4.06957

6.32586 3.15212
7.25042 3.06642

6.28356 4.06957
6.32188 5.1098

6.28356 4.06957
7.00832 4.31597

6.32188 5.1098
7.12531 5.34412

6.24771 6.07529
7.16095 6.34271

7.34395 2.29575
7.25042 3.06642

7.25042 3.06642
7.00832 4.31597

7.25042 3.06642
8.21672 3.23102

7.00832 4.31597
7.12531 5.34412

7.00832 4.31597
8.23878 4.30414

7.12531 5.34412
8.08832 5.45755

7.16095 6.34271
8.11904 6.06674

8.13982 2.45695
8.21672 3.23102

8.21672 3.23102
8.23878 4.30414

8.21672 3.23102
9.30786 3.00297

8.23878 4.30414
8.08832 5.45755

8.23878 4.30414
9.27935 4.23327

8.08832 5.45755
8.11904 6.06674

8.11904 6.06674
8.05235 7.12762

8.11904 6.06674
9.48341 6.01697

