0.0511194 0.243706
0.223642 1.17524
0.209506 2.33777
0.47346 3.2959
0.294247 4.11491
0.0834704 5.47819
0.0877944 6.13074
0.189325 7.31893
0.138393 8.37575
0.0478713 9.33833
1.22958 0.0703646
1.09951 1.33746
1.27604 2.28565
1.22095 3.35315
1.2807 4.33992
1.18895 5.42759
1.39586 6.33469
1.14342 7.03007
1.34138 8.40492
1.30704 9.2321
2.46339 0.0139473
2.36579 1.0772
2.13997 2.19983
2.16785 3.08191
2.35979 4.47146
2.19324 5.13627
2.00387 6.41122
2.01512 7.25234
2.38333 8.00985
2.24052 9.33848
3.32371 0.0836925
3.4443 1.41151
3.08704 2.05583
3.27611 3.42497
3.171 4.47306
3.39905 5.38978
3.04183 6.19458
3.30421 7.1841
3.4016 8.20744
3.32556 9.13178
4.03866 0.0872834
4.03865 1.00081
4.22165 2.46972
4.00057 3.00657
4.04037 4.47992
4.08043 5.09911
4.38585 6.02764
4.31134 7.3997
4.05686 8.2069
4.37767 9.15506
5.40974 0.372076
5.23412 1.284
5.26582 2.35616
5.12007 3.41142
5.00974 4.12434
5.38821 5.08684
5.41723 6.36617
5.08005 7.15733
5.22087 8.3701
5.4996 9.45608
6.42329 0.289372
6.30164 1.37897
6.40552 2.39154
6.35469 3.32112
6.17354 4.30918
6.23357 5.27804
6.22693 6.22294
6.35242 7.4124
6.34617 8.02321
6.00098 9.17927
7.01544 0.425325
7.43172 1.2344
7.18287 2.28221
7.28596 3.42505
7.4713 4.44684
7.20879 5.44935
7.15616 6.40113
7.32635 7.31085
7.04246 8.26028
7.45302 9.33989
8.04981 0.156996
8.25096 1.47531
8.38767 2.22675
8.23607 3.4964
8.14095 4.49299
8.45793 5.40321
8.21586 6.07078
8.06189 7.46623
8.05452 8.18124
8.23529 9.30402
9.13616 0.122322
9.00171 1.0262
9.44937 2.47911
9.42864 3.19375
9.01291 4.41618
9.33752 5.27499
9.32164 6.27922
9.18804 7.20197
9.16606 8.42499
9.26507 9.06049
