0.372312 3.13922
0.284266 4.49483

0.284266 4.49483
0.286775 5.04763

0.286775 5.04763
0.0690869 6.34677

0.0690869 6.34677
0.454598 7.44465

0.0690869 6.34677
1.38176 6.14514

0.454598 7.44465
0.142963 8.08758

0.454598 7.44465
1.21719 7.06191

0.142963 8.08758
0.0975591 9.04096

0.142963 8.08758
1.28614 8.11898

0.0975591 9.04096
1.19965 9.15447

1.24789 5.20765
1.38176 6.14514

1.38176 6.14514
1.21719 7.06191

1.38176 6.14514
2.24314 6.41862

1.21719 7.06191
1.28614 8.11898

1.21719 7.06191
2.20894 7.31475

1.28614 8.11898
1.19965 9.15447

1.28614 8.11898
2.11622 8.35664

1.19965 9.15447
2.40234 9.08282

2.24314 6.41862
2.20894 7.31475

2.20894 7.31475
2.11622 8.35664

2.20894 7.31475
3.03671 7.07705

2.11622 8.35664
2.40234 9.08282

2.11622 8.35664
3.31673 8.34136

2.40234 9.08282
3.20536 9.40421

3.03671 7.07705
3.31673 8.34136

3.31673 8.34136
3.20536 9.40421

3.31673 8.34136
4.10014 8.49077

3.20536 9.40421
4.27757 9.3377

4.03625 7.05479
4.10014 8.49077

4.03625 7.05479
5.49275 7.24498

4.10014 8.49077
4.27757 9.3377

4.10014 8.49077
5.17545 8.3294

4.27757 9.3377
5.00798 9.4842

5.00069 5.4337
5.45645 6.22567

5.45645 6.22567
5.49275 7.24498

5.49275 7.24498
5.17545 8.3294

5.17545 8.3294
5.00798 9.4842

5.00798 9.4842
6.49536 9.13799

