0.0473835 0.304167
0.400797 1.1034

0.0473835 0.304167
1.00842 0.10705

0.400797 1.1034
0.325014 2.3515

0.325014 2.3515
0.213619 3.31996

0.431644 4.00341
1.19982 4.06147

1.00842 0.10705
1.41417 1.11195

1.00842 0.10705
2.10925 0.170247

1.41417 1.11195
1.1922 2.18522

1.1922 2.18522
1.36911 3.19145

1.36911 3.19145
1.19982 4.06147

1.19982 4.06147
2.46686 4.4652

2.10925 0.170247
2.44921 1.37321

2.10925 0.170247
3.07268 0.33407

2.12299 3.42207
2.46686 4.4652

2.46686 4.4652
3.42256 4.00305

