1.27941 0.0666893
1.31416 1.20857

1.31416 1.20857
1.28675 2.03802

1.28675 2.03802
1.09013 3.34301

1.28675 2.03802
2.42617 2.35333

1.09013 3.34301
2.07566 3.14693

2.2167 0.010821
2.25609 1.2578

2.25609 1.2578
3.46989 1.21465

2.42617 2.35333
2.07566 3.14693

2.42617 2.35333
3.24929 2.18784

3.46989 1.21465
4.4713 1.48389

3.24929 2.18784
4.1851 2.3701

4.25262 0.053966
4.4713 1.48389

4.4713 1.48389
4.1851 2.3701

4.4713 1.48389
5.46035 1.35904

4.1851 2.3701
4.34143 3.48891

4.08288 4.43251
5.07917 4.29493

5.46035 1.35904
5.01284 2.06951

5.46035 1.35904
6.16792 1.38344

5.01284 2.06951
5.15358 3.23321

5.15358 3.23321
5.07917 4.29493

5.15358 3.23321
6.27255 3.19721

6.12262 0.100158
7.05389 0.24068

6.16792 1.38344
6.18684 2.39142

6.18684 2.39142
7.42233 2.21558

7.05389 0.24068
8.33014 0.399354

7.24485 1.13438
7.42233 2.21558

7.24485 1.13438
8.38909 1.27363

7.42233 2.21558
7.05394 3.34813

7.05394 3.34813
8.17471 3.12109

8.33014 0.399354
8.38909 1.27363

8.01666 2.49523
8.17471 3.12109

8.01666 2.49523
9.49738 2.05319

8.17471 3.12109
8.2889 4.40761

