0.471786 0.396444
0.15689 1.45419

0.471786 0.396444
1.27941 0.0666893

0.15689 1.45419
0.169665 2.35957

0.15689 1.45419
1.31416 1.20857

0.169665 2.35957
0.432775 3.12784

0.169665 2.35957
1.28675 2.03802

0.432775 3.12784
1.09013 3.34301

0.473497 8.0732
0.473006 9.07897

0.473497 8.0732
1.39351 8.28196

1.27941 0.0666893
2.2167 0.010821

1.31416 1.20857
2.25609 1.2578

1.09013 3.34301
1.23403 4.45286

1.23403 4.45286
1.45822 5.25402

1.23403 4.45286
2.25449 4.15486

1.45822 5.25402
1.12793 6.33035

1.45822 5.25402
2.1369 5.36623

1.12793 6.33035
1.13211 7.13357

1.13211 7.13357
2.07595 7.16623

1.39351 8.28196
2.074 8.06729

2.2167 0.010821
3.13024 0.467172

2.25609 1.2578
2.42617 2.35333

2.07566 3.14693
2.25449 4.15486

2.25449 4.15486
3.04903 4.25435

2.1369 5.36623
3.36874 5.36248

2.07595 7.16623
2.074 8.06729

2.074 8.06729
3.0163 8.47086

