1.37003 0.434919
1.41505 1.4488

1.41505 1.4488
1.18802 2.06819

1.41505 1.4488
2.28977 1.4546

1.18802 2.06819
2.27825 2.04689

1.48481 3.43227
2.4598 3.44751

2.35016 0.389508
2.28977 1.4546

2.28977 1.4546
2.27825 2.04689

2.27825 2.04689
2.4598 3.44751

2.27825 2.04689
3.37409 2.2227

2.4598 3.44751
3.00728 3.01519

3.20387 1.33385
3.37409 2.2227

3.37409 2.2227
3.00728 3.01519

3.00728 3.01519
4.00725 3.1212

4.36152 2.35082
4.00725 3.1212

4.00725 3.1212
4.36126 4.23261

4.00725 3.1212
5.072 3.47656

5.49094 1.11205
5.1359 2.27333

5.1359 2.27333
5.072 3.47656

