0.0771504 0.23326
1.36222 0.235353

1.36222 0.235353
1.22495 1.19851

1.36222 0.235353
2.41819 0.114859

1.35703 3.11057
1.07248 4.23935

1.35703 3.11057
2.20892 3.07191

2.41819 0.114859
2.09414 1.3077

2.09414 1.3077
2.24941 2.03457

2.09414 1.3077
3.21567 1.47584

2.24941 2.03457
2.20892 3.07191

2.24941 2.03457
3.19587 2.01782

2.20892 3.07191
3.45152 3.0751

3.20908 0.37193
3.21567 1.47584

3.21567 1.47584
3.19587 2.01782

3.19587 2.01782
3.45152 3.0751

3.19587 2.01782
4.23685 2.18195

3.45152 3.0751
4.31664 3.26905

4.25792 1.0409
4.23685 2.18195

4.23685 2.18195
4.31664 3.26905

4.23685 2.18195
5.24379 2.24353

4.31664 3.26905
4.19091 4.11233

5.38381 0.211665
6.04236 0.26852

5.24379 2.24353
5.1364 3.1224

5.24379 2.24353
6.49348 2.08311

5.1364 3.1224
6.11698 3.04009

6.04236 0.26852
7.15318 0.154991

6.28985 1.40828
7.30147 1.31787

6.49348 2.08311
6.11698 3.04009

6.49348 2.08311
7.43324 2.37059

6.11698 3.04009
7.38201 3.07202

7.15318 0.154991
7.30147 1.31787

7.15318 0.154991
8.09233 0.48804

7.30147 1.31787
7.43324 2.37059

7.43324 2.37059
8.15386 2.25826

8.09233 0.48804
8.47903 1.08174

8.09233 0.48804
9.0569 0.0593871

8.47903 1.08174
9.31778 1.14627

9.0569 0.0593871
9.31778 1.14627

