0.127151 0.405553
0.240948 1.00251

0.127151 0.405553
1.31867 0.164701

0.240948 1.00251
0.181133 2.20466

0.240948 1.00251
1.33706 1.3619

0.181133 2.20466
0.372312 3.13922

0.181133 2.20466
1.44107 2.42181

0.372312 3.13922
1.22827 3.49393

0.284266 4.49483
1.49942 4.46477

0.286775 5.04763
1.24789 5.20765

1.31867 0.164701
1.33706 1.3619

1.31867 0.164701
2.45514 0.230666

1.33706 1.3619
1.44107 2.42181

1.33706 1.3619
2.3011 1.13644

1.44107 2.42181
1.22827 3.49393

1.44107 2.42181
2.2699 2.35751

1.22827 3.49393
1.49942 4.46477

1.22827 3.49393
2.45227 3.41405

1.49942 4.46477
1.24789 5.20765

1.49942 4.46477
2.12314 4.42456

1.24789 5.20765
2.37822 5.29795

2.45514 0.230666
2.3011 1.13644

2.45514 0.230666
3.48615 0.184023

2.3011 1.13644
2.2699 2.35751

2.3011 1.13644
3.37286 1.15566

2.2699 2.35751
2.45227 3.41405

2.2699 2.35751
3.33719 2.20555

2.45227 3.41405
2.12314 4.42456

2.45227 3.41405
3.41741 3.25277

2.12314 4.42456
2.37822 5.29795

2.12314 4.42456
3.4587 4.02776

2.37822 5.29795
2.24314 6.41862

2.37822 5.29795
3.14212 5.01645

2.24314 6.41862
3.02813 6.33829

3.48615 0.184023
3.37286 1.15566

3.48615 0.184023
4.01043 0.260687

3.37286 1.15566
3.33719 2.20555

3.33719 2.20555
3.41741 3.25277

3.33719 2.20555
4.41905 2.41961

3.41741 3.25277
3.4587 4.02776

3.41741 3.25277
4.07706 3.03879

3.4587 4.02776
3.14212 5.01645

3.4587 4.02776
4.09814 4.035

3.14212 5.01645
3.02813 6.33829

3.14212 5.01645
4.12644 5.28907

3.02813 6.33829
3.03671 7.07705

3.02813 6.33829
4.23271 6.30171

3.03671 7.07705
4.03625 7.05479

4.01043 0.260687
5.00956 0.308789

4.41905 2.41961
4.07706 3.03879

4.09814 4.035
4.12644 5.28907

4.09814 4.035
5.01136 4.38542

4.12644 5.28907
4.23271 6.30171

4.12644 5.28907
5.00069 5.4337

4.23271 6.30171
4.03625 7.05479

4.23271 6.30171
5.45645 6.22567

5.00956 0.308789
6.31382 0.0315519

