0.172184 0.475935
0.340718 1.05458

0.172184 0.475935
1.39756 0.128736

0.340718 1.05458
0.38262 2.46697

0.340718 1.05458
1.1608 1.13544

1.39756 0.128736
1.1608 1.13544

1.1608 1.13544
2.30969 1.03479

1.07963 2.06707
2.32374 2.44513

2.22616 0.456692
2.30969 1.03479

2.30969 1.03479
2.32374 2.44513

2.30969 1.03479
3.09128 1.13151

2.32374 2.44513
3.08137 2.38241

3.36208 0.120584
3.09128 1.13151

3.09128 1.13151
3.08137 2.38241

3.09128 1.13151
4.44612 1.24255

3.08137 2.38241
4.31197 2.10586

4.18049 0.327787
4.44612 1.24255

4.44612 1.24255
4.31197 2.10586

