0.471786 0.396444
0.15689 1.45419
0.169665 2.35957
0.432775 3.12784
0.486016 4.39525
0.170988 5.09565
0.220936 6.13079
0.493275 7.29483
0.473497 8.0732
0.473006 9.07897
1.27941 0.0666893
1.31416 1.20857
1.28675 2.03802
1.09013 3.34301
1.23403 4.45286
1.45822 5.25402
1.12793 6.33035
1.13211 7.13357
1.39351 8.28196
1.41204 9.00774
2.2167 0.010821
2.25609 1.2578
2.42617 2.35333
2.07566 3.14693
2.25449 4.15486
2.1369 5.36623
2.24649 6.05998
2.07595 7.16623
2.074 8.06729
2.41739 9.24161
3.13024 0.467172
3.46989 1.21465
3.24929 2.18784
3.2759 3.02045
3.04903 4.25435
3.36874 5.36248
3.00074 6.11424
3.33549 7.2999
3.0163 8.47086
3.08092 9.04787
4.25262 0.053966
4.4713 1.48389
4.1851 2.3701
4.34143 3.48891
4.08288 4.43251
4.46267 5.48353
4.25946 6.0453
4.39388 7.15289
4.4802 8.40137
4.44791 9.31102
5.02769 0.407789
5.46035 1.35904
5.01284 2.06951
5.15358 3.23321
5.07917 4.29493
5.34454 5.15003
5.43309 6.09358
5.38668 7.41861
5.22074 8.40194
5.00739 9.20832
6.12262 0.100158
6.16792 1.38344
6.18684 2.39142
6.27255 3.19721
6.27337 4.28852
6.39987 5.46299
6.47084 6.39793
6.45932 7.01228
6.25091 8.33786
6.14695 9.49629
7.05389 0.24068
7.24485 1.13438
7.42233 2.21558
7.05394 3.34813
7.40941 4.30954
7.31557 5.05226
7.38744 6.31908
7.00964 7.21807
7.28857 8.03023
7.02435 9.23006
8.33014 0.399354
8.38909 1.27363
8.01666 2.49523
8.17471 3.12109
8.2889 4.40761
8.38987 5.47192
8.35497 6.17505
8.21421 7.20301
8.31092 8.39316
8.13783 9.4832
9.45427 0.431968
9.27759 1.4873
9.49738 2.05319
9.45132 3.3789
9.41942 4.18984
9.17529 5.48191
9.05771 6.34477
9.37326 7.03334
9.15504 8.08959
9.34902 9.33244
