0.286775 5.04763
0.0690869 6.34677

0.0690869 6.34677
0.454598 7.44465

0.0690869 6.34677
1.38176 6.14514

0.454598 7.44465
0.142963 8.08758

0.454598 7.44465
1.21719 7.06191

0.142963 8.08758
0.0975591 9.04096

0.142963 8.08758
1.28614 8.11898

0.0975591 9.04096
1.19965 9.15447

1.38176 6.14514
1.21719 7.06191

1.38176 6.14514
2.24314 6.41862

1.21719 7.06191
1.28614 8.11898

1.21719 7.06191
2.20894 7.31475

1.28614 8.11898
1.19965 9.15447

1.28614 8.11898
2.11622 8.35664

1.19965 9.15447
2.40234 9.08282

2.20894 7.31475
2.11622 8.35664

2.11622 8.35664
2.40234 9.08282

2.11622 8.35664
3.31673 8.34136

2.40234 9.08282
3.20536 9.40421

3.14212 5.01645
3.02813 6.33829

3.14212 5.01645
4.12644 5.28907

3.02813 6.33829
3.03671 7.07705

3.02813 6.33829
4.23271 6.30171

3.03671 7.07705
4.03625 7.05479

3.31673 8.34136
4.10014 8.49077

4.12644 5.28907
5.00069 5.4337

4.23271 6.30171
4.03625 7.05479

4.23271 6.30171
5.45645 6.22567

4.03625 7.05479
4.10014 8.49077

4.03625 7.05479
5.49275 7.24498

4.10014 8.49077
4.27757 9.3377

4.10014 8.49077
5.17545 8.3294

5.49275 7.24498
5.17545 8.3294

5.49275 7.24498
6.21077 7.15707

5.17545 8.3294
5.00798 9.4842

5.17545 8.3294
6.15448 8.01742

5.00798 9.4842
6.49536 9.13799

6.39325 6.13436
6.21077 7.15707

6.39325 6.13436
7.22039 6.49006

6.21077 7.15707
6.15448 8.01742

6.15448 8.01742
6.49536 9.13799

6.15448 8.01742
7.34192 8.38577

6.49536 9.13799
7.42022 9.4425

7.06592 7.41757
7.34192 8.38577

7.06592 7.41757
8.48071 7.48284

7.34192 8.38577
7.42022 9.4425

7.34192 8.38577
8.48457 8.30333

8.48071 7.48284
8.48457 8.30333

