0.169005 0.319148
0.476577 1.3903

0.169005 0.319148
1.25344 0.180388

0.476577 1.3903
0.249207 2.2915

0.476577 1.3903
1.49677 1.28751

1.25344 0.180388
1.49677 1.28751

1.25344 0.180388
2.35888 0.454529

1.49677 1.28751
1.42989 2.16985

1.49677 1.28751
2.40539 1.45502

1.42989 2.16985
1.31789 3.05187

1.42989 2.16985
2.13201 2.01299

2.35888 0.454529
2.40539 1.45502

2.35888 0.454529
3.19942 0.141538

2.40539 1.45502
2.13201 2.01299

2.40539 1.45502
3.28969 1.43554

2.13201 2.01299
2.00369 3.26552

2.13201 2.01299
3.34492 2.14163

3.19942 0.141538
3.28969 1.43554

3.19942 0.141538
4.00011 0.468668

3.28969 1.43554
4.41632 1.23474

4.00011 0.468668
4.41632 1.23474

