0.335774 3.48871
0.03644 4.24435

0.03644 4.24435
0.390726 5.35085

0.390726 5.35085
1.23738 5.01953

1.23738 5.01953
2.47996 5.08349

2.23124 4.13591
2.47996 5.08349

2.47996 5.08349
2.12127 6.32087

2.47996 5.08349
3.08565 5.32089

3.40512 4.45322
3.08565 5.32089

3.40512 4.45322
4.41385 4.30514

3.08565 5.32089
4.3369 5.45897

3.35933 8.38351
4.17487 8.18846

3.21821 9.07309
4.20567 9.32448

4.41385 4.30514
4.3369 5.45897

4.3369 5.45897
4.17536 6.37643

4.3369 5.45897
5.03057 5.43322

4.17536 6.37643
4.35831 7.18522

4.17536 6.37643
5.06513 6.34952

4.35831 7.18522
4.17487 8.18846

4.17487 8.18846
4.20567 9.32448

4.17487 8.18846
5.0163 8.33513

5.29808 4.35406
5.03057 5.43322

5.29808 4.35406
6.46203 4.02517

5.03057 5.43322
5.06513 6.34952

5.03057 5.43322
6.3542 5.14126

6.3542 5.14126
7.24556 5.30507

7.27069 4.16773
7.24556 5.30507

