0.482311 0.348159
0.00939016 1.4266

0.482311 0.348159
1.48176 0.250087

0.00939016 1.4266
0.0801387 2.292

0.00939016 1.4266
1.06294 1.13775

0.0801387 2.292
0.380078 3.42634

0.0801387 2.292
1.12635 2.33402

0.380078 3.42634
0.421648 4.19542

0.380078 3.42634
1.27851 3.2678

1.48176 0.250087
1.06294 1.13775

1.48176 0.250087
2.17066 0.0503209

1.06294 1.13775
1.12635 2.33402

1.06294 1.13775
2.24662 1.47789

1.12635 2.33402
1.27851 3.2678

1.12635 2.33402
2.2321 2.28203

1.27851 3.2678
1.10296 4.40439

1.27851 3.2678
2.45787 3.36101

2.24662 1.47789
2.2321 2.28203

2.24662 1.47789
3.00301 1.31228

