0.052565 0.120564
0.0358567 1.26234
0.133771 2.48823
0.284943 3.40761
0.356168 4.34094
0.387223 5.46687
0.442303 6.4094
1.49684 0.351597
1.44668 1.34883
1.22518 2.31648
1.41851 3.06504
1.24392 4.13658
1.02384 5.0431
1.12705 6.18309
2.04133 0.394959
2.33825 1.12623
2.12271 2.43732
2.45028 3.28118
2.07259 4.40761
2.2018 5.22359
2.46127 6.29651
3.34411 0.0330363
3.43928 1.14282
3.47812 2.2221
3.21802 3.48976
3.11637 4.2486
3.23871 5.42469
3.41187 6.48353
4.06393 0.446707
4.08199 1.18436
4.21426 2.13937
4.15211 3.06614
4.31503 4.28088
4.24227 5.28608
4.13135 6.3558
5.11398 0.0980676
5.10377 1.17623
5.21724 2.31923
5.3929 3.42521
5.30713 4.04239
5.14182 5.05437
5.10098 6.09577
6.17914 0.349397
6.39331 1.35454
6.34102 2.27873
6.31771 3.3747
6.39376 4.49339
6.24837 5.13844
6.43459 6.07997
