0.312829 0.338178
0.307258 1.09849
0.143959 2.18995
0.446667 3.08891
0.43602 4.19313
0.278901 5.45333
0.194614 6.11259
1.43942 0.191723
1.45423 1.21943
1.17443 2.32296
1.01827 3.0702
1.06666 4.27885
1.3895 5.3345
1.22424 6.12067
2.47587 0.385048
2.08414 1.15989
2.13525 2.40651
2.00242 3.40203
2.01851 4.04085
2.13541 5.15663
2.09644 6.03918
3.3951 0.143137
3.18024 1.08583
3.47729 2.20794
3.17253 3.02723
3.16411 4.49411
3.30343 5.36656
3.25379 6.06429
4.25236 0.45097
4.42958 1.18377
4.10206 2.42225
4.2186 3.04817
4.11554 4.00162
4.42265 5.03069
4.27491 6.08943
5.28159 0.106857
5.40302 1.32118
5.01718 2.35639
5.47734 3.0491
5.3609 4.02614
5.04071 5.05289
5.02836 6.122
6.44461 0.00984767
6.28285 1.02653
6.08404 2.12908
6.34782 3.01933
6.0942 4.4023
6.21141 5.49006
6.27526 6.39872
