0.103777 0.0688832
0.473686 1.0675
0.494762 2.08585
0.344729 3.23074
0.0139664 4.26091
0.255418 5.48343
0.0314784 6.45749
0.0511418 7.3466
0.317797 8.11357
0.480647 9.03969
1.29893 0.322083
1.01196 1.02262
1.00774 2.31522
1.07462 3.34584
1.27358 4.032
1.24236 5.12906
1.24701 6.29889
1.32403 7.37629
1.25679 8.24985
1.38784 9.21001
2.01554 0.163387
2.26556 1.15223
2.19374 2.32623
2.35071 3.21158
2.42843 4.37494
2.23694 5.04537
2.09132 6.14591
2.25682 7.15961
2.13455 8.17807
2.18676 9.06535
3.3031 0.382584
3.4835 1.39224
3.08266 2.38679
3.40602 3.4267
3.28058 4.00789
3.13691 5.29414
3.47273 6.44444
3.26577 7.24967
3.27938 8.37176
3.07033 9.48526
4.24713 0.439527
4.17594 1.28287
4.46972 2.34962
4.29888 3.14856
4.10346 4.29327
4.27672 5.43031
4.47937 6.33559
4.17102 7.28252
4.01378 8.17362
4.15881 9.38551
5.45391 0.106122
5.15207 1.40857
5.14292 2.0876
5.00506 3.23139
5.3964 4.34486
5.46328 5.04692
5.14281 6.22681
5.23226 7.16073
5.30881 8.48268
5.11256 9.2963
6.04388 0.49151
6.43229 1.0296
6.10748 2.31371
6.43647 3.05946
6.25024 4.0272
6.20071 5.45812
6.06993 6.25757
6.09868 7.12988
6.24145 8.33878
6.34051 9.18275
7.19788 0.150933
7.26038 1.49032
7.25202 2.30992
7.19106 3.2424
7.32885 4.14689
7.48688 5.41623
7.03677 6.29182
7.02876 7.27986
7.36657 8.35968
7.06074 9.12759
8.01234 0.106165
8.04707 1.27533
8.36021 2.05785
8.24162 3.04671
8.4944 4.10266
8.45295 5.43232
8.35897 6.44182
8.34202 7.47731
8.45645 8.36862
8.26201 9.45391
9.27623 0.296243
9.24642 1.41917
9.40207 2.49848
9.23796 3.25575
9.09972 4.09922
9.3715 5.21623
9.00973 6.17984
9.32933 7.00176
9.0806 8.225
9.46464 9.03943
