2.4158 3.05634
2.12422 4.05788

2.4158 3.05634
3.1093 3.36253

2.12422 4.05788
3.39378 4.1314

2.14065 5.00587
3.14019 5.03538

3.1093 3.36253
3.39378 4.1314

3.39378 4.1314
3.14019 5.03538

3.39378 4.1314
4.21495 4.01709

3.14019 5.03538
3.08961 6.05356

3.14019 5.03538
4.33809 5.20777

3.08961 6.05356
4.03571 6.21806

4.17559 3.00612
4.21495 4.01709

4.17559 3.00612
5.48195 3.06028

4.21495 4.01709
4.33809 5.20777

4.33809 5.20777
4.03571 6.21806

4.33809 5.20777
5.34086 5.47031

4.03571 6.21806
4.4088 7.00247

4.03571 6.21806
5.33533 6.25455

5.48195 3.06028
6.36359 3.14853

5.45706 4.22461
5.34086 5.47031

5.34086 5.47031
5.33533 6.25455

