0.209634 0.43852
0.205754 1.22525

0.209634 0.43852
1.37003 0.434919

0.205754 1.22525
0.274285 2.26871

0.274285 2.26871
0.126296 3.32186

0.126296 3.32186
1.48481 3.43227

0.220744 4.12574
0.0581539 5.08954

0.220744 4.12574
1.24764 4.23753

0.0581539 5.08954
0.0582241 6.46757

0.0582241 6.46757
1.43172 6.28776

1.37003 0.434919
1.41505 1.4488

1.41505 1.4488
2.28977 1.4546

1.48481 3.43227
1.24764 4.23753

1.48481 3.43227
2.4598 3.44751

1.24764 4.23753
1.32309 5.21122

1.32309 5.21122
2.38081 5.38178

2.35016 0.389508
2.28977 1.4546

2.38081 5.38178
2.09534 6.07784

