6.39589 8.45699
6.31483 9.39603

6.31483 9.39603
7.43828 9.03187

7.19796 5.13263
7.48979 6.00388

7.19796 5.13263
8.0547 5.40802

7.48979 6.00388
7.00407 7.33759

7.48979 6.00388
8.3704 6.25083

7.00407 7.33759
7.41842 8.01832

7.00407 7.33759
8.48156 7.12813

7.43828 9.03187
8.45866 9.17228

8.0547 5.40802
8.3704 6.25083

8.3704 6.25083
9.48762 6.243

8.48156 7.12813
8.02217 8.32497

8.48156 7.12813
9.05465 7.09644

8.02217 8.32497
8.45866 9.17228

8.45866 9.17228
9.4928 9.19494

9.41676 5.15364
9.48762 6.243

9.48762 6.243
9.05465 7.09644

9.28804 8.17926
9.4928 9.19494

