0.145369 0.134674
0.174511 1.31202

0.174511 1.31202
0.0318049 2.35647

0.174511 1.31202
1.13876 1.26656

0.0318049 2.35647
0.384624 3.4717

0.0318049 2.35647
1.07771 2.09446

0.384624 3.4717
0.352857 4.00265

0.352857 4.00265
0.408193 5.29422

0.408193 5.29422
0.463056 6.02928

0.408193 5.29422
1.1727 5.27049

0.463056 6.02928
1.44437 6.2503

1.13876 1.26656
2.13498 1.48276

1.07771 2.09446
1.13267 3.26182

1.41655 4.15372
1.1727 5.27049

1.1727 5.27049
1.44437 6.2503

1.1727 5.27049
2.14065 5.00587

1.27417 7.03997
2.11892 7.2451

1.45129 8.12727
1.20735 9.28359

1.45129 8.12727
2.3027 8.10581

2.13498 1.48276
2.0789 2.1121

2.14065 5.00587
2.26165 6.43798

2.26165 6.43798
2.11892 7.2451

2.26165 6.43798
3.08961 6.05356

2.3027 8.10581
3.03036 8.06001

3.08961 6.05356
3.00824 7.09675

3.00824 7.09675
3.03036 8.06001

