0.482311 0.348159
0.00939016 1.4266
0.0801387 2.292
0.380078 3.42634
0.421648 4.19542
0.311394 5.2825
0.0893261 6.02232
1.48176 0.250087
1.06294 1.13775
1.12635 2.33402
1.27851 3.2678
1.10296 4.40439
1.23379 5.40069
1.32445 6.41198
2.17066 0.0503209
2.24662 1.47789
2.2321 2.28203
2.45787 3.36101
2.15233 4.35284
2.12435 5.40459
2.43265 6.33469
3.00274 0.423997
3.00301 1.31228
3.47165 2.15206
3.28585 3.06706
3.20079 4.21
3.11746 5.15801
3.15278 6.32865
4.3157 0.378889
4.07633 1.03513
4.00956 2.13974
4.29937 3.44275
4.12031 4.47686
4.15985 5.37771
4.20472 6.14382
5.3761 0.279857
5.13004 1.12483
5.49225 2.23269
5.11265 3.19606
5.44073 4.25394
5.11281 5.37475
5.09957 6.33326
6.17352 0.168472
6.08199 1.20425
6.17593 2.00187
6.32399 3.4574
6.36047 4.44714
6.10474 5.26521
6.41759 6.33037
