0.478202 0.375811
0.211317 1.0252
0.145607 2.34503
0.257171 3.0228
0.4331 4.45739
0.133577 5.1679
0.346733 6.10738
0.420797 7.34912
0.429538 8.23296
0.193259 9.49529
1.18648 0.248731
1.45079 1.403
1.31589 2.15309
1.40418 3.05744
1.22415 4.18285
1.10692 5.15261
1.31941 6.32111
1.12803 7.09269
1.39629 8.45258
1.39048 9.37312
2.0486 0.183921
2.35413 1.14704
2.42413 2.06675
2.42169 3.06303
2.39121 4.11762
2.37408 5.40479
2.05737 6.3798
2.45241 7.05415
2.40992 8.12153
2.09086 9.03397
3.43805 0.443577
3.35084 1.2314
3.22264 2.4319
3.25443 3.32937
3.23934 4.37772
3.1656 5.43603
3.09732 6.49078
3.09052 7.46431
3.20511 8.03945
3.2897 9.43684
4.16963 0.33239
4.21135 1.33107
4.19226 2.29399
4.10071 3.45054
4.42406 4.24773
4.45369 5.2844
4.28762 6.48322
4.16894 7.09069
4.27805 8.41252
4.32766 9.26563
5.45727 0.400053
5.22105 1.06796
5.21091 2.09697
5.00641 3.25124
5.44925 4.45805
5.01254 5.05092
5.34457 6.29226
5.2381 7.23581
5.25917 8.22912
5.09769 9.25812
6.18624 0.309787
6.40945 1.3355
6.15743 2.15634
6.37166 3.46091
6.311 4.379
6.17891 5.3077
6.37488 6.26054
6.03668 7.29796
6.0764 8.32698
6.3333 9.2175
7.21408 0.0567103
7.4939 1.10721
7.43484 2.4931
7.16299 3.05749
7.02692 4.4432
7.00483 5.28032
7.40534 6.42234
7.25864 7.23705
7.47531 8.21239
7.30067 9.09466
8.1234 0.390798
8.28222 1.14867
8.00569 2.24685
8.10784 3.19813
8.40475 4.00785
8.2513 5.15793
8.05603 6.17769
8.45035 7.21926
8.05228 8.463
8.40104 9.25743
9.02624 0.391477
9.14935 1.47515
9.08216 2.45881
9.06691 3.02775
9.32866 4.45018
9.39725 5.0974
9.34553 6.22702
9.3008 7.16152
9.28122 8.11795
9.31917 9.46387
