0.428414 0.175474
0.39855 1.01059

0.428414 0.175474
1.2904 0.212797

0.39855 1.01059
0.244541 2.40034

0.39855 1.01059
1.07694 1.33785

0.155205 3.08797
1.24487 3.28801

1.2904 0.212797
2.36002 0.0923573

1.07694 1.33785
1.26497 2.37636

1.24487 3.28801
2.41177 3.42984

2.36002 0.0923573
2.40112 1.18875

2.36002 0.0923573
3.43973 0.410979

2.40112 1.18875
2.09109 2.15919

2.09109 2.15919
2.41177 3.42984

2.09109 2.15919
3.19926 2.23296

2.41177 3.42984
3.19109 3.37245

3.39523 1.43098
3.19926 2.23296

3.19926 2.23296
3.19109 3.37245

3.19926 2.23296
4.22141 2.46772

3.19109 3.37245
4.20266 3.03269

4.22141 2.46772
5.33423 2.24864

5.23521 1.32608
5.33423 2.24864

5.33423 2.24864
5.48968 3.36011

5.33423 2.24864
6.41677 2.11098

