4.28762 6.48322
5.34457 6.29226

5.44925 4.45805
5.01254 5.05092

5.01254 5.05092
5.34457 6.29226

5.01254 5.05092
6.17891 5.3077

6.15743 2.15634
6.37166 3.46091

6.15743 2.15634
7.43484 2.4931

6.37166 3.46091
6.311 4.379

6.311 4.379
6.17891 5.3077

6.17891 5.3077
7.00483 5.28032

7.21408 0.0567103
7.4939 1.10721

7.4939 1.10721
7.43484 2.4931

7.43484 2.4931
7.16299 3.05749

7.43484 2.4931
8.00569 2.24685

8.28222 1.14867
8.00569 2.24685

8.00569 2.24685
9.08216 2.45881

8.10784 3.19813
9.06691 3.02775

9.08216 2.45881
9.06691 3.02775

