0.47346 3.2959
0.294247 4.11491

0.294247 4.11491
1.2807 4.33992

0.0834704 5.47819
0.0877944 6.13074

0.0834704 5.47819
1.18895 5.42759

0.0877944 6.13074
1.39586 6.33469

0.189325 7.31893
0.138393 8.37575

0.138393 8.37575
0.0478713 9.33833

0.138393 8.37575
1.34138 8.40492

0.0478713 9.33833
1.30704 9.2321

1.22095 3.35315
1.2807 4.33992

1.2807 4.33992
1.18895 5.42759

1.2807 4.33992
2.35979 4.47146

1.18895 5.42759
1.39586 6.33469

1.18895 5.42759
2.19324 5.13627

1.39586 6.33469
1.14342 7.03007

1.39586 6.33469
2.00387 6.41122

1.14342 7.03007
1.34138 8.40492

1.34138 8.40492
1.30704 9.2321

1.34138 8.40492
2.38333 8.00985

1.30704 9.2321
2.24052 9.33848

2.35979 4.47146
2.19324 5.13627

2.35979 4.47146
3.171 4.47306

2.19324 5.13627
2.00387 6.41122

2.19324 5.13627
3.39905 5.38978

2.00387 6.41122
2.01512 7.25234

2.00387 6.41122
3.04183 6.19458

2.01512 7.25234
2.38333 8.00985

2.38333 8.00985
2.24052 9.33848

2.38333 8.00985
3.4016 8.20744

3.39905 5.38978
3.04183 6.19458

3.39905 5.38978
4.08043 5.09911

3.04183 6.19458
3.30421 7.1841

3.30421 7.1841
3.4016 8.20744

3.30421 7.1841
4.31134 7.3997

3.4016 8.20744
3.32556 9.13178

4.08043 5.09911
4.38585 6.02764

4.38585 6.02764
5.41723 6.36617

5.41723 6.36617
5.08005 7.15733

