1.23379 5.40069
1.32445 6.41198

1.32445 6.41198
2.43265 6.33469

2.12435 5.40459
2.43265 6.33469

2.43265 6.33469
3.15278 6.32865

3.20079 4.21
3.11746 5.15801

3.20079 4.21
4.12031 4.47686

3.11746 5.15801
3.15278 6.32865

3.15278 6.32865
4.20472 6.14382

4.12031 4.47686
4.15985 5.37771

4.12031 4.47686
5.44073 4.25394

4.15985 5.37771
4.20472 6.14382

4.20472 6.14382
5.09957 6.33326

5.11265 3.19606
6.32399 3.4574

5.44073 4.25394
6.36047 4.44714

5.11281 5.37475
5.09957 6.33326

5.09957 6.33326
6.41759 6.33037

6.32399 3.4574
6.36047 4.44714

6.36047 4.44714
6.10474 5.26521

6.10474 5.26521
6.41759 6.33037

