0.190541 0.0816997
0.173138 1.17551

0.173138 1.17551
0.398099 2.00186

0.398099 2.00186
0.044924 3.25252

0.044924 3.25252
0.363562 4.12702

0.363562 4.12702
1.0398 4.3411

0.147395 5.39142
0.120527 6.0066

0.120527 6.0066
1.24074 6.16864

0.4404 7.34636
1.12465 7.03112

0.428373 8.15681
0.426563 9.37229

0.426563 9.37229
1.23979 9.43488

1.0398 4.3411
1.35587 5.25862

1.0398 4.3411
2.36588 4.43185

1.24074 6.16864
2.49906 6.23833

1.12465 7.03112
1.01085 8.4487

1.12465 7.03112
2.24343 7.31404

1.01085 8.4487
1.23979 9.43488

2.36588 4.43185
3.14533 4.09793

2.00822 5.19048
2.49906 6.23833

2.00822 5.19048
3.091 5.15949

2.49906 6.23833
2.24343 7.31404

2.49906 6.23833
3.38377 6.03845

2.24343 7.31404
2.12418 8.18858

2.12418 8.18858
2.29687 9.04317

3.14533 4.09793
3.091 5.15949

3.091 5.15949
3.38377 6.03845

3.091 5.15949
4.48413 5.11273

3.38377 6.03845
3.21454 7.22139

3.21454 7.22139
4.24166 7.06663

4.24283 3.45295
4.06616 4.16203

4.06616 4.16203
4.48413 5.11273

4.48413 5.11273
4.46516 6.02874

4.46516 6.02874
5.31806 6.33851

5.24466 5.4205
6.49247 5.3143

5.31806 6.33851
6.33666 6.22416

5.3493 7.08681
5.47036 8.23581

5.3493 7.08681
6.45051 7.0348

6.49247 5.3143
6.33666 6.22416

6.33666 6.22416
6.45051 7.0348

6.45051 7.0348
7.28142 7.05455

7.28142 7.05455
7.32183 8.47279

