0.347466 0.436972
0.183293 1.38074
0.0263767 2.08369
0.349314 3.33188
0.464084 4.37041
0.397381 5.26341
0.123791 6.34784
1.15773 0.157146
1.05443 1.46541
1.16827 2.27507
1.36841 3.10548
1.42538 4.43514
1.18489 5.2328
1.43355 6.12509
2.05047 0.0265835
2.43949 1.26786
2.26415 2.05332
2.00017 3.43145
2.40663 4.35076
2.49365 5.00648
2.04171 6.01924
3.02348 0.276327
3.41594 1.03631
3.28347 2.42396
3.10786 3.1049
3.40641 4.22128
3.06703 5.22282
3.00023 6.21342
4.14065 0.10181
4.25326 1.43359
4.17281 2.03487
4.12973 3.18844
4.17281 4.2706
4.48877 5.17443
4.08529 6.27804
5.49802 0.155412
5.12142 1.27733
5.41023 2.22988
5.10358 3.27471
5.18395 4.41887
5.34933 5.20861
5.45999 6.00797
6.32037 0.0815136
6.12169 1.47015
6.0699 2.13673
6.37787 3.22748
6.46858 4.08807
6.05567 5.34015
6.43123 6.37033
