0.173962 0.450781
0.182722 1.25986

0.173962 0.450781
1.47953 0.2503

0.182722 1.25986
0.34252 2.25039

0.182722 1.25986
1.33055 1.36191

0.34252 2.25039
0.233374 3.16754

0.34252 2.25039
1.31523 2.09074

0.233374 3.16754
0.453665 4.14376

0.233374 3.16754
1.01008 3.07252

1.47953 0.2503
1.33055 1.36191

1.47953 0.2503
2.41926 0.0185586

1.33055 1.36191
1.31523 2.09074

1.33055 1.36191
2.02755 1.35481

1.31523 2.09074
1.01008 3.07252

1.31523 2.09074
2.08682 2.35771

1.01008 3.07252
2.17428 3.02415

2.41926 0.0185586
2.02755 1.35481

2.41926 0.0185586
3.05341 0.418875

2.02755 1.35481
2.08682 2.35771

2.08682 2.35771
2.17428 3.02415

2.08682 2.35771
3.13537 2.21968

3.05341 0.418875
3.28529 1.27193

3.05341 0.418875
4.14899 0.258188

3.28529 1.27193
3.13537 2.21968

3.13537 2.21968
4.27339 2.37144

4.14899 0.258188
5.2807 0.441347

5.2807 0.441347
6.32962 0.37571

