0.119843 0.418623
1.39206 0.458735

0.119322 1.35574
1.12019 1.24407

1.39206 0.458735
1.12019 1.24407

1.39206 0.458735
2.08746 0.352601

1.12019 1.24407
2.34314 1.06402

2.34314 1.06402
3.17745 1.2923

3.17745 1.2923
4.26915 1.24737

4.49824 0.283402
5.41436 0.44011

4.26915 1.24737
4.15521 2.34079

4.26915 1.24737
5.11167 1.06562

5.41436 0.44011
5.11167 1.06562

5.41436 0.44011
6.25698 0.243248

5.11167 1.06562
5.29541 2.28338

5.11167 1.06562
6.31271 1.2609

5.29541 2.28338
5.29786 3.33654

5.29786 3.33654
6.32038 3.35051

6.25698 0.243248
6.31271 1.2609

6.31271 1.2609
6.15095 2.27131

