0.010873 0.0786813
0.165277 1.43768
0.415997 2.26485
0.193629 3.3676
0.235938 4.03322
0.299419 5.14151
0.338071 6.00865
0.409591 7.44058
0.0454486 8.48797
0.169447 9.27499
1.04968 0.301989
1.09329 1.13144
1.46814 2.25843
1.10604 3.03656
1.28567 4.00102
1.46119 5.40858
1.35663 6.2821
1.26662 7.08797
1.17956 8.31351
1.45754 9.02644
2.33854 0.206441
2.19144 1.41632
2.23854 2.05076
2.22652 3.44417
2.08397 4.15118
2.06144 5.12311
2.15853 6.4181
2.10876 7.44426
2.05145 8.22197
2.40316 9.45894
3.15517 0.463271
3.48748 1.17557
3.0122 2.1706
3.30461 3.039
3.01294 4.23815
3.48877 5.42599
3.49322 6.40888
3.38283 7.10294
3.25798 8.20839
3.1706 9.11569
4.15405 0.218828
4.23455 1.08696
4.40934 2.48898
4.05312 3.48256
4.411 4.3079
4.19165 5.2077
4.36961 6.42926
4.00694 7.22421
4.22198 8.04711
4.21456 9.22706
5.33346 0.431717
5.24204 1.39313
5.12954 2.05919
5.26217 3.49205
5.04158 4.43624
5.43277 5.49708
5.23709 6.28457
5.27155 7.05703
5.26553 8.43458
5.21272 9.32228
6.4079 0.349588
6.13714 1.09333
6.13131 2.30789
6.24825 3.28973
6.49464 4.21633
6.2052 5.32596
6.4531 6.20209
6.49998 7.10692
6.08613 8.49637
6.23455 9.09864
7.40424 0.429721
7.01559 1.24125
7.32411 2.40005
7.19914 3.03733
7.47853 4.47422
7.10996 5.10079
7.29239 6.17829
7.30201 7.47191
7.36158 8.44553
7.05543 9.29738
8.15913 0.356416
8.40436 1.38286
8.11062 2.3021
8.40219 3.19566
8.30002 4.21081
8.11001 5.26507
8.41005 6.08655
8.11082 7.08377
8.10033 8.21138
8.31204 9.2161
9.46841 0.388272
9.11066 1.47137
9.4679 2.15914
9.20976 3.43104
9.33993 4.34006
9.26758 5.40753
9.24421 6.32301
9.35547 7.17441
9.47294 8.18232
9.00236 9.07754
