0.338705 0.19241
0.12936 1.08962
0.469192 2.36433
0.177311 3.34739
0.127266 4.01141
0.00747341 5.20777
0.493617 6.26382
1.22115 0.313165
1.44511 1.14408
1.17259 2.40687
1.23967 3.32522
1.08653 4.2792
1.36952 5.17273
1.17738 6.12108
2.33926 0.311123
2.2199 1.12622
2.47938 2.23808
2.18888 3.00745
2.45687 4.28649
2.47334 5.1909
2.45269 6.45188
3.25579 0.266898
3.31776 1.46188
3.05609 2.19869
3.17244 3.11818
3.24944 4.23108
3.1768 5.10689
3.35777 6.33076
4.42791 0.00694264
4.36288 1.12957
4.45478 2.479
4.44113 3.0356
4.28246 4.06307
4.34958 5.15393
4.47693 6.42632
5.40831 0.284868
5.33284 1.48888
5.20433 2.06775
5.26212 3.07891
5.22069 4.30823
5.05631 5.25194
5.01364 6.47534
6.31217 0.31942
6.23327 1.05114
6.20379 2.28831
6.06466 3.19488
6.17837 4.345
6.0298 5.26447
6.20716 6.08806
