1.24537 2.23078
1.35595 3.131

1.24537 2.23078
2.30382 2.19108

1.21966 4.11828
2.40814 4.29368

2.29548 1.32268
2.30382 2.19108

2.29548 1.32268
3.37406 1.25407

2.30382 2.19108
2.30346 3.19812

2.30382 2.19108
3.08889 2.03597

2.30346 3.19812
2.40814 4.29368

2.40814 4.29368
2.32958 5.08474

2.40814 4.29368
3.0598 4.23559

3.17172 0.444894
3.37406 1.25407

3.37406 1.25407
3.08889 2.03597

3.37406 1.25407
4.25252 1.28044

3.08889 2.03597
3.46343 3.06189

3.0598 4.23559
3.06297 5.39435

3.06297 5.39435
3.14546 6.07286

