2.0336 3.20974
3.03997 3.11745

3.08137 2.38241
3.03997 3.11745

3.03997 3.11745
4.25531 3.47449

4.31197 2.10586
4.25531 3.47449

4.31197 2.10586
5.1804 2.16346

4.25531 3.47449
4.01003 4.40393

4.25531 3.47449
5.42302 3.38833

5.28509 0.0395052
5.2775 1.28667

5.28509 0.0395052
6.41564 0.226435

5.2775 1.28667
6.15875 1.10464

5.1804 2.16346
5.42302 3.38833

5.1804 2.16346
6.11458 2.49762

5.42302 3.38833
5.08442 4.17855

5.08442 4.17855
6.38404 4.06312

6.41564 0.226435
6.15875 1.10464

6.15875 1.10464
6.11458 2.49762

6.11458 2.49762
6.26041 3.23703

