2.24192 0.0439321
2.40649 1.4312

2.24192 0.0439321
3.12611 0.348931

3.12611 0.348931
3.43955 1.29497

3.12611 0.348931
4.01684 0.110946

4.01684 0.110946
4.12344 1.46263

4.01684 0.110946
5.3212 0.446889

5.3212 0.446889
5.32229 1.28524

5.3212 0.446889
6.28237 0.499625

5.32229 1.28524
6.14047 1.34155

6.28237 0.499625
7.48808 0.0051148

6.14047 1.34155
7.25467 1.11654

6.17021 2.34882
6.15416 3.01028

6.17021 2.34882
7.03437 2.10685

6.15416 3.01028
6.16528 4.13268

6.15416 3.01028
7.33343 3.45998

6.16528 4.13268
7.49243 4.43858

7.48808 0.0051148
7.25467 1.11654

7.48808 0.0051148
8.21626 0.192317

7.25467 1.11654
7.03437 2.10685

7.25467 1.11654
8.10401 1.32367

7.03437 2.10685
8.0591 2.36492

7.33343 3.45998
7.49243 4.43858

7.33343 3.45998
8.48855 3.32022

7.49243 4.43858
8.26869 4.264

8.21626 0.192317
8.10401 1.32367

8.21626 0.192317
9.01732 0.231322

8.10401 1.32367
9.42496 1.10553

8.0591 2.36492
8.48855 3.32022

8.0591 2.36492
9.26616 2.12033

8.48855 3.32022
8.26869 4.264

8.26869 4.264
8.24972 5.04557

9.42496 1.10553
9.26616 2.12033

9.26616 2.12033
9.18174 3.17668

