0.401872 6.41231
0.278375 7.19355

0.401872 6.41231
1.34451 6.14824

0.278375 7.19355
0.231412 8.38393

0.231412 8.38393
0.0271254 9.09254

0.231412 8.38393
1.28828 8.00056

0.0271254 9.09254
1.27697 9.46083

1.07248 4.23935
1.40716 5.13816

1.40716 5.13816
2.01716 5.22475

1.27903 7.2337
1.28828 8.00056

1.27903 7.2337
2.21416 7.19237

1.28828 8.00056
1.27697 9.46083

1.28828 8.00056
2.30527 8.14901

1.27697 9.46083
2.12458 9.16465

2.34149 4.02772
2.01716 5.22475

2.01716 5.22475
2.11617 6.26878

2.11617 6.26878
2.21416 7.19237

2.21416 7.19237
2.30527 8.14901

2.21416 7.19237
3.1106 7.38243

2.30527 8.14901
2.12458 9.16465

2.30527 8.14901
3.18242 8.28508

2.12458 9.16465
3.08103 9.45415

3.1106 7.38243
3.18242 8.28508

3.1106 7.38243
4.42789 7.4929

3.18242 8.28508
3.08103 9.45415

3.18242 8.28508
4.37555 8.03504

3.08103 9.45415
4.15857 9.13713

4.26358 6.23875
4.42789 7.4929

4.42789 7.4929
4.37555 8.03504

4.37555 8.03504
4.15857 9.13713

4.37555 8.03504
5.07618 8.08842

4.15857 9.13713
5.12592 9.47024

5.07618 8.08842
6.24525 8.10238

5.12592 9.47024
6.19628 9.23644

6.11285 7.3721
6.24525 8.10238

6.24525 8.10238
6.19628 9.23644

6.24525 8.10238
7.34895 8.16204

6.19628 9.23644
7.24038 9.2685

7.34895 8.16204
7.24038 9.2685

