4.07706 3.03879
4.09814 4.035

4.07706 3.03879
5.22257 3.15166

5.22257 3.15166
5.01136 4.38542

5.01136 4.38542
6.49233 4.06629

6.1583 2.35496
6.43553 3.36721

6.43553 3.36721
6.49233 4.06629

6.43553 3.36721
7.10397 3.08995

6.49233 4.06629
6.4217 5.07677

6.49233 4.06629
7.35683 4.27473

6.4217 5.07677
6.39325 6.13436

6.39325 6.13436
7.22039 6.49006

7.21109 1.11723
7.19157 2.09575

7.19157 2.09575
7.10397 3.08995

7.10397 3.08995
7.35683 4.27473

7.10397 3.08995
8.19849 3.172

7.35683 4.27473
7.11037 5.42416

7.35683 4.27473
8.03148 4.27701

8.19849 3.172
9.45888 3.17466

8.03148 4.27701
9.16323 4.49017

9.36564 1.37813
9.18131 2.2279

9.18131 2.2279
9.45888 3.17466

