0.0187336 0.0103241
0.364304 1.3938
0.255262 2.47863
0.143241 3.44842
0.123908 4.2295
0.246974 5.41695
0.161469 6.33735
0.0586961 7.06947
0.332194 8.32881
0.499373 9.43007
1.48425 0.00371314
1.34545 1.37345
1.02987 2.15448
1.39786 3.4034
1.14401 4.16864
1.29882 5.48617
1.14888 6.36968
1.19295 7.45266
1.2605 8.07063
1.13803 9.17808
2.05275 0.179886
2.1889 1.12614
2.27164 2.01962
2.40296 3.09829
2.43991 4.43047
2.15563 5.49707
2.12815 6.45986
2.48833 7.43781
2.0388 8.41553
2.17857 9.20804
3.22215 0.23741
3.05536 1.11073
3.36018 2.48853
3.30705 3.2122
3.10303 4.32198
3.48385 5.27908
3.01268 6.06166
3.10604 7.16258
3.01003 8.25202
3.43172 9.08662
4.1774 0.247739
4.04975 1.19516
4.18583 2.16533
4.38738 3.27662
4.39042 4.44294
4.49531 5.20676
4.32597 6.22296
4.05002 7.23896
4.42956 8.15388
4.22219 9.11917
5.3188 0.292579
5.33028 1.37631
5.21732 2.4282
5.15583 3.40306
5.44305 4.03529
5.34259 5.30589
5.24284 6.3174
5.35425 7.31011
5.18432 8.11246
5.44704 9.36306
6.11851 0.240036
6.36517 1.03678
6.36223 2.22873
6.32586 3.15212
6.28356 4.06957
6.32188 5.1098
6.24771 6.07529
6.18614 7.29604
6.39412 8.34958
6.16233 9.02976
7.06142 0.195663
7.12943 1.34111
7.34395 2.29575
7.25042 3.06642
7.00832 4.31597
7.12531 5.34412
7.16095 6.34271
7.00506 7.46076
7.12347 8.0437
7.07753 9.32139
8.07405 0.136888
8.09492 1.26073
8.13982 2.45695
8.21672 3.23102
8.23878 4.30414
8.08832 5.45755
8.11904 6.06674
8.05235 7.12762
8.17592 8.15724
8.23968 9.30119
9.4145 0.27629
9.31902 1.07371
9.01835 2.44817
9.30786 3.00297
9.27935 4.23327
9.34916 5.41919
9.48341 6.01697
9.15629 7.10527
9.49096 8.20863
9.27001 9.33827
