0.471187 7.38142
0.0478181 8.09053

0.0478181 8.09053
0.312985 9.20613

0.0478181 8.09053
1.21869 8.0969

1.21368 5.05082
1.40464 6.08026

1.40464 6.08026
1.13808 7.10471

1.40464 6.08026
2.03376 6.0061

1.13808 7.10471
1.21869 8.0969

1.21869 8.0969
1.2564 9.26858

1.21869 8.0969
2.43045 8.32015

1.2564 9.26858
2.10734 9.28489

2.22138 5.19546
2.03376 6.0061

2.03376 6.0061
2.43342 7.01418

2.43342 7.01418
2.43045 8.32015

2.43342 7.01418
3.47972 7.10105

2.43045 8.32015
3.31508 8.34537

3.45714 6.04783
3.47972 7.10105

3.31508 8.34537
4.05396 8.41704

4.05396 8.41704
4.42888 9.28186

