0.0789471 1.14497
1.00169 1.01841

1.00169 1.01841
1.00782 2.45104

1.00169 1.01841
2.15355 1.39208

2.15355 1.39208
3.12726 1.45777

3.12726 1.45777
3.19853 2.08639

3.12726 1.45777
4.16196 1.25612

3.19853 2.08639
3.16153 3.11831

3.35157 5.46958
4.21199 5.49866

3.18939 6.44991
3.39449 7.13055

3.18939 6.44991
4.39318 6.43406

3.39449 7.13055
4.40999 7.03625

4.16196 1.25612
5.21224 1.15495

4.14687 4.17751
4.21199 5.49866

4.14687 4.17751
5.1418 4.02659

4.21199 5.49866
4.39318 6.43406

4.39318 6.43406
5.17748 6.22887

5.21224 1.15495
5.24299 2.3003

5.21224 1.15495
6.38162 1.04373

5.24299 2.3003
5.28924 3.35813

5.28924 3.35813
5.1418 4.02659

5.28924 3.35813
6.10066 3.19725

5.45522 5.04821
5.17748 6.22887

6.36259 0.20313
6.38162 1.04373

6.38162 1.04373
6.10006 2.17005

6.38162 1.04373
7.22292 1.13758

6.10006 2.17005
6.10066 3.19725

6.10006 2.17005
7.40523 2.25385

6.10066 3.19725
6.48774 4.26599

6.10066 3.19725
7.39297 3.38076

7.43633 0.0922838
7.22292 1.13758

7.22292 1.13758
7.40523 2.25385

7.40523 2.25385
8.23118 2.25035

7.39297 3.38076
8.17218 3.11376

7.18544 4.06328
8.04485 4.29648

8.27443 1.43222
8.23118 2.25035

8.23118 2.25035
8.17218 3.11376

8.17218 3.11376
8.04485 4.29648

