0.207314 7.29104
1.31091 7.01933

1.31091 7.01933
1.33171 8.0707

1.31091 7.01933
2.37784 7.37353

2.36902 6.07897
3.11193 6.02985

2.37784 7.37353
2.33555 8.24012

2.37784 7.37353
3.05145 7.09927

2.33555 8.24012
3.3938 8.32669

2.26983 9.33388
3.18225 9.47288

3.23685 5.23173
3.11193 6.02985

3.23685 5.23173
4.06196 5.48109

3.11193 6.02985
3.05145 7.09927

3.11193 6.02985
4.31699 6.23439

3.05145 7.09927
3.3938 8.32669

3.3938 8.32669
3.18225 9.47288

3.3938 8.32669
4.46359 8.44313

3.18225 9.47288
4.01371 9.07019

4.06196 5.48109
4.31699 6.23439

4.46359 8.44313
4.01371 9.07019

4.46359 8.44313
5.22564 8.12946

