4.41632 1.23474
5.26216 1.43842

5.26216 1.43842
6.02694 1.14337

5.47497 2.20803
6.29866 2.02083

6.23494 0.349634
6.02694 1.14337

6.02694 1.14337
6.29866 2.02083

6.02694 1.14337
7.15813 1.23664

6.11273 3.05096
7.46547 3.19583

7.14093 0.162326
7.15813 1.23664

7.14093 0.162326
8.05654 0.142625

7.22725 2.11264
7.46547 3.19583

7.46547 3.19583
8.20175 3.28538

8.05654 0.142625
8.46817 1.11623

8.05654 0.142625
9.43321 0.398667

8.01039 2.3519
9.44441 2.25857

8.20175 3.28538
8.04296 4.09574

8.20175 3.28538
9.04506 3.23716

8.04296 4.09574
8.41442 5.45527

8.04296 4.09574
9.2895 4.48214

8.41442 5.45527
8.41449 6.46231

8.41449 6.46231
9.05065 6.49702

9.43321 0.398667
9.23328 1.26038

9.23328 1.26038
9.44441 2.25857

9.44441 2.25857
9.04506 3.23716

9.04506 3.23716
9.2895 4.48214

