0.246309 2.1144
0.283085 3.12767

0.246309 2.1144
1.05908 2.23523

0.283085 3.12767
0.315116 4.36921

0.283085 3.12767
1.04836 3.39521

0.315116 4.36921
1.26465 4.12684

0.204737 5.07989
1.38344 5.16602

0.34212 6.40656
1.41373 6.41894

1.26465 4.12684
2.32999 4.4128

1.38344 5.16602
1.41373 6.41894

1.38344 5.16602
2.26916 5.24272

1.41373 6.41894
2.41942 6.04288

2.04878 3.19587
2.32999 4.4128

2.32999 4.4128
2.26916 5.24272

2.32999 4.4128
3.38919 4.11945

2.26916 5.24272
2.41942 6.04288

2.26916 5.24272
3.00916 5.02699

