3.3991 9.14262
4.07283 9.0262

4.26341 8.19073
4.07283 9.0262

4.07283 9.0262
5.44326 9.01507

5.34086 5.47031
6.21417 5.31066

5.33533 6.25455
5.43634 7.39466

5.33533 6.25455
6.04857 6.08365

5.43634 7.39466
5.45285 8.26961

5.43634 7.39466
6.36316 7.18545

5.45285 8.26961
5.44326 9.01507

5.44326 9.01507
6.29819 9.04979

6.00503 4.47935
6.21417 5.31066

6.00503 4.47935
7.2826 4.42061

6.21417 5.31066
6.04857 6.08365

6.21417 5.31066
7.05516 5.44496

6.36316 7.18545
6.42125 8.14307

7.10977 3.4614
7.2826 4.42061

7.2826 4.42061
7.05516 5.44496

7.05516 5.44496
7.32694 6.29679

7.05516 5.44496
8.38648 5.18899

8.38648 5.18899
8.36517 6.30277

