3.22165 3.36199
3.37282 4.08378

3.22165 3.36199
4.08551 3.11405

4.2496 2.26561
4.08551 3.11405

4.08551 3.11405
4.21822 4.10506

4.08551 3.11405
5.44199 3.23206

4.21822 4.10506
4.48482 5.43068

4.21822 4.10506
5.25301 4.17268

5.45651 0.190029
5.26216 1.43842

5.45651 0.190029
6.23494 0.349634

5.26216 1.43842
5.47497 2.20803

5.47497 2.20803
5.44199 3.23206

5.44199 3.23206
5.25301 4.17268

5.44199 3.23206
6.11273 3.05096

5.25301 4.17268
5.42516 5.05062

5.42516 5.05062
6.03724 5.34574

6.23494 0.349634
7.14093 0.162326

6.29866 2.02083
6.11273 3.05096

6.29866 2.02083
7.22725 2.11264

6.11273 3.05096
6.1774 4.17437

6.1774 4.17437
7.35522 4.31148

6.03724 5.34574
7.18831 5.16363

7.15813 1.23664
7.22725 2.11264

7.15813 1.23664
8.46817 1.11623

7.22725 2.11264
8.01039 2.3519

7.46547 3.19583
7.35522 4.31148

7.35522 4.31148
8.04296 4.09574

7.18831 5.16363
7.49085 6.17791

8.46817 1.11623
8.01039 2.3519

8.46817 1.11623
9.23328 1.26038

8.01039 2.3519
8.20175 3.28538

