3.38377 6.03845
4.46516 6.02874

3.02473 8.48863
4.11918 8.01795

3.12074 9.02915
4.20226 9.25853

4.48413 5.11273
5.24466 5.4205

4.46516 6.02874
4.24166 7.06663

4.24166 7.06663
4.11918 8.01795

4.24166 7.06663
5.3493 7.08681

4.11918 8.01795
4.20226 9.25853

4.11918 8.01795
5.47036 8.23581

4.20226 9.25853
5.17249 9.06642

5.26674 3.22925
5.07267 4.11887

5.07267 4.11887
5.24466 5.4205

5.07267 4.11887
6.41257 4.00777

5.24466 5.4205
5.31806 6.33851

5.31806 6.33851
5.3493 7.08681

5.47036 8.23581
5.17249 9.06642

5.47036 8.23581
6.00542 8.19184

5.17249 9.06642
6.40996 9.14001

6.19901 3.46559
6.41257 4.00777

6.41257 4.00777
7.15256 4.2546

6.45051 7.0348
6.00542 8.19184

6.00542 8.19184
6.40996 9.14001

6.00542 8.19184
7.32183 8.47279

6.40996 9.14001
7.4618 9.25912

7.33301 6.06618
8.31969 6.0425

7.28142 7.05455
8.49923 7.04816

7.32183 8.47279
7.4618 9.25912

7.32183 8.47279
8.44943 8.21822

7.4618 9.25912
8.04032 9.10612

8.48144 5.48551
8.31969 6.0425

8.48144 5.48551
9.14106 5.22692

8.31969 6.0425
8.49923 7.04816

8.31969 6.0425
9.16738 6.13752

8.49923 7.04816
8.44943 8.21822

8.49923 7.04816
9.32067 7.26117

8.44943 8.21822
8.04032 9.10612

8.44943 8.21822
9.29614 8.4206

8.04032 9.10612
9.13767 9.17631

9.14106 5.22692
9.16738 6.13752

9.16738 6.13752
9.32067 7.26117

9.32067 7.26117
9.29614 8.4206

9.29614 8.4206
9.13767 9.17631

