0.320761 0.24116
0.362889 1.47712
0.182614 2.4555
0.193689 3.00751
0.211627 4.07445
0.415609 5.30377
0.0926209 6.26888
1.25016 0.310754
1.02209 1.05096
1.33179 2.2742
1.33759 3.37109
1.2498 4.17573
1.31338 5.17095
1.03099 6.36718
2.13874 0.395381
2.01578 1.38134
2.04702 2.47029
2.4653 3.06682
2.14783 4.16544
2.09792 5.44033
2.26986 6.49307
3.27429 0.297479
3.08057 1.29127
3.35884 2.20485
3.16935 3.16983
3.33991 4.47299
3.43136 5.04846
3.35457 6.47826
4.15286 0.447762
4.12272 1.07011
4.43312 2.38357
4.1112 3.13843
4.35689 4.08821
4.38671 5.17152
4.32793 6.47837
5.4069 0.0194602
5.48108 1.1466
5.00654 2.43012
5.11732 3.42597
5.45886 4.00368
5.43486 5.06966
5.00694 6.14606
6.20024 0.0516553
6.27572 1.07397
6.00291 2.3235
6.3112 3.08191
6.24372 4.44975
6.47767 5.14621
6.37976 6.14521
