0.412103 0.245793
0.418337 1.06699

0.412103 0.245793
1.19197 0.0791712

0.418337 1.06699
0.0832676 2.28778

0.0832676 2.28778
0.270934 3.05789

0.270934 3.05789
0.0887044 4.33157

0.270934 3.05789
1.29158 3.0826

0.0887044 4.33157
0.221041 5.27676

0.221041 5.27676
0.450463 6.24816

0.221041 5.27676
1.23889 5.30197

0.450463 6.24816
1.2418 6.16223

1.29158 3.0826
1.39411 4.38619

1.39411 4.38619
2.15406 4.10326

1.23889 5.30197
2.38321 5.19082

2.30714 3.4324
2.15406 4.10326

2.30714 3.4324
3.46673 3.33942

2.38321 5.19082
2.25043 6.22971

2.25043 6.22971
3.20653 6.07562

3.20653 6.07562
4.21373 6.00151

