0.37847 0.0578317
0.409031 1.39673
0.246309 2.1144
0.283085 3.12767
0.315116 4.36921
0.204737 5.07989
0.34212 6.40656
0.00534395 7.19936
0.282535 8.1417
0.379125 9.08494
1.4193 0.202344
1.02007 1.11344
1.05908 2.23523
1.04836 3.39521
1.26465 4.12684
1.38344 5.16602
1.41373 6.41894
1.20816 7.15346
1.33997 8.29063
1.26171 9.49993
2.47199 0.147971
2.20805 1.40758
2.47861 2.38785
2.04878 3.19587
2.32999 4.4128
2.26916 5.24272
2.41942 6.04288
2.42286 7.07591
2.36119 8.2545
2.10041 9.40796
3.27131 0.153926
3.37598 1.36088
3.0088 2.38709
3.34423 3.01114
3.38919 4.11945
3.00916 5.02699
3.40601 6.36469
3.19172 7.06453
3.33998 8.07759
3.31158 9.44452
4.14884 0.169405
4.11033 1.15039
4.2417 2.45873
4.06816 3.16344
4.46252 4.17494
4.06523 5.19548
4.47096 6.20883
4.24054 7.06993
4.08882 8.04966
4.32652 9.10048
5.00412 0.065244
5.31765 1.46286
5.109 2.25819
5.30917 3.32197
5.41121 4.25028
5.14428 5.14615
5.41484 6.2771
5.23531 7.11042
5.34926 8.45143
5.13548 9.41083
6.07459 0.211156
6.49544 1.08328
6.29502 2.24998
6.35206 3.35142
6.23088 4.44353
6.36312 5.29228
6.06223 6.14138
6.35258 7.13878
6.15214 8.0647
6.49664 9.17898
7.44332 0.339843
7.37085 1.43943
7.09824 2.29176
7.02704 3.16305
7.28853 4.03854
7.24246 5.16979
7.0075 6.12859
7.28 7.23071
7.25321 8.03365
7.11036 9.44756
8.19486 0.157876
8.17347 1.19593
8.03309 2.21646
8.4295 3.43793
8.45888 4.33801
8.16192 5.11229
8.47661 6.02291
8.22281 7.00528
8.09089 8.27609
8.30358 9.47155
9.08654 0.366351
9.21237 1.38896
9.15526 2.1395
9.2329 3.17768
9.24408 4.38381
9.27171 5.0189
9.11717 6.29803
9.10645 7.44809
9.451 8.40774
9.31197 9.18538
