0.179254 4.4662
0.214641 5.00847

0.179254 4.4662
1.24865 4.26599

0.214641 5.00847
0.0727515 6.45256

0.214641 5.00847
1.14961 5.46588

0.0727515 6.45256
1.30026 6.35413

1.2051 3.00387
1.24865 4.26599

1.24865 4.26599
1.14961 5.46588

1.24865 4.26599
2.14287 4.37841

1.14961 5.46588
1.30026 6.35413

1.14961 5.46588
2.10155 5.47216

1.30026 6.35413
2.09753 6.3105

2.14287 4.37841
2.10155 5.47216

2.10155 5.47216
2.09753 6.3105

2.10155 5.47216
3.24613 5.01466

2.09753 6.3105
3.11045 6.3743

3.30119 4.15225
3.24613 5.01466

3.30119 4.15225
4.01003 4.40393

4.01003 4.40393
4.35017 5.10256

4.35017 5.10256
4.37211 6.37167

4.35017 5.10256
5.31226 5.24961

4.37211 6.37167
5.41877 6.38997

5.31226 5.24961
5.41877 6.38997

