0.147395 5.39142
1.35587 5.25862

1.0398 4.3411
1.35587 5.25862

1.0398 4.3411
2.36588 4.43185

1.24074 6.16864
2.49906 6.23833

1.12465 7.03112
2.24343 7.31404

1.01085 8.4487
1.23979 9.43488

1.23979 9.43488
2.29687 9.04317

2.36588 4.43185
3.14533 4.09793

2.00822 5.19048
2.49906 6.23833

2.00822 5.19048
3.091 5.15949

2.24343 7.31404
3.21454 7.22139

2.12418 8.18858
2.29687 9.04317

2.12418 8.18858
3.02473 8.48863

2.29687 9.04317
3.12074 9.02915

3.09953 3.13732
3.14533 4.09793

3.14533 4.09793
3.091 5.15949

3.14533 4.09793
4.06616 4.16203

3.38377 6.03845
3.21454 7.22139

3.38377 6.03845
4.46516 6.02874

3.21454 7.22139
3.02473 8.48863

3.02473 8.48863
3.12074 9.02915

3.02473 8.48863
4.11918 8.01795

4.06616 4.16203
4.48413 5.11273

4.48413 5.11273
4.46516 6.02874

4.46516 6.02874
4.24166 7.06663

4.46516 6.02874
5.31806 6.33851

4.24166 7.06663
5.3493 7.08681

4.11918 8.01795
5.47036 8.23581

5.24466 5.4205
6.49247 5.3143

5.31806 6.33851
6.33666 6.22416

5.3493 7.08681
6.45051 7.0348

5.47036 8.23581
5.17249 9.06642

6.49247 5.3143
6.33666 6.22416

6.49247 5.3143
7.36089 5.43747

