6.11851 0.240036
7.06142 0.195663

6.18614 7.29604
6.39412 8.34958

6.39412 8.34958
7.12347 8.0437

7.06142 0.195663
8.07405 0.136888

7.12531 5.34412
7.16095 6.34271

7.16095 6.34271
7.00506 7.46076

7.00506 7.46076
7.12347 8.0437

7.00506 7.46076
8.05235 7.12762

8.07405 0.136888
8.09492 1.26073

8.07405 0.136888
9.4145 0.27629

8.09492 1.26073
8.13982 2.45695

8.09492 1.26073
9.31902 1.07371

8.13982 2.45695
9.01835 2.44817

8.08832 5.45755
9.34916 5.41919

8.05235 7.12762
8.17592 8.15724

8.05235 7.12762
9.15629 7.10527

8.17592 8.15724
8.23968 9.30119

8.17592 8.15724
9.49096 8.20863

9.4145 0.27629
9.31902 1.07371

9.31902 1.07371
9.01835 2.44817

9.01835 2.44817
9.30786 3.00297

9.30786 3.00297
9.27935 4.23327

9.27935 4.23327
9.34916 5.41919

9.34916 5.41919
9.48341 6.01697

9.48341 6.01697
9.15629 7.10527

9.15629 7.10527
9.49096 8.20863

9.49096 8.20863
9.27001 9.33827

