1.4012 0.458048
1.12299 1.21819

1.4012 0.458048
2.09755 0.277819

1.12299 1.21819
2.05706 1.07958

2.05706 1.07958
3.40376 1.28472

3.21984 0.111196
3.40376 1.28472

3.40376 1.28472
4.03604 1.40477

4.03604 1.40477
4.2169 2.35059

4.2169 2.35059
4.20115 3.00625

4.20115 3.00625
4.44971 4.18198

4.20115 3.00625
5.44164 3.28386

4.44971 4.18198
4.3569 5.22138

4.44971 4.18198
5.11897 4.01696

4.3569 5.22138
5.13365 5.36612

5.44164 3.28386
5.11897 4.01696

5.44164 3.28386
6.27689 3.32176

5.11897 4.01696
5.13365 5.36612

