0.418168 3.08177
0.484139 4.43602

0.418168 3.08177
1.35703 3.11057

0.484139 4.43602
0.293565 5.29519

0.484139 4.43602
1.07248 4.23935

1.35703 3.11057
1.07248 4.23935

1.35703 3.11057
2.20892 3.07191

1.07248 4.23935
1.40716 5.13816

1.07248 4.23935
2.34149 4.02772

2.20892 3.07191
3.45152 3.0751

2.34149 4.02772
2.01716 5.22475

2.34149 4.02772
3.14 4.28745

2.01716 5.22475
3.49641 5.40354

3.21567 1.47584
3.19587 2.01782

3.19587 2.01782
3.45152 3.0751

3.19587 2.01782
4.23685 2.18195

3.45152 3.0751
4.31664 3.26905

3.14 4.28745
3.49641 5.40354

3.14 4.28745
4.19091 4.11233

3.49641 5.40354
3.31512 6.46521

3.49641 5.40354
4.49999 5.44261

4.25792 1.0409
4.23685 2.18195

4.23685 2.18195
4.31664 3.26905

4.23685 2.18195
5.24379 2.24353

4.31664 3.26905
4.19091 4.11233

4.19091 4.11233
4.49999 5.44261

4.19091 4.11233
5.46462 4.10164

4.49999 5.44261
4.26358 6.23875

5.24379 2.24353
5.1364 3.1224

5.1364 3.1224
5.46462 4.10164

5.1364 3.1224
6.11698 3.04009

5.46462 4.10164
6.29766 4.19857

6.49348 2.08311
6.11698 3.04009

6.11698 3.04009
7.38201 3.07202

6.29766 4.19857
7.168 4.31556

