0.432775 3.12784
0.486016 4.39525

0.486016 4.39525
0.170988 5.09565

0.486016 4.39525
1.23403 4.45286

0.170988 5.09565
0.220936 6.13079

0.170988 5.09565
1.45822 5.25402

0.220936 6.13079
0.493275 7.29483

0.220936 6.13079
1.12793 6.33035

0.493275 7.29483
0.473497 8.0732

0.493275 7.29483
1.13211 7.13357

0.473006 9.07897
1.41204 9.00774

1.12793 6.33035
2.24649 6.05998

1.13211 7.13357
1.39351 8.28196

1.39351 8.28196
1.41204 9.00774

1.41204 9.00774
2.41739 9.24161

2.07595 7.16623
3.33549 7.2999

2.074 8.06729
2.41739 9.24161

2.41739 9.24161
3.08092 9.04787

3.33549 7.2999
4.39388 7.15289

3.0163 8.47086
4.4802 8.40137

3.08092 9.04787
4.44791 9.31102

4.39388 7.15289
4.4802 8.40137

4.39388 7.15289
5.38668 7.41861

4.44791 9.31102
5.00739 9.20832

5.38668 7.41861
5.22074 8.40194

5.38668 7.41861
6.45932 7.01228

5.22074 8.40194
5.00739 9.20832

5.00739 9.20832
6.14695 9.49629

6.25091 8.33786
6.14695 9.49629

6.25091 8.33786
7.28857 8.03023

6.14695 9.49629
7.02435 9.23006

7.00964 7.21807
7.28857 8.03023

7.28857 8.03023
7.02435 9.23006

7.02435 9.23006
8.13783 9.4832

8.31092 8.39316
8.13783 9.4832

