0.153144 0.106272
0.182706 1.38106

0.153144 0.106272
1.49244 0.150444

0.182706 1.38106
0.284416 2.27107

0.182706 1.38106
1.47773 1.24179

0.284416 2.27107
0.357349 3.42262

1.49244 0.150444
1.47773 1.24179

1.49244 0.150444
2.12391 0.159067

1.47773 1.24179
1.09523 2.25679

1.47773 1.24179
2.4089 1.07893

2.12391 0.159067
2.4089 1.07893

2.12391 0.159067
3.34149 0.209571

2.4089 1.07893
2.03447 2.02779

2.4089 1.07893
3.44116 1.05275

3.34149 0.209571
3.44116 1.05275

3.34149 0.209571
4.04288 0.33497

3.44116 1.05275
4.31922 1.18217

4.04288 0.33497
5.30464 0.155792

4.31922 1.18217
5.4223 1.09343

5.30464 0.155792
5.4223 1.09343

5.30464 0.155792
6.48659 0.445738

5.4223 1.09343
5.35204 2.31867

5.4223 1.09343
6.00142 1.37727

5.35204 2.31867
6.39249 2.24655

6.48659 0.445738
6.00142 1.37727

6.48659 0.445738
7.43391 0.13109

6.00142 1.37727
6.39249 2.24655

6.00142 1.37727
7.39109 1.0715

7.43391 0.13109
7.39109 1.0715

7.43391 0.13109
8.16592 0.241879

7.39109 1.0715
7.20419 2.2529

7.39109 1.0715
8.44148 1.45411

7.20419 2.2529
8.06796 2.13446

8.16592 0.241879
8.44148 1.45411

8.16592 0.241879
9.3272 0.0442063

8.44148 1.45411
8.06796 2.13446

8.44148 1.45411
9.07486 1.21988

8.06796 2.13446
8.15297 3.38948

8.06796 2.13446
9.16849 2.29274

9.3272 0.0442063
9.07486 1.21988

9.07486 1.21988
9.16849 2.29274

9.16849 2.29274
9.26986 3.46233

9.26986 3.46233
9.25803 4.25012

