0.423983 0.428142
0.257438 1.24338
0.106314 2.05013
0.225837 3.22714
0.465201 4.30487
0.111477 5.08121
0.160743 6.26213
1.30774 0.173053
1.40637 1.08959
1.24537 2.23078
1.35595 3.131
1.21966 4.11828
1.36329 5.1687
1.12356 6.21415
2.31792 0.128207
2.29548 1.32268
2.30382 2.19108
2.30346 3.19812
2.40814 4.29368
2.32958 5.08474
2.48852 6.48504
3.17172 0.444894
3.37406 1.25407
3.08889 2.03597
3.46343 3.06189
3.0598 4.23559
3.06297 5.39435
3.14546 6.07286
4.34169 0.258642
4.25252 1.28044
4.18258 2.1159
4.38573 3.25656
4.18044 4.24658
4.08662 5.4191
4.33639 6.35299
5.42589 0.010042
5.04945 1.35823
5.05807 2.13158
5.01555 3.37913
5.20897 4.41668
5.38651 5.15946
5.21965 6.08714
6.1192 0.386571
6.23162 1.23813
6.39878 2.37233
6.18932 3.27842
6.11859 4.22237
6.29214 5.38543
6.05723 6.07706
