0.493466 1.43809
0.496939 2.19144

0.493466 1.43809
1.11957 1.01611

1.11957 1.01611
2.28189 1.46091

2.06228 0.215861
2.28189 1.46091

2.28189 1.46091
2.3735 2.49941

2.28189 1.46091
3.31843 1.34886

3.41044 0.236763
3.31843 1.34886

3.31843 1.34886
3.4316 2.49088

3.31843 1.34886
4.32283 1.35818

3.4316 2.49088
3.02537 3.23526

3.02537 3.23526
4.49266 3.42365

4.32283 1.35818
5.30197 1.46556

4.08925 2.02046
5.23843 2.01935

4.49266 3.42365
4.442 4.0765

4.49266 3.42365
5.12488 3.33771

5.25981 0.447842
5.30197 1.46556

5.30197 1.46556
5.23843 2.01935

5.23843 2.01935
5.12488 3.33771

5.23843 2.01935
6.13635 2.36315

5.12488 3.33771
6.02285 3.39699

6.20478 1.13842
6.13635 2.36315

6.13635 2.36315
6.02285 3.39699

6.13635 2.36315
7.18986 2.34433

7.07237 1.07304
7.18986 2.34433

7.18986 2.34433
7.2392 3.22295

