2.11892 7.2451
2.3027 8.10581

2.11892 7.2451
3.00824 7.09675

3.00824 7.09675
4.4088 7.00247

4.4088 7.00247
4.26341 8.19073

4.4088 7.00247
5.43634 7.39466

4.26341 8.19073
5.45285 8.26961

5.45285 8.26961
6.42125 8.14307

6.42125 8.14307
6.29819 9.04979

6.29819 9.04979
7.14502 9.4138

7.22732 7.2904
7.02948 8.06364

7.02948 8.06364
7.14502 9.4138

7.14502 9.4138
8.3313 9.24747

8.25174 8.36679
8.3313 9.24747

8.25174 8.36679
9.48196 8.20104

8.3313 9.24747
9.33562 9.47791

9.48196 8.20104
9.33562 9.47791

