0.17746 0.116164
0.17118 1.45671
0.0627148 2.22783
0.0949763 3.29314
0.113856 4.11199
0.258139 5.04868
0.149898 6.38263
1.28414 0.49032
1.43007 1.02113
1.3125 2.47918
1.28088 3.34183
1.36326 4.13697
1.12032 5.47849
1.45451 6.4326
2.33654 0.463481
2.0207 1.32278
2.4017 2.11454
2.26421 3.27375
2.44378 4.21713
2.08426 5.08939
2.28608 6.19922
3.08979 0.0115755
3.13481 1.39759
3.00499 2.06766
3.28882 3.38045
3.07595 4.36558
3.13894 5.25396
3.27015 6.24292
4.21578 0.315107
4.10223 1.13958
4.07779 2.35991
4.33819 3.08766
4.15815 4.24539
4.17993 5.40364
4.4113 6.2466
5.04303 0.111858
5.32968 1.28542
5.32106 2.35224
5.27638 3.11735
5.37587 4.46562
5.08964 5.28812
5.10457 6.03804
6.4996 0.383048
6.22436 1.36778
6.24769 2.17166
6.00035 3.34428
6.34802 4.17973
6.49126 5.35615
6.39185 6.08475
