0.182722 1.25986
1.33055 1.36191

1.47953 0.2503
1.33055 1.36191

1.47953 0.2503
2.41926 0.0185586

1.33055 1.36191
1.31523 2.09074

1.33055 1.36191
2.02755 1.35481

2.41926 0.0185586
2.02755 1.35481

2.41926 0.0185586
3.05341 0.418875

2.02755 1.35481
3.28529 1.27193

3.05341 0.418875
3.28529 1.27193

3.05341 0.418875
4.14899 0.258188

3.28529 1.27193
3.13537 2.21968

3.28529 1.27193
4.09595 1.09342

3.13537 2.21968
4.27339 2.37144

4.14899 0.258188
4.09595 1.09342

4.14899 0.258188
5.2807 0.441347

4.27339 2.37144
4.37578 3.33871

4.27339 2.37144
5.00068 2.06229

4.37578 3.33871
4.44239 4.23936

4.30822 5.37684
4.02195 6.1383

4.02195 6.1383
5.2783 6.22266

5.2807 0.441347
6.32962 0.37571

5.2003 1.04071
5.00068 2.06229

5.00068 2.06229
5.26843 3.47594

5.00068 2.06229
6.28669 2.2233

5.26843 3.47594
5.15519 4.01937

5.26843 3.47594
6.34826 3.44607

5.15519 4.01937
5.03139 5.10772

5.03139 5.10772
5.2783 6.22266

5.03139 5.10772
6.06522 5.49346

5.2783 6.22266
6.28728 6.06795

6.32962 0.37571
6.41144 1.09519

6.34439 4.15098
6.06522 5.49346

6.06522 5.49346
6.28728 6.06795

