0.38386 0.490521
0.00964744 1.45755
0.0750787 2.15609
0.176848 3.09909
0.297293 4.41021
0.173115 5.46129
0.0618731 6.40107
1.46252 0.348803
1.40623 1.24515
1.00064 2.05769
1.26843 3.21852
1.42929 4.05685
1.13966 5.13718
1.05301 6.09797
2.09227 0.270937
2.30547 1.18057
2.05266 2.1405
2.08142 3.33725
2.11921 4.3689
2.19155 5.02238
2.14651 6.00628
3.1083 0.176426
3.26066 1.31351
3.4328 2.09268
3.305 3.32083
3.39444 4.15615
3.20427 5.09199
3.24077 6.12934
4.07691 0.380008
4.48693 1.27507
4.21015 2.24073
4.07882 3.27148
4.19126 4.0965
4.45797 5.2697
4.21371 6.13594
5.21619 0.145846
5.05668 1.11722
5.24892 2.35125
5.23701 3.24332
5.34462 4.34719
5.01931 5.12327
5.08204 6.09677
6.4387 0.339008
6.11659 1.14089
6.457 2.42934
6.34817 3.41476
6.37517 4.16999
6.04938 5.29783
6.21087 6.22184
