0.412103 0.245793
0.418337 1.06699
0.0832676 2.28778
0.270934 3.05789
0.0887044 4.33157
0.221041 5.27676
0.450463 6.24816
1.19197 0.0791712
1.40161 1.36196
1.4485 2.295
1.29158 3.0826
1.39411 4.38619
1.23889 5.30197
1.2418 6.16223
2.14532 0.25764
2.40474 1.29872
2.09686 2.40836
2.30714 3.4324
2.15406 4.10326
2.38321 5.19082
2.25043 6.22971
3.19405 0.301697
3.48167 1.25666
3.1667 2.26969
3.46673 3.33942
3.07187 4.05076
3.39613 5.39783
3.20653 6.07562
4.24289 0.194152
4.326 1.37304
4.42225 2.41824
4.26554 3.41862
4.02258 4.19098
4.12524 5.17929
4.21373 6.00151
5.32858 0.45706
5.22863 1.2003
5.48673 2.20249
5.23685 3.45399
5.21188 4.18371
5.24544 5.06353
5.08367 6.03319
6.31863 0.124463
6.48307 1.29722
6.19868 2.09718
6.09493 3.40239
6.27163 4.10254
6.0903 5.17605
6.35901 6.23148
