1.39629 8.45258
1.39048 9.37312

1.39048 9.37312
2.09086 9.03397

2.40992 8.12153
2.09086 9.03397

2.09086 9.03397
3.2897 9.43684

3.20511 8.03945
3.2897 9.43684

3.2897 9.43684
4.32766 9.26563

4.32766 9.26563
5.09769 9.25812

5.2381 7.23581
5.25917 8.22912

5.25917 8.22912
5.09769 9.25812

5.25917 8.22912
6.0764 8.32698

5.09769 9.25812
6.3333 9.2175

6.03668 7.29796
6.0764 8.32698

6.0764 8.32698
7.47531 8.21239

6.3333 9.2175
7.30067 9.09466

7.30067 9.09466
8.40104 9.25743

8.40104 9.25743
9.31917 9.46387

