0.213177 3.18491
1.36902 3.01229

1.37364 1.37484
1.37529 2.19032

1.37364 1.37484
2.40649 1.4312

1.37529 2.19032
1.36902 3.01229

1.37529 2.19032
2.45689 2.37891

1.36902 3.01229
1.46724 4.17538

1.46724 4.17538
2.36084 4.44769

2.40649 1.4312
2.45689 2.37891

2.40649 1.4312
3.43955 1.29497

2.05346 3.05173
3.3499 3.07752

3.43955 1.29497
3.46121 2.01166

3.43955 1.29497
4.12344 1.46263

3.46121 2.01166
3.3499 3.07752

3.46121 2.01166
4.17874 2.47346

3.3499 3.07752
4.35499 3.07555

4.12344 1.46263
5.32229 1.28524

4.35499 3.07555
4.48281 4.22257

5.3212 0.446889
6.28237 0.499625

5.32229 1.28524
5.25577 2.28184

5.32229 1.28524
6.14047 1.34155

5.25577 2.28184
5.16846 3.4802

5.16846 3.4802
5.30857 4.48951

6.28237 0.499625
7.48808 0.0051148

6.14047 1.34155
7.25467 1.11654

7.48808 0.0051148
7.25467 1.11654

