1.12705 6.18309
2.46127 6.29651

2.2018 5.22359
2.46127 6.29651

2.46127 6.29651
3.41187 6.48353

3.11637 4.2486
4.31503 4.28088

3.23871 5.42469
3.41187 6.48353

3.41187 6.48353
4.13135 6.3558

4.15211 3.06614
4.31503 4.28088

4.31503 4.28088
5.30713 4.04239

4.24227 5.28608
4.13135 6.3558

4.24227 5.28608
5.14182 5.05437

5.30713 4.04239
5.14182 5.05437

5.30713 4.04239
6.39376 4.49339

5.14182 5.05437
6.24837 5.13844

5.10098 6.09577
6.43459 6.07997

6.39376 4.49339
6.24837 5.13844

6.24837 5.13844
6.43459 6.07997

