0.453665 4.14376
0.105352 5.48212

0.453665 4.14376
1.33498 4.11514

0.105352 5.48212
0.483157 6.39159

0.105352 5.48212
1.44623 5.1034

0.483157 6.39159
1.10033 6.15399

1.01008 3.07252
1.33498 4.11514

1.33498 4.11514
1.44623 5.1034

1.33498 4.11514
2.4686 4.04903

1.44623 5.1034
1.10033 6.15399

1.44623 5.1034
2.11868 5.01199

1.10033 6.15399
2.34183 6.39175

2.4686 4.04903
2.11868 5.01199

2.11868 5.01199
2.34183 6.39175

2.11868 5.01199
3.00932 5.11785

2.34183 6.39175
3.03979 6.10636

3.13537 2.21968
3.17455 3.17912

3.17455 3.17912
3.14125 4.29983

3.17455 3.17912
4.37578 3.33871

3.14125 4.29983
3.00932 5.11785

3.00932 5.11785
3.03979 6.10636

3.00932 5.11785
4.30822 5.37684

3.03979 6.10636
4.02195 6.1383

4.37578 3.33871
4.44239 4.23936

4.44239 4.23936
5.15519 4.01937

4.30822 5.37684
4.02195 6.1383

4.02195 6.1383
5.2783 6.22266

