5.03411 0.270295
5.08105 1.23632

5.03411 0.270295
6.48379 0.422397

5.08105 1.23632
5.18147 2.20711

5.08105 1.23632
6.45677 1.48408

5.18147 2.20711
5.48195 3.06028

6.48379 0.422397
6.45677 1.48408

6.45677 1.48408
6.34679 2.47387

6.45677 1.48408
7.46154 1.08144

7.2984 0.361019
8.44767 0.406547

7.46154 1.08144
8.24282 1.40011

7.31003 2.42498
8.11157 2.33966

8.44767 0.406547
8.24282 1.40011

8.44767 0.406547
9.29314 0.440653

8.24282 1.40011
8.11157 2.33966

8.24282 1.40011
9.30019 1.29782

8.11157 2.33966
9.01871 2.44412

9.29314 0.440653
9.30019 1.29782

9.30019 1.29782
9.01871 2.44412

9.01871 2.44412
9.44822 3.16204

