0.332194 8.32881
0.499373 9.43007

0.332194 8.32881
1.2605 8.07063

0.499373 9.43007
1.13803 9.17808

1.19295 7.45266
1.2605 8.07063

1.19295 7.45266
2.48833 7.43781

1.2605 8.07063
1.13803 9.17808

1.2605 8.07063
2.0388 8.41553

1.13803 9.17808
2.17857 9.20804

2.12815 6.45986
2.48833 7.43781

2.48833 7.43781
2.0388 8.41553

2.48833 7.43781
3.10604 7.16258

2.0388 8.41553
2.17857 9.20804

2.0388 8.41553
3.01003 8.25202

2.17857 9.20804
3.43172 9.08662

3.10604 7.16258
3.01003 8.25202

3.01003 8.25202
3.43172 9.08662

3.01003 8.25202
4.42956 8.15388

3.43172 9.08662
4.22219 9.11917

4.22219 9.11917
5.44704 9.36306

