4.20567 9.32448
5.02495 9.10461

5.06513 6.34952
5.35258 7.40428

5.35258 7.40428
5.0163 8.33513

5.35258 7.40428
6.01721 7.3695

5.0163 8.33513
5.02495 9.10461

5.0163 8.33513
6.22677 8.46501

5.02495 9.10461
6.17584 9.02454

6.14381 6.04268
6.01721 7.3695

6.14381 6.04268
7.23424 6.26795

6.01721 7.3695
6.22677 8.46501

6.22677 8.46501
6.17584 9.02454

6.22677 8.46501
7.44797 8.33246

6.17584 9.02454
7.20459 9.22099

7.23424 6.26795
7.13501 7.33501

7.23424 6.26795
8.41627 6.46505

7.13501 7.33501
7.44797 8.33246

7.13501 7.33501
8.22338 7.00404

7.20459 9.22099
8.10314 9.37741

8.19739 5.36358
8.41627 6.46505

8.41627 6.46505
8.22338 7.00404

8.41627 6.46505
9.39745 6.49672

8.22338 7.00404
8.0487 8.0053

8.10314 9.37741
9.36517 9.29069

9.39745 6.49672
9.14449 7.10804

9.14449 7.10804
9.18726 8.30018

9.18726 8.30018
9.36517 9.29069

