0.387223 5.46687
0.442303 6.4094

0.387223 5.46687
1.02384 5.0431

1.02384 5.0431
1.12705 6.18309

1.02384 5.0431
2.2018 5.22359

1.12705 6.18309
2.46127 6.29651

2.07259 4.40761
2.2018 5.22359

2.07259 4.40761
3.11637 4.2486

2.2018 5.22359
2.46127 6.29651

2.2018 5.22359
3.23871 5.42469

2.46127 6.29651
3.41187 6.48353

3.21802 3.48976
3.11637 4.2486

3.11637 4.2486
4.31503 4.28088

3.23871 5.42469
3.41187 6.48353

3.23871 5.42469
4.24227 5.28608

3.41187 6.48353
4.13135 6.3558

4.15211 3.06614
4.31503 4.28088

4.24227 5.28608
4.13135 6.3558

