0.356168 4.34094
1.24392 4.13658

0.387223 5.46687
0.442303 6.4094

0.387223 5.46687
1.02384 5.0431

1.41851 3.06504
2.45028 3.28118

1.24392 4.13658
1.02384 5.0431

1.24392 4.13658
2.07259 4.40761

1.02384 5.0431
1.12705 6.18309

1.02384 5.0431
2.2018 5.22359

1.12705 6.18309
2.46127 6.29651

2.12271 2.43732
2.45028 3.28118

2.45028 3.28118
2.07259 4.40761

2.07259 4.40761
2.2018 5.22359

2.2018 5.22359
2.46127 6.29651

2.2018 5.22359
3.23871 5.42469

2.46127 6.29651
3.41187 6.48353

3.23871 5.42469
3.41187 6.48353

3.41187 6.48353
4.13135 6.3558

4.24227 5.28608
4.13135 6.3558

