0.0743802 0.403279
0.0319516 1.26796
0.12676 2.35507
0.335774 3.48871
0.03644 4.24435
0.390726 5.35085
0.103446 6.38404
0.42997 7.37459
0.0720061 8.4977
0.405869 9.10394
1.21545 0.183918
1.26615 1.3975
1.19718 2.32413
1.14774 3.36785
1.15252 4.28309
1.23738 5.01953
1.08931 6.23586
1.05862 7.13354
1.41491 8.37899
1.01213 9.26592
2.11629 0.421465
2.35922 1.25387
2.43665 2.09265
2.23946 3.02575
2.23124 4.13591
2.47996 5.08349
2.12127 6.32087
2.21032 7.08177
2.18549 8.1579
2.12707 9.45928
3.03682 0.418516
3.11379 1.41874
3.35749 2.29333
3.3712 3.0713
3.40512 4.45322
3.08565 5.32089
3.43116 6.47764
3.1608 7.29657
3.35933 8.38351
3.21821 9.07309
4.45679 0.328956
4.24446 1.29411
4.32396 2.20072
4.18478 3.0082
4.41385 4.30514
4.3369 5.45897
4.17536 6.37643
4.35831 7.18522
4.17487 8.18846
4.20567 9.32448
5.13932 0.0638494
5.20554 1.19036
5.28758 2.11039
5.12509 3.19526
5.29808 4.35406
5.03057 5.43322
5.06513 6.34952
5.35258 7.40428
5.0163 8.33513
5.02495 9.10461
6.30362 0.194328
6.28906 1.27363
6.25011 2.10358
6.4538 3.45397
6.46203 4.02517
6.3542 5.14126
6.14381 6.04268
6.01721 7.3695
6.22677 8.46501
6.17584 9.02454
7.18871 0.227677
7.39765 1.18082
7.00131 2.30751
7.43476 3.26282
7.27069 4.16773
7.24556 5.30507
7.23424 6.26795
7.13501 7.33501
7.44797 8.33246
7.20459 9.22099
8.24121 0.18154
8.01047 1.24471
8.49605 2.10509
8.00621 3.02874
8.40806 4.03127
8.19739 5.36358
8.41627 6.46505
8.22338 7.00404
8.0487 8.0053
8.10314 9.37741
9.41389 0.324741
9.39042 1.33959
9.4926 2.25892
9.18226 3.12653
9.43955 4.29453
9.35003 5.16108
9.39745 6.49672
9.14449 7.10804
9.18726 8.30018
9.36517 9.29069
