0.285303 0.204926
0.0984578 1.22111

0.0984578 1.22111
0.276696 2.3542

0.0984578 1.22111
1.21344 1.13597

1.41774 0.136323
1.21344 1.13597

1.41774 0.136323
2.43409 0.0224865

1.21344 1.13597
2.0213 1.48112

1.10594 2.25889
2.07826 2.40131

1.49325 4.49414
2.00454 4.15228

2.0213 1.48112
2.07826 2.40131

2.0213 1.48112
3.45034 1.00703

2.07826 2.40131
2.17765 3.47922

2.07826 2.40131
3.06662 2.23811

2.17765 3.47922
2.00454 4.15228

2.00454 4.15228
3.32178 4.05972

3.44547 0.0059379
4.06727 0.0573687

3.45034 1.00703
4.31609 1.1043

3.06514 3.37808
3.32178 4.05972

3.32178 4.05972
4.31611 4.22447

4.06727 0.0573687
4.31609 1.1043

4.31611 4.22447
5.17753 4.35479

5.30437 3.25797
5.17753 4.35479

5.17753 4.35479
6.26342 4.29805

6.17479 3.24117
6.26342 4.29805

6.26342 4.29805
6.33173 5.49159

6.26342 4.29805
7.13568 4.12362

7.13568 4.12362
7.1278 5.00939

