0.111187 8.14588
1.33171 8.0707

1.3211 6.04345
1.31091 7.01933

1.31091 7.01933
1.33171 8.0707

1.31091 7.01933
2.37784 7.37353

1.33171 8.0707
2.33555 8.24012

2.41342 4.0061
2.27764 5.42994

2.41342 4.0061
3.16858 4.45663

2.27764 5.42994
2.36902 6.07897

2.36902 6.07897
2.37784 7.37353

2.36902 6.07897
3.11193 6.02985

2.37784 7.37353
2.33555 8.24012

2.37784 7.37353
3.05145 7.09927

2.33555 8.24012
2.26983 9.33388

2.33555 8.24012
3.3938 8.32669

2.26983 9.33388
3.18225 9.47288

3.19109 3.37245
3.16858 4.45663

3.16858 4.45663
3.23685 5.23173

3.23685 5.23173
3.11193 6.02985

3.11193 6.02985
3.05145 7.09927

3.11193 6.02985
4.31699 6.23439

3.05145 7.09927
3.3938 8.32669

3.3938 8.32669
3.18225 9.47288

3.3938 8.32669
4.46359 8.44313

3.18225 9.47288
4.01371 9.07019

4.06196 5.48109
4.31699 6.23439

