0.0187548 0.499961
0.381381 1.27124
0.0449878 2.13629
0.250796 3.26907
0.0990543 4.10495
0.267991 5.14978
0.335015 6.40529
1.42885 0.457672
1.41311 1.3455
1.17961 2.35185
1.24975 3.27698
1.14584 4.48999
1.22304 5.03507
1.04337 6.1585
2.47235 0.19279
2.20318 1.30776
2.21206 2.39103
2.13137 3.16894
2.49959 4.32168
2.33306 5.25951
2.3937 6.27577
3.30706 0.186582
3.25321 1.41219
3.16783 2.13543
3.29398 3.07419
3.24136 4.44437
3.23621 5.0945
3.28541 6.15926
4.4871 0.0177874
4.19176 1.25512
4.07564 2.47395
4.03453 3.1358
4.22219 4.08581
4.04299 5.33219
4.36111 6.00865
5.37127 0.366835
5.24207 1.36392
5.45397 2.20769
5.014 3.4657
5.34663 4.14028
5.38488 5.36234
5.02535 6.19826
6.00369 0.252003
6.40285 1.17333
6.17221 2.24716
6.42786 3.07502
6.31865 4.34531
6.40565 5.07183
6.14508 6.40255
