2.45689 2.37891
2.05346 3.05173

2.45689 2.37891
3.46121 2.01166

2.05346 3.05173
2.36084 4.44769

2.36084 4.44769
2.35522 5.21321

2.35522 5.21321
2.23517 6.20536

2.35522 5.21321
3.1504 5.00488

2.23517 6.20536
3.13862 6.08638

3.13862 6.08638
4.11764 6.26657

3.00683 9.1661
4.23391 9.08622

4.29745 5.07482
4.11764 6.26657

4.29745 5.07482
5.23664 5.1861

4.11764 6.26657
4.30246 7.21144

4.11764 6.26657
5.0555 6.23684

4.30246 7.21144
4.34018 8.42628

4.34018 8.42628
4.23391 9.08622

5.30857 4.48951
5.23664 5.1861

5.30857 4.48951
6.16528 4.13268

5.23664 5.1861
5.0555 6.23684

5.0555 6.23684
5.33154 7.00472

5.0555 6.23684
6.30853 6.39492

6.17021 2.34882
6.15416 3.01028

6.15416 3.01028
7.33343 3.45998

6.16528 4.13268
7.49243 4.43858

7.33343 3.45998
7.49243 4.43858

7.33343 3.45998
8.48855 3.32022

7.49243 4.43858
8.26869 4.264

