5.0555 6.23684
6.30853 6.39492

5.3068 9.37196
6.31512 9.46372

6.30853 6.39492
7.34657 6.43627

6.4619 7.35803
6.25165 8.35729

6.25165 8.35729
7.34534 8.158

6.31512 9.46372
7.45717 9.3281

7.13393 5.29479
7.34657 6.43627

7.13393 5.29479
8.24972 5.04557

7.34657 6.43627
7.42985 7.18594

7.34657 6.43627
8.20902 6.37408

7.42985 7.18594
7.34534 8.158

7.42985 7.18594
8.15468 7.08072

7.34534 8.158
7.45717 9.3281

7.34534 8.158
8.09186 8.14676

7.45717 9.3281
8.4729 9.21897

8.24972 5.04557
8.20902 6.37408

8.24972 5.04557
9.47973 5.18775

8.20902 6.37408
8.15468 7.08072

8.15468 7.08072
8.09186 8.14676

8.15468 7.08072
9.20357 7.28541

8.09186 8.14676
8.4729 9.21897

8.09186 8.14676
9.45843 8.06297

9.28821 4.15717
9.47973 5.18775

9.47973 5.18775
9.35949 6.0836

9.35949 6.0836
9.20357 7.28541

9.20357 7.28541
9.45843 8.06297

9.45843 8.06297
9.00146 9.00187

