0.43602 4.19313
1.06666 4.27885

1.01827 3.0702
1.06666 4.27885

1.01827 3.0702
2.00242 3.40203

2.00242 3.40203
3.17253 3.02723

3.17253 3.02723
4.2186 3.04817

4.42958 1.18377
4.10206 2.42225

4.42958 1.18377
5.40302 1.32118

4.10206 2.42225
4.2186 3.04817

4.2186 3.04817
4.11554 4.00162

4.11554 4.00162
4.42265 5.03069

4.11554 4.00162
5.3609 4.02614

4.42265 5.03069
4.27491 6.08943

5.40302 1.32118
5.01718 2.35639

5.01718 2.35639
6.08404 2.12908

5.3609 4.02614
5.04071 5.05289

5.04071 5.05289
6.21141 5.49006

6.44461 0.00984767
6.28285 1.02653

6.28285 1.02653
6.08404 2.12908

6.34782 3.01933
6.0942 4.4023

6.0942 4.4023
6.21141 5.49006

6.21141 5.49006
6.27526 6.39872

