4.48482 5.43068
4.06985 6.33065

4.06985 6.33065
5.22088 6.1288

4.05757 7.16659
4.37206 8.47319

4.05757 7.16659
5.46425 7.15249

4.37206 8.47319
5.33217 8.37487

5.42516 5.05062
5.22088 6.1288

5.22088 6.1288
5.46425 7.15249

5.22088 6.1288
6.3585 6.13381

5.46425 7.15249
5.33217 8.37487

5.46425 7.15249
6.05643 7.04537

5.33217 8.37487
5.06327 9.0394

5.33217 8.37487
6.4513 8.33326

5.06327 9.0394
6.04592 9.27148

6.3585 6.13381
6.05643 7.04537

6.05643 7.04537
6.4513 8.33326

6.05643 7.04537
7.03785 7.48066

6.4513 8.33326
6.04592 9.27148

6.04592 9.27148
7.31096 9.18513

7.49085 6.17791
7.03785 7.48066

7.03785 7.48066
7.41957 8.03012

7.03785 7.48066
8.1957 7.43529

7.31096 9.18513
8.25383 9.24394

8.1957 7.43529
8.06676 8.46428

