0.010873 0.0786813
1.04968 0.301989

0.165277 1.43768
0.415997 2.26485

0.165277 1.43768
1.09329 1.13144

0.415997 2.26485
1.46814 2.25843

1.04968 0.301989
1.09329 1.13144

1.04968 0.301989
2.33854 0.206441

2.33854 0.206441
2.19144 1.41632

2.33854 0.206441
3.15517 0.463271

2.19144 1.41632
2.23854 2.05076

2.23854 2.05076
3.0122 2.1706

3.15517 0.463271
4.15405 0.218828

3.48748 1.17557
3.0122 2.1706

3.48748 1.17557
4.23455 1.08696

3.0122 2.1706
3.30461 3.039

4.23455 1.08696
4.40934 2.48898

4.40934 2.48898
5.12954 2.05919

4.05312 3.48256
5.26217 3.49205

5.33346 0.431717
5.24204 1.39313

5.33346 0.431717
6.4079 0.349588

5.24204 1.39313
5.12954 2.05919

5.24204 1.39313
6.13714 1.09333

5.12954 2.05919
5.26217 3.49205

6.13714 1.09333
6.13131 2.30789

