3.05145 7.09927
4.09727 7.43312

4.09727 7.43312
5.21722 7.4077

5.35473 6.08247
6.2445 6.1527

5.21722 7.4077
5.22564 8.12946

5.21722 7.4077
6.34034 7.4219

6.35557 5.08072
6.2445 6.1527

6.2445 6.1527
6.34034 7.4219

6.2445 6.1527
7.45504 6.11491

6.34034 7.4219
6.08919 8.14484

6.34034 7.4219
7.14749 7.44554

6.08919 8.14484
7.38221 8.29779

7.45504 6.11491
7.14749 7.44554

7.14749 7.44554
7.38221 8.29779

7.14749 7.44554
8.33551 7.00216

7.38221 8.29779
8.45829 8.01001

8.15815 5.0365
8.09653 6.42492

8.09653 6.42492
8.33551 7.00216

8.33551 7.00216
8.45829 8.01001

8.33551 7.00216
9.01803 7.3162

8.45829 8.01001
9.14833 8.15302

