0.190541 0.0816997
1.03982 0.334955

0.044924 3.25252
1.19507 3.38185

0.363562 4.12702
0.147395 5.39142

0.147395 5.39142
1.35587 5.25862

1.03982 0.334955
1.34119 1.1471

1.03982 0.334955
2.45245 0.0380935

1.34119 1.1471
1.32675 2.09644

1.32675 2.09644
1.19507 3.38185

1.19507 3.38185
1.0398 4.3411

1.19507 3.38185
2.33791 3.4407

1.35587 5.25862
1.24074 6.16864

1.35587 5.25862
2.00822 5.19048

1.24074 6.16864
1.12465 7.03112

2.45245 0.0380935
3.47985 0.213892

2.36713 1.30174
3.1688 1.2797

2.0503 2.17386
2.33791 3.4407

2.33791 3.4407
2.36588 4.43185

2.36588 4.43185
2.00822 5.19048

3.47985 0.213892
3.1688 1.2797

3.47985 0.213892
4.14868 0.271978

4.14868 0.271978
4.05161 1.34994

4.14868 0.271978
5.42623 0.243932

4.05161 1.34994
4.18516 2.03512

4.05161 1.34994
5.292 1.38359

4.18516 2.03512
5.42939 2.03628

5.42623 0.243932
5.292 1.38359

5.42623 0.243932
6.12568 0.424523

5.292 1.38359
5.42939 2.03628

5.292 1.38359
6.09583 1.2432

5.42939 2.03628
5.26674 3.22925

5.42939 2.03628
6.46858 2.23731

6.12568 0.424523
6.09583 1.2432

6.12568 0.424523
7.16373 0.315171

6.09583 1.2432
6.46858 2.23731

6.09583 1.2432
7.41478 1.21636

6.46858 2.23731
6.19901 3.46559

6.46858 2.23731
7.01948 2.00708

7.16373 0.315171
7.41478 1.21636

7.16373 0.315171
8.08767 0.0947527

7.41478 1.21636
7.01948 2.00708

7.01948 2.00708
7.41215 3.22859

7.01948 2.00708
8.13768 2.27472

8.08767 0.0947527
8.2199 1.3167

8.2199 1.3167
9.18956 1.32431

