1.31999 0.212848
1.31222 1.4343

1.31999 0.212848
2.05053 0.0666766

1.31222 1.4343
1.43983 2.36966

1.43983 2.36966
1.08061 3.35256

1.08061 3.35256
1.48344 4.08151

1.08061 3.35256
2.47247 3.23486

1.48344 4.08151
2.06161 4.41252

2.05053 0.0666766
2.16759 1.05974

2.05053 0.0666766
3.25429 0.470089

2.01361 2.38675
2.47247 3.23486

2.01361 2.38675
3.37343 2.01569

2.47247 3.23486
3.33762 3.30059

2.06161 4.41252
3.04372 4.43555

3.25429 0.470089
3.09787 1.04534

3.09787 1.04534
4.06994 1.10265

3.37343 2.01569
4.1378 2.20038

3.33762 3.30059
4.27113 3.06406

3.04372 4.43555
4.34812 4.19999

4.31869 0.164444
4.06994 1.10265

4.27113 3.06406
5.28027 3.42488

5.23937 2.35106
5.28027 3.42488

5.28027 3.42488
5.12094 4.24707

5.12094 4.24707
6.10864 4.2444

6.3469 3.13706
6.10864 4.2444

6.3469 3.13706
7.13265 3.16146

6.10864 4.2444
6.47196 5.48323

6.47196 5.48323
6.33819 6.42611

6.33819 6.42611
6.16598 7.40784

6.16598 7.40784
7.39782 7.21505

7.13265 3.16146
7.37031 4.16256

7.37031 4.16256
8.30988 4.17347

8.44094 3.29298
8.30988 4.17347

8.30988 4.17347
9.29409 4.44831

9.36869 3.07076
9.29409 4.44831

9.29409 4.44831
9.04606 5.40384

9.04606 5.40384
9.25939 6.41551

9.25939 6.41551
9.37632 7.36815

