0.308442 3.37426
1.49179 3.35049

0.485487 5.27987
0.427648 6.03947

0.485487 5.27987
1.06855 5.04742

1.49179 3.35049
1.06151 4.28621

1.49179 3.35049
2.26705 3.31633

1.06855 5.04742
2.12247 5.13299

2.26705 3.31633
2.08737 4.34049

2.26705 3.31633
3.24597 3.15024

2.08737 4.34049
2.12247 5.13299

2.12247 5.13299
2.0393 6.32327

2.12247 5.13299
3.39964 5.13391

3.24597 3.15024
4.04035 3.45321

3.21658 4.44748
3.39964 5.13391

3.39964 5.13391
4.06954 5.40172

4.04035 3.45321
4.34472 4.40775

4.06954 5.40172
5.14662 5.09252

5.19995 4.08341
5.14662 5.09252

5.14662 5.09252
6.24502 5.10937

5.46886 6.07638
6.32079 6.15387

6.0449 4.45067
6.24502 5.10937

6.24502 5.10937
6.32079 6.15387

