1.09906 9.43392
2.43188 9.36466

2.45985 7.19727
2.23566 8.03988

2.45985 7.19727
3.03629 7.03374

2.23566 8.03988
2.43188 9.36466

2.43188 9.36466
3.34614 9.27608

3.21369 5.20124
3.0442 6.28259

3.0442 6.28259
3.03629 7.03374

3.0442 6.28259
4.06985 6.33065

3.03629 7.03374
4.05757 7.16659

3.00798 8.44523
3.34614 9.27608

4.05757 7.16659
4.37206 8.47319

4.05757 7.16659
5.46425 7.15249

5.42516 5.05062
5.22088 6.1288

5.22088 6.1288
5.46425 7.15249

5.46425 7.15249
5.33217 8.37487

5.46425 7.15249
6.05643 7.04537

5.33217 8.37487
5.06327 9.0394

5.33217 8.37487
6.4513 8.33326

6.3585 6.13381
6.05643 7.04537

6.05643 7.04537
6.4513 8.33326

6.05643 7.04537
7.03785 7.48066

7.03785 7.48066
8.1957 7.43529

