5.01136 4.38542
5.00069 5.4337

5.00069 5.4337
6.4217 5.07677

6.4217 5.07677
7.11037 5.42416

6.21077 7.15707
7.06592 7.41757

7.11037 5.42416
7.22039 6.49006

7.11037 5.42416
8.2648 5.34575

7.22039 6.49006
7.06592 7.41757

7.22039 6.49006
8.47548 6.1504

7.42022 9.4425
8.22979 9.2272

8.26245 1.30936
8.16207 2.49414

8.16207 2.49414
8.19849 3.172

8.16207 2.49414
9.18131 2.2279

8.19849 3.172
8.03148 4.27701

8.03148 4.27701
8.2648 5.34575

8.2648 5.34575
8.47548 6.1504

8.2648 5.34575
9.12378 5.11477

8.47548 6.1504
8.48071 7.48284

8.47548 6.1504
9.38653 6.43424

8.48071 7.48284
9.09283 7.49719

8.48457 8.30333
8.22979 9.2272

8.48457 8.30333
9.22596 8.45341

8.22979 9.2272
9.45148 9.09347

9.45888 3.17466
9.16323 4.49017

9.16323 4.49017
9.12378 5.11477

9.12378 5.11477
9.38653 6.43424

9.38653 6.43424
9.09283 7.49719

9.09283 7.49719
9.22596 8.45341

9.22596 8.45341
9.45148 9.09347

