0.258311 0.0168741
0.305215 1.18318
0.162243 2.11448
0.0856173 3.15252
0.1187 4.40645
0.0497194 5.15883
0.173777 6.31128
1.43039 0.345193
1.49539 1.40008
1.4845 2.34896
1.24638 3.11267
1.15786 4.21443
1.45147 5.00735
1.14089 6.46666
2.02926 0.287001
2.22322 1.30335
2.35043 2.24424
2.34116 3.08373
2.05398 4.42115
2.20084 5.0407
2.29179 6.07942
3.16639 0.181319
3.31458 1.05446
3.46686 2.31645
3.05668 3.40543
3.16301 4.27489
3.40601 5.48517
3.38079 6.22056
4.18323 0.135919
4.16756 1.34667
4.244 2.34227
4.20313 3.29498
4.04269 4.37077
4.11617 5.38756
4.13926 6.22082
5.15147 0.365711
5.10605 1.2311
5.044 2.38274
5.28232 3.47462
5.27885 4.30927
5.00856 5.43097
5.44461 6.32169
6.08608 0.452553
6.16493 1.12377
6.38732 2.08884
6.36848 3.08246
6.21618 4.0459
6.48059 5.25401
6.30936 6.34492
