3.37286 1.15566
4.38227 1.22477

4.01043 0.260687
4.38227 1.22477

4.38227 1.22477
4.41905 2.41961

4.38227 1.22477
5.30286 1.49635

4.41905 2.41961
5.22461 2.46954

5.00956 0.308789
5.30286 1.49635

5.30286 1.49635
5.22461 2.46954

5.30286 1.49635
6.22429 1.42528

5.22461 2.46954
5.22257 3.15166

5.22461 2.46954
6.1583 2.35496

5.22257 3.15166
6.43553 3.36721

6.31382 0.0315519
6.22429 1.42528

6.31382 0.0315519
7.00072 0.258375

6.22429 1.42528
6.1583 2.35496

6.22429 1.42528
7.21109 1.11723

6.1583 2.35496
7.19157 2.09575

7.00072 0.258375
7.21109 1.11723

7.00072 0.258375
8.36395 0.445718

7.21109 1.11723
8.26245 1.30936

7.19157 2.09575
8.16207 2.49414

7.11037 5.42416
8.2648 5.34575

8.36395 0.445718
8.26245 1.30936

8.36395 0.445718
9.41315 0.242782

8.26245 1.30936
8.16207 2.49414

8.26245 1.30936
9.36564 1.37813

8.16207 2.49414
8.19849 3.172

8.16207 2.49414
9.18131 2.2279

8.19849 3.172
8.03148 4.27701

8.03148 4.27701
8.2648 5.34575

8.2648 5.34575
8.47548 6.1504

8.2648 5.34575
9.12378 5.11477

9.41315 0.242782
9.36564 1.37813

