2.08682 2.35771
2.17428 3.02415

2.08682 2.35771
3.13537 2.21968

3.05341 0.418875
3.28529 1.27193

3.05341 0.418875
4.14899 0.258188

3.28529 1.27193
3.13537 2.21968

3.28529 1.27193
4.09595 1.09342

3.13537 2.21968
4.27339 2.37144

3.17455 3.17912
4.37578 3.33871

4.14899 0.258188
4.09595 1.09342

4.14899 0.258188
5.2807 0.441347

4.27339 2.37144
4.37578 3.33871

4.27339 2.37144
5.00068 2.06229

4.37578 3.33871
5.26843 3.47594

5.26843 3.47594
6.34826 3.44607

5.15519 4.01937
6.34439 4.15098

5.03139 5.10772
6.06522 5.49346

6.34826 3.44607
6.34439 4.15098

6.34439 4.15098
6.06522 5.49346

6.06522 5.49346
6.28728 6.06795

