0.228095 0.305314
1.24189 0.391292

1.24189 0.391292
2.12549 0.122743

2.12549 0.122743
2.15355 1.39208

2.12549 0.122743
3.48817 0.376315

2.15355 1.39208
2.16403 2.38032

2.16403 2.38032
2.20299 3.39264

2.16403 2.38032
3.19853 2.08639

2.20299 3.39264
2.19249 4.21521

2.20299 3.39264
3.16153 3.11831

2.19249 4.21521
2.08643 5.32481

2.19249 4.21521
3.0546 4.37808

2.08643 5.32481
3.35157 5.46958

3.48817 0.376315
3.12726 1.45777

3.48817 0.376315
4.27942 0.17709

3.19853 2.08639
4.24799 2.36997

3.16153 3.11831
3.0546 4.37808

3.16153 3.11831
4.41327 3.40083

3.0546 4.37808
3.35157 5.46958

3.0546 4.37808
4.14687 4.17751

4.27942 0.17709
4.16196 1.25612

4.27942 0.17709
5.17146 0.113974

4.24799 2.36997
4.41327 3.40083

4.41327 3.40083
5.28924 3.35813

