0.0854438 6.43265
0.312905 7.31807

0.312905 7.31807
0.186527 8.26378

0.312905 7.31807
1.16026 7.17183

0.186527 8.26378
0.167438 9.07899

0.167438 9.07899
1.2356 9.33099

1.31394 6.17602
1.16026 7.17183

1.16026 7.17183
1.23897 8.28555

1.2356 9.33099
2.09116 9.17557

2.49942 7.17035
2.45994 8.13132

2.49942 7.17035
3.19852 7.36943

2.45994 8.13132
2.09116 9.17557

2.45994 8.13132
3.33856 8.16116

3.33856 8.16116
4.05158 8.26894

3.0523 9.08541
4.09932 9.32358

4.36939 7.23713
4.05158 8.26894

4.05158 8.26894
5.34614 8.21951

4.09932 9.32358
5.36037 9.39959

5.34614 8.21951
5.36037 9.39959

5.36037 9.39959
6.01144 9.29419

