0.0501652 0.0127548
0.452437 1.34551

0.0501652 0.0127548
1.40581 0.414103

0.452437 1.34551
0.272097 2.1685

0.452437 1.34551
1.37364 1.37484

1.40581 0.414103
1.37364 1.37484

1.40581 0.414103
2.24192 0.0439321

2.24192 0.0439321
2.40649 1.4312

2.24192 0.0439321
3.12611 0.348931

3.12611 0.348931
3.43955 1.29497

3.12611 0.348931
4.01684 0.110946

4.01684 0.110946
4.12344 1.46263

4.01684 0.110946
5.3212 0.446889

4.12344 1.46263
4.17874 2.47346

4.17874 2.47346
5.25577 2.28184

5.3212 0.446889
5.32229 1.28524

