0.47962 4.04537
1.13565 4.05023

0.415311 5.1994
0.179729 6.1094

0.415311 5.1994
1.13945 5.23459

0.179729 6.1094
0.207314 7.29104

0.179729 6.1094
1.3211 6.04345

0.207314 7.29104
0.111187 8.14588

0.111187 8.14588
0.196282 9.39049

0.111187 8.14588
1.33171 8.0707

0.196282 9.39049
1.049 9.07484

1.13565 4.05023
2.41342 4.0061

1.13945 5.23459
1.3211 6.04345

1.3211 6.04345
1.31091 7.01933

1.3211 6.04345
2.36902 6.07897

1.33171 8.0707
1.049 9.07484

1.33171 8.0707
2.33555 8.24012

1.049 9.07484
2.26983 9.33388

2.41342 4.0061
3.16858 4.45663

2.27764 5.42994
2.36902 6.07897

2.27764 5.42994
3.23685 5.23173

2.36902 6.07897
2.37784 7.37353

2.33555 8.24012
2.26983 9.33388

3.16858 4.45663
3.23685 5.23173

3.16858 4.45663
4.24093 4.15251

4.24093 4.15251
4.06196 5.48109

