0.41716 1.11252
0.142873 2.12034

0.142873 2.12034
0.435759 3.28138

0.435759 3.28138
0.421542 4.1388

0.421542 4.1388
0.486448 5.33048

0.486448 5.33048
0.0846509 6.04593

0.486448 5.33048
1.238 5.23004

0.191228 7.31595
0.478469 8.49382

0.191228 7.31595
1.1389 7.26326

0.478469 8.49382
0.306568 9.44853

0.306568 9.44853
1.02957 9.00293

1.238 5.23004
1.13956 6.39411

1.238 5.23004
2.39279 5.01593

1.1389 7.26326
2.49971 7.16029

1.29678 8.1045
1.02957 9.00293

1.02957 9.00293
2.10447 9.3858

2.39279 5.01593
2.43154 6.04002

2.39279 5.01593
3.1111 5.43256

2.43154 6.04002
2.49971 7.16029

2.49971 7.16029
2.4559 8.0893

2.10447 9.3858
3.29405 9.48494

3.1111 5.43256
3.33354 6.245

3.1111 5.43256
4.10808 5.46573

3.33354 6.245
4.30936 6.40913

4.10808 5.46573
5.26702 5.03724

4.30936 6.40913
5.24573 6.15558

5.26702 5.03724
6.47196 5.48323

5.24573 6.15558
5.46046 7.35314

6.47196 5.48323
7.33204 5.47072

