0.145369 0.134674
0.174511 1.31202
0.0318049 2.35647
0.384624 3.4717
0.352857 4.00265
0.408193 5.29422
0.463056 6.02928
0.226017 7.1563
0.0822239 8.10674
0.11024 9.13365
1.42626 0.452422
1.13876 1.26656
1.07771 2.09446
1.13267 3.26182
1.41655 4.15372
1.1727 5.27049
1.44437 6.2503
1.27417 7.03997
1.45129 8.12727
1.20735 9.28359
2.16168 0.312087
2.13498 1.48276
2.0789 2.1121
2.4158 3.05634
2.12422 4.05788
2.14065 5.00587
2.26165 6.43798
2.11892 7.2451
2.3027 8.10581
2.40925 9.07064
3.17569 0.484684
3.41706 1.06693
3.37295 2.3808
3.1093 3.36253
3.39378 4.1314
3.14019 5.03538
3.08961 6.05356
3.00824 7.09675
3.03036 8.06001
3.3991 9.14262
4.17971 0.198319
4.3385 1.47328
4.03015 2.46111
4.17559 3.00612
4.21495 4.01709
4.33809 5.20777
4.03571 6.21806
4.4088 7.00247
4.26341 8.19073
4.07283 9.0262
5.03411 0.270295
5.08105 1.23632
5.18147 2.20711
5.48195 3.06028
5.45706 4.22461
5.34086 5.47031
5.33533 6.25455
5.43634 7.39466
5.45285 8.26961
5.44326 9.01507
6.48379 0.422397
6.45677 1.48408
6.34679 2.47387
6.36359 3.14853
6.00503 4.47935
6.21417 5.31066
6.04857 6.08365
6.36316 7.18545
6.42125 8.14307
6.29819 9.04979
7.2984 0.361019
7.46154 1.08144
7.31003 2.42498
7.10977 3.4614
7.2826 4.42061
7.05516 5.44496
7.32694 6.29679
7.22732 7.2904
7.02948 8.06364
7.14502 9.4138
8.44767 0.406547
8.24282 1.40011
8.11157 2.33966
8.48168 3.19998
8.22936 4.27787
8.38648 5.18899
8.36517 6.30277
8.00949 7.2635
8.25174 8.36679
8.3313 9.24747
9.29314 0.440653
9.30019 1.29782
9.01871 2.44412
9.44822 3.16204
9.21341 4.27929
9.28355 5.21351
9.39966 6.24058
9.48493 7.00072
9.48196 8.20104
9.33562 9.47791
