0.482311 0.348159
1.48176 0.250087

1.48176 0.250087
2.17066 0.0503209

2.17066 0.0503209
2.24662 1.47789

2.17066 0.0503209
3.00274 0.423997

2.24662 1.47789
3.00301 1.31228

3.00274 0.423997
3.00301 1.31228

3.00274 0.423997
4.3157 0.378889

4.3157 0.378889
5.3761 0.279857

4.07633 1.03513
4.00956 2.13974

4.07633 1.03513
5.13004 1.12483

4.00956 2.13974
4.29937 3.44275

4.00956 2.13974
5.49225 2.23269

5.3761 0.279857
5.13004 1.12483

5.3761 0.279857
6.17352 0.168472

5.13004 1.12483
5.49225 2.23269

5.13004 1.12483
6.08199 1.20425

6.17352 0.168472
6.08199 1.20425

