6.4513 8.33326
7.41957 8.03012

7.35522 4.31148
7.18831 5.16363

7.18831 5.16363
8.41442 5.45527

7.03785 7.48066
7.41957 8.03012

7.41957 8.03012
8.06676 8.46428

7.31096 9.18513
8.25383 9.24394

8.41442 5.45527
9.12585 5.28864

8.41449 6.46231
8.1957 7.43529

8.1957 7.43529
8.06676 8.46428

8.1957 7.43529
9.00106 7.00151

8.06676 8.46428
8.25383 9.24394

8.06676 8.46428
9.24447 8.46368

8.25383 9.24394
9.48509 9.27349

9.2895 4.48214
9.12585 5.28864

9.12585 5.28864
9.05065 6.49702

9.05065 6.49702
9.00106 7.00151

9.00106 7.00151
9.24447 8.46368

9.24447 8.46368
9.48509 9.27349

