6.04857 6.08365
6.36316 7.18545

6.04857 6.08365
7.32694 6.29679

6.36316 7.18545
7.22732 7.2904

6.42125 8.14307
7.02948 8.06364

7.2826 4.42061
8.22936 4.27787

7.32694 6.29679
7.22732 7.2904

7.32694 6.29679
8.36517 6.30277

7.22732 7.2904
8.00949 7.2635

7.02948 8.06364
8.25174 8.36679

8.48168 3.19998
8.22936 4.27787

8.22936 4.27787
8.38648 5.18899

8.38648 5.18899
9.28355 5.21351

8.36517 6.30277
8.00949 7.2635

8.36517 6.30277
9.39966 6.24058

8.00949 7.2635
8.25174 8.36679

8.00949 7.2635
9.48493 7.00072

9.21341 4.27929
9.28355 5.21351

9.28355 5.21351
9.39966 6.24058

9.39966 6.24058
9.48493 7.00072

9.48493 7.00072
9.48196 8.20104

