0.421648 4.19542
0.311394 5.2825

0.421648 4.19542
1.10296 4.40439

0.311394 5.2825
0.0893261 6.02232

0.311394 5.2825
1.23379 5.40069

0.0893261 6.02232
1.32445 6.41198

1.10296 4.40439
1.23379 5.40069

1.10296 4.40439
2.15233 4.35284

1.23379 5.40069
1.32445 6.41198

1.23379 5.40069
2.12435 5.40459

2.2321 2.28203
2.45787 3.36101

2.2321 2.28203
3.47165 2.15206

2.45787 3.36101
2.15233 4.35284

2.15233 4.35284
2.12435 5.40459

2.15233 4.35284
3.20079 4.21

2.12435 5.40459
2.43265 6.33469

2.12435 5.40459
3.11746 5.15801

3.47165 2.15206
4.00956 2.13974

3.20079 4.21
3.11746 5.15801

