1.48176 0.250087
1.06294 1.13775

1.06294 1.13775
1.12635 2.33402

1.06294 1.13775
2.24662 1.47789

1.27851 3.2678
1.10296 4.40439

1.10296 4.40439
2.15233 4.35284

2.24662 1.47789
2.2321 2.28203

2.2321 2.28203
2.45787 3.36101

2.2321 2.28203
3.47165 2.15206

2.45787 3.36101
2.15233 4.35284

3.00301 1.31228
3.47165 2.15206

3.00301 1.31228
4.07633 1.03513

4.3157 0.378889
4.07633 1.03513

4.3157 0.378889
5.3761 0.279857

4.07633 1.03513
5.13004 1.12483

4.00956 2.13974
5.49225 2.23269

5.3761 0.279857
5.13004 1.12483

5.3761 0.279857
6.17352 0.168472

5.13004 1.12483
5.49225 2.23269

6.17352 0.168472
6.08199 1.20425

