0.190541 0.0816997
0.173138 1.17551

0.190541 0.0816997
1.03982 0.334955

0.173138 1.17551
0.398099 2.00186

0.398099 2.00186
0.044924 3.25252

0.398099 2.00186
1.32675 2.09644

0.044924 3.25252
0.363562 4.12702

0.044924 3.25252
1.19507 3.38185

0.4404 7.34636
0.428373 8.15681

0.4404 7.34636
1.12465 7.03112

1.03982 0.334955
2.45245 0.0380935

1.32675 2.09644
1.19507 3.38185

1.32675 2.09644
2.0503 2.17386

1.35587 5.25862
1.24074 6.16864

1.35587 5.25862
2.00822 5.19048

1.24074 6.16864
1.12465 7.03112

1.12465 7.03112
1.01085 8.4487

2.45245 0.0380935
3.47985 0.213892

2.0503 2.17386
2.33791 3.4407

2.33791 3.4407
2.36588 4.43185

2.36588 4.43185
2.00822 5.19048

3.47985 0.213892
3.1688 1.2797

3.1688 1.2797
3.15299 2.02735

3.15299 2.02735
4.18516 2.03512

4.05161 1.34994
4.18516 2.03512

4.05161 1.34994
5.292 1.38359

5.292 1.38359
6.09583 1.2432

5.42939 2.03628
5.26674 3.22925

5.42939 2.03628
6.46858 2.23731

6.12568 0.424523
6.09583 1.2432

6.09583 1.2432
6.46858 2.23731

6.46858 2.23731
6.19901 3.46559

6.46858 2.23731
7.01948 2.00708

