1.25117 5.04305
1.12476 6.18795

1.25117 5.04305
2.41461 5.43182

2.00369 3.26552
3.22165 3.36199

2.38892 4.18498
3.37282 4.08378

2.41461 5.43182
3.21369 5.20124

3.34492 2.14163
3.22165 3.36199

3.22165 3.36199
3.37282 4.08378

3.22165 3.36199
4.08551 3.11405

3.37282 4.08378
3.21369 5.20124

3.37282 4.08378
4.21822 4.10506

3.21369 5.20124
3.0442 6.28259

3.21369 5.20124
4.48482 5.43068

3.0442 6.28259
3.03629 7.03374

3.0442 6.28259
4.06985 6.33065

4.08551 3.11405
4.21822 4.10506

4.08551 3.11405
5.44199 3.23206

4.21822 4.10506
4.48482 5.43068

4.21822 4.10506
5.25301 4.17268

4.48482 5.43068
5.42516 5.05062

4.06985 6.33065
4.05757 7.16659

5.44199 3.23206
5.25301 4.17268

5.44199 3.23206
6.11273 3.05096

5.25301 4.17268
5.42516 5.05062

5.42516 5.05062
6.03724 5.34574

6.11273 3.05096
6.1774 4.17437

6.03724 5.34574
7.18831 5.16363

7.35522 4.31148
7.18831 5.16363

