0.193629 3.3676
0.235938 4.03322

0.193629 3.3676
1.10604 3.03656

0.299419 5.14151
1.46119 5.40858

1.10604 3.03656
1.28567 4.00102

1.10604 3.03656
2.22652 3.44417

1.28567 4.00102
1.46119 5.40858

1.46119 5.40858
2.06144 5.12311

2.22652 3.44417
3.30461 3.039

2.08397 4.15118
3.01294 4.23815

3.30461 3.039
3.01294 4.23815

3.01294 4.23815
3.48877 5.42599

3.48877 5.42599
3.49322 6.40888

3.49322 6.40888
4.36961 6.42926

4.411 4.3079
4.19165 5.2077

4.19165 5.2077
5.43277 5.49708

4.36961 6.42926
4.00694 7.22421

4.36961 6.42926
5.23709 6.28457

4.00694 7.22421
5.27155 7.05703

4.22198 8.04711
5.26553 8.43458

5.04158 4.43624
5.43277 5.49708

5.43277 5.49708
5.23709 6.28457

5.27155 7.05703
5.26553 8.43458

