2.2354 9.1215
3.37094 9.44701

3.39449 7.13055
3.17393 8.17128

3.17393 8.17128
3.37094 9.44701

3.17393 8.17128
4.47944 8.03735

3.37094 9.44701
4.42241 9.36689

4.21199 5.49866
5.45522 5.04821

4.39318 6.43406
4.40999 7.03625

4.40999 7.03625
4.47944 8.03735

4.40999 7.03625
5.33948 7.24428

4.47944 8.03735
4.42241 9.36689

4.47944 8.03735
5.41259 8.43471

4.42241 9.36689
5.49615 9.23378

5.1418 4.02659
5.45522 5.04821

5.45522 5.04821
6.20445 5.46716

5.33948 7.24428
5.41259 8.43471

5.33948 7.24428
6.26015 7.05587

5.41259 8.43471
5.49615 9.23378

6.48774 4.26599
6.20445 5.46716

6.48774 4.26599
7.18544 4.06328

6.20445 5.46716
6.33658 6.05252

6.20445 5.46716
7.02404 5.28116

6.33658 6.05252
6.26015 7.05587

6.33658 6.05252
7.41912 6.30435

6.26015 7.05587
6.07825 8.37437

7.39297 3.38076
7.18544 4.06328

7.18544 4.06328
7.02404 5.28116

7.02404 5.28116
7.41912 6.30435

7.02404 5.28116
8.25721 5.10755

7.41912 6.30435
7.1318 7.38006

7.1318 7.38006
7.13488 8.41978

8.03409 0.413757
9.03239 0.0177051

8.27443 1.43222
9.11876 1.12188

8.04485 4.29648
8.25721 5.10755

8.04485 4.29648
9.2129 4.34941

8.25721 5.10755
8.44642 6.30879

9.03239 0.0177051
9.11876 1.12188

9.11876 1.12188
9.10033 2.15506

9.10033 2.15506
9.3293 3.37476

9.3293 3.37476
9.2129 4.34941

9.2129 4.34941
9.09409 5.20247

