0.363562 4.12702
0.147395 5.39142

0.363562 4.12702
1.0398 4.3411

0.147395 5.39142
0.120527 6.0066

0.120527 6.0066
0.4404 7.34636

0.120527 6.0066
1.24074 6.16864

1.19507 3.38185
1.0398 4.3411

1.19507 3.38185
2.33791 3.4407

2.33791 3.4407
3.09953 3.13732

3.09953 3.13732
4.24283 3.45295

3.21454 7.22139
4.24166 7.06663

3.12074 9.02915
4.20226 9.25853

4.24283 3.45295
4.06616 4.16203

4.06616 4.16203
5.07267 4.11887

4.24166 7.06663
4.11918 8.01795

4.11918 8.01795
4.20226 9.25853

4.20226 9.25853
5.17249 9.06642

5.26674 3.22925
6.19901 3.46559

5.07267 4.11887
6.41257 4.00777

5.17249 9.06642
6.40996 9.14001

6.19901 3.46559
6.41257 4.00777

6.19901 3.46559
7.41215 3.22859

6.33666 6.22416
6.45051 7.0348

6.33666 6.22416
7.33301 6.06618

6.45051 7.0348
6.00542 8.19184

6.00542 8.19184
6.40996 9.14001

7.41215 3.22859
7.15256 4.2546

7.15256 4.2546
7.36089 5.43747

7.36089 5.43747
7.33301 6.06618

7.36089 5.43747
8.48144 5.48551

8.2199 1.3167
8.13768 2.27472

8.13768 2.27472
8.04798 3.17503

8.13768 2.27472
9.12061 2.04108

8.04798 3.17503
8.25974 4.3949

8.25974 4.3949
8.48144 5.48551

9.02544 0.440759
9.18956 1.32431

9.18956 1.32431
9.12061 2.04108

