3.25379 6.06429
4.27491 6.08943

4.42958 1.18377
5.40302 1.32118

4.11554 4.00162
4.42265 5.03069

4.11554 4.00162
5.3609 4.02614

4.42265 5.03069
4.27491 6.08943

4.27491 6.08943
5.02836 6.122

5.40302 1.32118
5.01718 2.35639

5.01718 2.35639
6.08404 2.12908

5.47734 3.0491
6.34782 3.01933

5.3609 4.02614
5.04071 5.05289

5.04071 5.05289
5.02836 6.122

5.04071 5.05289
6.21141 5.49006

5.02836 6.122
6.27526 6.39872

6.28285 1.02653
6.08404 2.12908

6.08404 2.12908
6.34782 3.01933

6.34782 3.01933
6.0942 4.4023

6.0942 4.4023
6.21141 5.49006

6.21141 5.49006
6.27526 6.39872

