0.211368 0.407223
0.409682 1.31833
0.00417843 2.23919
0.438638 3.21332
0.0824165 4.31703
0.443826 5.33476
0.277567 6.26426
1.08279 0.152428
1.18912 1.37608
1.145 2.06612
1.44639 3.08194
1.49624 4.18393
1.16633 5.10457
1.39306 6.34236
2.17072 0.241431
2.48355 1.45713
2.00885 2.13053
2.22175 3.35729
2.37709 4.17075
2.01955 5.39684
2.28948 6.37991
3.31521 0.142281
3.19502 1.46988
3.42654 2.49203
3.34384 3.26466
3.22003 4.49463
3.48189 5.10714
3.04048 6.4302
4.15761 0.348663
4.39132 1.07053
4.39808 2.19479
4.46235 3.17456
4.34174 4.21347
4.48812 5.46818
4.44169 6.01239
5.1855 0.396892
5.13048 1.32081
5.29175 2.49849
5.39349 3.10618
5.08847 4.48433
5.0158 5.06642
5.2871 6.32377
6.32238 0.332596
6.10261 1.28535
6.48844 2.23628
6.04138 3.47666
6.37954 4.04349
6.20591 5.38609
6.049 6.04095
