3.36406 3.1035
3.04305 4.3173

3.36406 3.1035
4.07445 3.36055

3.04305 4.3173
4.2602 4.3733

4.07445 3.36055
4.2602 4.3733

4.07445 3.36055
5.27809 3.06339

5.27809 3.06339
6.48298 3.31036

5.18049 8.46703
5.1162 9.16166

5.18049 8.46703
6.3621 8.38864

6.39249 2.24655
6.48298 3.31036

6.39249 2.24655
7.20419 2.2529

6.48298 3.31036
7.46704 3.39687

6.1309 4.03229
7.15226 4.49498

6.4521 6.0654
6.41898 7.10141

6.4521 6.0654
7.25653 6.35439

6.41898 7.10141
6.3621 8.38864

6.3621 8.38864
6.03425 9.04023

6.3621 8.38864
7.36341 8.37579

6.03425 9.04023
7.25999 9.28226

7.20419 2.2529
7.46704 3.39687

7.46704 3.39687
7.15226 4.49498

7.15226 4.49498
7.07223 5.25012

7.07223 5.25012
7.25653 6.35439

7.25653 6.35439
8.37548 6.38031

7.03419 7.45461
7.36341 8.37579

7.25999 9.28226
8.30777 9.00919

