0.052565 0.120564
0.0358567 1.26234

0.0358567 1.26234
0.133771 2.48823

0.0358567 1.26234
1.44668 1.34883

0.133771 2.48823
0.284943 3.40761

0.133771 2.48823
1.22518 2.31648

0.356168 4.34094
1.24392 4.13658

1.49684 0.351597
1.44668 1.34883

1.49684 0.351597
2.04133 0.394959

1.44668 1.34883
1.22518 2.31648

1.44668 1.34883
2.33825 1.12623

1.22518 2.31648
1.41851 3.06504

1.41851 3.06504
1.24392 4.13658

1.41851 3.06504
2.45028 3.28118

1.24392 4.13658
1.02384 5.0431

1.24392 4.13658
2.07259 4.40761

2.12271 2.43732
2.45028 3.28118

2.45028 3.28118
2.07259 4.40761

