0.467325 4.26105
0.479565 5.25916

0.479565 5.25916
0.470714 6.04414

0.479565 5.25916
1.44857 5.29214

0.470714 6.04414
0.282527 7.03166

0.282527 7.03166
0.430867 8.42212

0.282527 7.03166
1.0587 7.44098

0.430867 8.42212
0.203982 9.04873

0.430867 8.42212
1.41912 8.17182

0.203982 9.04873
1.30596 9.0054

1.44857 5.29214
1.34206 6.00623

1.34206 6.00623
1.0587 7.44098

1.34206 6.00623
2.23517 6.20536

1.0587 7.44098
1.41912 8.17182

1.0587 7.44098
2.49697 7.22585

1.41912 8.17182
1.30596 9.0054

2.23517 6.20536
2.49697 7.22585

2.49697 7.22585
2.36845 8.22011

2.49697 7.22585
3.08492 7.43578

2.36845 8.22011
2.37364 9.35539

2.36845 8.22011
3.19664 8.33997

2.37364 9.35539
3.00683 9.1661

3.26575 4.08249
3.1504 5.00488

3.1504 5.00488
3.13862 6.08638

3.13862 6.08638
3.08492 7.43578

3.08492 7.43578
3.19664 8.33997

3.19664 8.33997
4.34018 8.42628

4.30246 7.21144
5.33154 7.00472

4.34018 8.42628
5.16858 8.3146

4.23391 9.08622
5.3068 9.37196

5.33154 7.00472
5.16858 8.3146

5.16858 8.3146
5.3068 9.37196

5.3068 9.37196
6.31512 9.46372

