0.314076 0.110522
0.492669 1.05196

0.314076 0.110522
1.08468 0.381525

0.492669 1.05196
0.400899 2.11065

0.400899 2.11065
1.12398 2.10513

1.08468 0.381525
1.41472 1.19929

1.41472 1.19929
1.12398 2.10513

1.41472 1.19929
2.00955 1.25808

2.24063 0.338791
2.00955 1.25808

2.00955 1.25808
2.32472 2.32267

2.00955 1.25808
3.48275 1.41516

2.32472 2.32267
2.46161 3.07236

3.48275 1.41516
4.21381 1.42526

3.16777 2.03682
4.22553 2.30863

4.21381 1.42526
4.22553 2.30863

4.22553 2.30863
4.01453 3.43622

