0.0187336 0.0103241
0.364304 1.3938

0.0187336 0.0103241
1.48425 0.00371314

0.143241 3.44842
0.123908 4.2295

0.143241 3.44842
1.39786 3.4034

0.123908 4.2295
1.14401 4.16864

0.246974 5.41695
0.161469 6.33735

0.246974 5.41695
1.29882 5.48617

1.48425 0.00371314
1.34545 1.37345

1.48425 0.00371314
2.05275 0.179886

1.34545 1.37345
1.02987 2.15448

1.02987 2.15448
1.39786 3.4034

1.39786 3.4034
1.14401 4.16864

1.39786 3.4034
2.40296 3.09829

1.14401 4.16864
1.29882 5.48617

1.14401 4.16864
2.43991 4.43047

1.29882 5.48617
1.14888 6.36968

2.05275 0.179886
3.22215 0.23741

2.43991 4.43047
2.15563 5.49707

2.43991 4.43047
3.10303 4.32198

