3.32556 9.13178
4.37767 9.15506

4.04037 4.47992
4.08043 5.09911

4.08043 5.09911
5.38821 5.08684

4.31134 7.3997
4.05686 8.2069

4.05686 8.2069
5.22087 8.3701

4.37767 9.15506
5.4996 9.45608

5.38821 5.08684
5.41723 6.36617

5.41723 6.36617
6.22693 6.22294

5.08005 7.15733
5.22087 8.3701

5.08005 7.15733
6.35242 7.4124

5.22087 8.3701
5.4996 9.45608

5.22087 8.3701
6.34617 8.02321

5.4996 9.45608
6.00098 9.17927

6.22693 6.22294
6.35242 7.4124

6.35242 7.4124
6.34617 8.02321

6.35242 7.4124
7.32635 7.31085

6.00098 9.17927
7.45302 9.33989

7.20879 5.44935
7.15616 6.40113

7.15616 6.40113
7.32635 7.31085

7.32635 7.31085
7.04246 8.26028

7.32635 7.31085
8.06189 7.46623

7.04246 8.26028
7.45302 9.33989

7.04246 8.26028
8.05452 8.18124

7.45302 9.33989
8.23529 9.30402

8.21586 6.07078
8.06189 7.46623

8.06189 7.46623
9.18804 7.20197

8.05452 8.18124
8.23529 9.30402

8.05452 8.18124
9.16606 8.42499

