7.19914 3.03733
7.47853 4.47422

7.19914 3.03733
8.40219 3.19566

7.47853 4.47422
8.30002 4.21081

7.10996 5.10079
7.29239 6.17829

7.29239 6.17829
8.41005 6.08655

7.30201 7.47191
7.36158 8.44553

7.30201 7.47191
8.11082 7.08377

7.36158 8.44553
8.10033 8.21138

8.30002 4.21081
9.33993 4.34006

8.11001 5.26507
9.26758 5.40753

8.41005 6.08655
9.24421 6.32301

8.11082 7.08377
9.35547 7.17441

9.46841 0.388272
9.11066 1.47137

9.11066 1.47137
9.4679 2.15914

9.4679 2.15914
9.20976 3.43104

9.20976 3.43104
9.33993 4.34006

9.33993 4.34006
9.26758 5.40753

9.26758 5.40753
9.24421 6.32301

9.24421 6.32301
9.35547 7.17441

9.35547 7.17441
9.47294 8.18232

9.47294 8.18232
9.00236 9.07754

