0.270934 3.05789
0.0887044 4.33157

0.0887044 4.33157
0.221041 5.27676

0.221041 5.27676
0.450463 6.24816

0.221041 5.27676
1.23889 5.30197

0.450463 6.24816
1.2418 6.16223

1.23889 5.30197
2.38321 5.19082

2.38321 5.19082
2.25043 6.22971

2.25043 6.22971
3.20653 6.07562

3.07187 4.05076
4.02258 4.19098

3.39613 5.39783
4.12524 5.17929

3.20653 6.07562
4.21373 6.00151

4.02258 4.19098
4.12524 5.17929

4.12524 5.17929
5.24544 5.06353

4.21373 6.00151
5.08367 6.03319

5.24544 5.06353
5.08367 6.03319

5.08367 6.03319
6.35901 6.23148

