0.478202 0.375811
0.211317 1.0252

0.478202 0.375811
1.18648 0.248731

0.211317 1.0252
0.145607 2.34503

1.18648 0.248731
1.45079 1.403

1.18648 0.248731
2.0486 0.183921

1.45079 1.403
1.31589 2.15309

2.0486 0.183921
2.35413 1.14704

2.35413 1.14704
2.42413 2.06675

2.42413 2.06675
3.22264 2.4319

3.43805 0.443577
3.35084 1.2314

3.43805 0.443577
4.16963 0.33239

3.35084 1.2314
3.22264 2.4319

4.16963 0.33239
5.45727 0.400053

5.45727 0.400053
5.22105 1.06796

5.22105 1.06796
5.21091 2.09697

5.22105 1.06796
6.40945 1.3355

6.18624 0.309787
6.40945 1.3355

6.18624 0.309787
7.21408 0.0567103

7.21408 0.0567103
8.1234 0.390798

8.1234 0.390798
9.02624 0.391477

9.02624 0.391477
9.14935 1.47515

