0.0511194 0.243706
1.22958 0.0703646

0.223642 1.17524
0.209506 2.33777

0.223642 1.17524
1.09951 1.33746

0.209506 2.33777
1.27604 2.28565

1.22958 0.0703646
1.09951 1.33746

1.22958 0.0703646
2.46339 0.0139473

1.09951 1.33746
1.27604 2.28565

1.09951 1.33746
2.36579 1.0772

1.27604 2.28565
2.13997 2.19983

2.46339 0.0139473
2.36579 1.0772

2.46339 0.0139473
3.32371 0.0836925

2.36579 1.0772
2.13997 2.19983

3.32371 0.0836925
3.4443 1.41151

3.32371 0.0836925
4.03866 0.0872834

3.4443 1.41151
3.08704 2.05583

3.08704 2.05583
3.27611 3.42497

4.03866 0.0872834
4.03865 1.00081

4.03866 0.0872834
5.40974 0.372076

5.40974 0.372076
6.42329 0.289372

6.42329 0.289372
7.01544 0.425325

6.30164 1.37897
7.43172 1.2344

7.01544 0.425325
7.43172 1.2344

7.01544 0.425325
8.04981 0.156996

7.43172 1.2344
7.18287 2.28221

7.43172 1.2344
8.25096 1.47531

8.04981 0.156996
9.13616 0.122322

9.13616 0.122322
9.00171 1.0262

