2.02755 1.35481
3.28529 1.27193

3.28529 1.27193
4.09595 1.09342

4.14899 0.258188
4.09595 1.09342

4.09595 1.09342
4.27339 2.37144

4.09595 1.09342
5.2003 1.04071

4.27339 2.37144
4.37578 3.33871

4.27339 2.37144
5.00068 2.06229

4.37578 3.33871
5.26843 3.47594

5.2807 0.441347
5.2003 1.04071

5.2003 1.04071
5.00068 2.06229

5.2003 1.04071
6.41144 1.09519

5.00068 2.06229
5.26843 3.47594

5.00068 2.06229
6.28669 2.2233

5.26843 3.47594
5.15519 4.01937

5.26843 3.47594
6.34826 3.44607

5.15519 4.01937
6.34439 4.15098

6.32962 0.37571
6.41144 1.09519

6.41144 1.09519
6.28669 2.2233

6.28669 2.2233
6.34826 3.44607

6.34826 3.44607
6.34439 4.15098

