0.211368 0.407223
0.409682 1.31833

0.409682 1.31833
1.18912 1.37608

0.00417843 2.23919
0.438638 3.21332

0.00417843 2.23919
1.145 2.06612

0.438638 3.21332
1.44639 3.08194

1.18912 1.37608
1.145 2.06612

1.145 2.06612
1.44639 3.08194

1.145 2.06612
2.00885 2.13053

1.44639 3.08194
2.22175 3.35729

1.49624 4.18393
2.37709 4.17075

2.00885 2.13053
2.22175 3.35729

2.00885 2.13053
3.42654 2.49203

2.22175 3.35729
2.37709 4.17075

2.37709 4.17075
3.22003 4.49463

3.42654 2.49203
4.39808 2.19479

3.22003 4.49463
4.34174 4.21347

