1.41505 1.4488
1.18802 2.06819

1.18802 2.06819
2.27825 2.04689

2.27825 2.04689
3.37409 2.2227

2.4598 3.44751
3.00728 3.01519

2.4994 4.49087
3.37202 4.19222

3.20387 1.33385
3.37409 2.2227

3.37409 2.2227
3.00728 3.01519

3.00728 3.01519
4.00725 3.1212

3.37202 4.19222
3.06723 5.07563

3.37202 4.19222
4.36126 4.23261

3.06723 5.07563
3.14827 6.20918

4.36152 2.35082
4.00725 3.1212

4.00725 3.1212
4.36126 4.23261

4.36126 4.23261
5.29141 4.46443

5.29141 4.46443
5.49898 5.03183

5.49898 5.03183
5.46747 6.36999

5.49898 5.03183
6.05315 5.29821

