5.38821 5.08684
6.23357 5.27804

6.17354 4.30918
6.23357 5.27804

6.17354 4.30918
7.4713 4.44684

6.23357 5.27804
7.20879 5.44935

6.22693 6.22294
7.15616 6.40113

7.18287 2.28221
7.28596 3.42505

7.28596 3.42505
7.4713 4.44684

7.4713 4.44684
7.20879 5.44935

7.4713 4.44684
8.14095 4.49299

7.15616 6.40113
8.21586 6.07078

8.38767 2.22675
8.23607 3.4964

8.23607 3.4964
8.14095 4.49299

8.14095 4.49299
8.45793 5.40321

8.14095 4.49299
9.01291 4.41618

8.45793 5.40321
9.33752 5.27499

8.21586 6.07078
9.32164 6.27922

8.23529 9.30402
9.26507 9.06049

9.33752 5.27499
9.32164 6.27922

9.32164 6.27922
9.18804 7.20197

9.18804 7.20197
9.16606 8.42499

9.16606 8.42499
9.26507 9.06049

