3.16858 4.45663
4.24093 4.15251

4.22141 2.46772
4.20266 3.03269

4.20266 3.03269
4.24093 4.15251

4.20266 3.03269
5.48968 3.36011

4.24093 4.15251
5.17991 4.23305

5.48968 3.36011
6.45166 3.38883

5.17991 4.23305
6.29805 4.43377

6.46676 1.23958
6.41677 2.11098

6.46676 1.23958
7.11387 1.34136

6.41677 2.11098
6.45166 3.38883

6.45166 3.38883
6.29805 4.43377

6.45166 3.38883
7.18534 3.22388

6.29805 4.43377
6.35557 5.08072

6.29805 4.43377
7.23412 4.27979

7.43015 2.48176
8.29275 2.1714

7.18534 3.22388
8.16685 3.21285

7.14121 5.40883
7.45504 6.11491

7.45504 6.11491
8.09653 6.42492

8.39488 0.191648
8.16397 1.26961

8.39488 0.191648
9.11971 0.331845

8.16397 1.26961
8.29275 2.1714

8.16397 1.26961
9.01517 1.47973

8.29275 2.1714
8.16685 3.21285

8.29275 2.1714
9.22687 2.39718

8.16685 3.21285
9.05553 3.30297

8.06434 4.11931
8.15815 5.0365

8.15815 5.0365
9.34521 5.49198

8.09653 6.42492
9.43658 6.3141

9.11971 0.331845
9.01517 1.47973

9.01517 1.47973
9.22687 2.39718

9.22687 2.39718
9.05553 3.30297

9.05553 3.30297
9.27831 4.1638

9.27831 4.1638
9.34521 5.49198

9.34521 5.49198
9.43658 6.3141

