0.0473835 0.304167
0.400797 1.1034
0.325014 2.3515
0.213619 3.31996
0.431644 4.00341
0.280068 5.42096
0.0651713 6.47067
0.402318 7.44818
0.379935 8.14907
0.370627 9.48482
1.00842 0.10705
1.41417 1.11195
1.1922 2.18522
1.36911 3.19145
1.19982 4.06147
1.11828 5.28004
1.05322 6.1573
1.37752 7.4964
1.12703 8.226
1.39066 9.41315
2.10925 0.170247
2.44921 1.37321
2.499 2.4357
2.12299 3.42207
2.46686 4.4652
2.07329 5.20283
2.11554 6.14965
2.08512 7.29289
2.15677 8.17429
2.06171 9.07701
3.07268 0.33407
3.04578 1.37943
3.40565 2.22718
3.26339 3.08741
3.42256 4.00305
3.38932 5.4208
3.11556 6.3563
3.15215 7.307
3.47272 8.26609
3.35457 9.22698
4.38657 0.331004
4.06617 1.23854
4.15615 2.28753
4.19337 3.42895
4.44637 4.01131
4.12684 5.12716
4.12765 6.48836
4.14204 7.23768
4.13435 8.18735
4.49075 9.00018
5.16992 0.101238
5.25995 1.14838
5.29719 2.35792
5.40259 3.24101
5.085 4.49182
5.4497 5.46588
5.30253 6.37016
5.4688 7.14435
5.12657 8.23829
5.03206 9.05673
6.04005 0.117124
6.39959 1.02306
6.34121 2.47161
6.47966 3.28984
6.08601 4.25374
6.48667 5.38027
6.14003 6.2773
6.3422 7.15867
6.43664 8.24323
6.24723 9.39404
7.4637 0.436631
7.11278 1.04313
7.03096 2.29694
7.30989 3.44596
7.27439 4.23082
7.26921 5.01919
7.10281 6.4853
7.2378 7.1443
7.39246 8.35303
7.01299 9.22191
8.4918 0.483358
8.14586 1.32295
8.15608 2.31426
8.15812 3.0443
8.44558 4.14343
8.14275 5.08822
8.37867 6.46919
8.10243 7.10321
8.34117 8.19008
8.48902 9.25103
9.46254 0.42147
9.19682 1.42105
9.441 2.31337
9.42037 3.19418
9.20617 4.46916
9.30076 5.12851
9.38286 6.21213
9.06985 7.12694
9.45355 8.46184
9.30888 9.14376
