0.256356 4.01335
1.234 4.20701

0.427524 5.06819
0.42761 6.01301

0.42761 6.01301
0.181137 7.13344

0.181137 7.13344
0.265846 8.45907

0.181137 7.13344
1.46758 7.32113

0.265846 8.45907
0.300186 9.30663

0.265846 8.45907
1.03974 8.17943

0.300186 9.30663
1.09906 9.43392

1.234 4.20701
2.38892 4.18498

1.46758 7.32113
1.03974 8.17943

1.46758 7.32113
2.45985 7.19727

1.03974 8.17943
1.09906 9.43392

1.03974 8.17943
2.23566 8.03988

2.38892 4.18498
2.41461 5.43182

2.41461 5.43182
2.29466 6.31909

2.29466 6.31909
2.45985 7.19727

2.23566 8.03988
3.00798 8.44523

3.03629 7.03374
3.00798 8.44523

