0.284247 8.45443
1.26592 8.35926

1.48986 6.05449
1.01944 7.29126

1.01944 7.29126
1.26592 8.35926

1.01944 7.29126
2.05268 7.39638

1.26592 8.35926
1.12094 9.29222

1.26592 8.35926
2.40276 8.47719

2.05268 7.39638
2.40276 8.47719

2.05268 7.39638
3.38218 7.25503

2.40276 8.47719
3.48257 8.29716

3.41584 5.43629
4.47858 5.27762

3.03752 6.39146
3.38218 7.25503

3.03752 6.39146
4.31152 6.20747

3.38218 7.25503
3.48257 8.29716

3.38218 7.25503
4.0443 7.33304

3.48257 8.29716
3.4845 9.41214

4.2602 4.3733
4.47858 5.27762

4.47858 5.27762
4.31152 6.20747

4.47858 5.27762
5.28157 5.01707

4.31152 6.20747
4.0443 7.33304

4.31152 6.20747
5.26972 6.0008

4.0443 7.33304
4.47203 8.11941

4.0443 7.33304
5.00854 7.11245

4.47203 8.11941
5.18049 8.46703

5.28157 5.01707
5.26972 6.0008

5.28157 5.01707
6.38164 5.24706

5.26972 6.0008
5.00854 7.11245

5.26972 6.0008
6.4521 6.0654

5.00854 7.11245
5.18049 8.46703

5.00854 7.11245
6.41898 7.10141

6.38164 5.24706
6.4521 6.0654

6.41898 7.10141
7.03419 7.45461

7.25653 6.35439
7.03419 7.45461

7.03419 7.45461
8.02846 7.32978

7.36341 8.37579
7.25999 9.28226

7.36341 8.37579
8.40427 8.42203

8.02846 7.32978
8.40427 8.42203

8.40427 8.42203
8.30777 9.00919

8.30777 9.00919
9.41269 9.37162

