0.169005 0.319148
0.476577 1.3903
0.249207 2.2915
0.437893 3.20431
0.256356 4.01335
0.427524 5.06819
0.42761 6.01301
0.181137 7.13344
0.265846 8.45907
0.300186 9.30663
1.25344 0.180388
1.49677 1.28751
1.42989 2.16985
1.31789 3.05187
1.234 4.20701
1.25117 5.04305
1.12476 6.18795
1.46758 7.32113
1.03974 8.17943
1.09906 9.43392
2.35888 0.454529
2.40539 1.45502
2.13201 2.01299
2.00369 3.26552
2.38892 4.18498
2.41461 5.43182
2.29466 6.31909
2.45985 7.19727
2.23566 8.03988
2.43188 9.36466
3.19942 0.141538
3.28969 1.43554
3.34492 2.14163
3.22165 3.36199
3.37282 4.08378
3.21369 5.20124
3.0442 6.28259
3.03629 7.03374
3.00798 8.44523
3.34614 9.27608
4.00011 0.468668
4.41632 1.23474
4.2496 2.26561
4.08551 3.11405
4.21822 4.10506
4.48482 5.43068
4.06985 6.33065
4.05757 7.16659
4.37206 8.47319
4.01688 9.47945
5.45651 0.190029
5.26216 1.43842
5.47497 2.20803
5.44199 3.23206
5.25301 4.17268
5.42516 5.05062
5.22088 6.1288
5.46425 7.15249
5.33217 8.37487
5.06327 9.0394
6.23494 0.349634
6.02694 1.14337
6.29866 2.02083
6.11273 3.05096
6.1774 4.17437
6.03724 5.34574
6.3585 6.13381
6.05643 7.04537
6.4513 8.33326
6.04592 9.27148
7.14093 0.162326
7.15813 1.23664
7.22725 2.11264
7.46547 3.19583
7.35522 4.31148
7.18831 5.16363
7.49085 6.17791
7.03785 7.48066
7.41957 8.03012
7.31096 9.18513
8.05654 0.142625
8.46817 1.11623
8.01039 2.3519
8.20175 3.28538
8.04296 4.09574
8.41442 5.45527
8.41449 6.46231
8.1957 7.43529
8.06676 8.46428
8.25383 9.24394
9.43321 0.398667
9.23328 1.26038
9.44441 2.25857
9.04506 3.23716
9.2895 4.48214
9.12585 5.28864
9.05065 6.49702
9.00106 7.00151
9.24447 8.46368
9.48509 9.27349
