1.2904 0.212797
1.07694 1.33785

1.07694 1.33785
2.40112 1.18875

2.40112 1.18875
3.39523 1.43098

3.43973 0.410979
3.39523 1.43098

3.43973 0.410979
4.08522 0.237251

3.39523 1.43098
4.21316 1.48727

4.08522 0.237251
4.21316 1.48727

4.08522 0.237251
5.03248 0.173174

4.21316 1.48727
4.22141 2.46772

4.21316 1.48727
5.23521 1.32608

5.03248 0.173174
5.23521 1.32608

5.03248 0.173174
6.29864 0.492965

5.23521 1.32608
6.46676 1.23958

6.29864 0.492965
6.46676 1.23958

6.29864 0.492965
7.38589 0.260914

