0.482311 0.348159
0.00939016 1.4266

0.00939016 1.4266
0.0801387 2.292

0.00939016 1.4266
1.06294 1.13775

0.0801387 2.292
0.380078 3.42634

1.48176 0.250087
1.06294 1.13775

1.06294 1.13775
1.12635 2.33402

1.06294 1.13775
2.24662 1.47789

1.12635 2.33402
2.2321 2.28203

1.27851 3.2678
1.10296 4.40439

1.27851 3.2678
2.45787 3.36101

1.10296 4.40439
2.15233 4.35284

2.24662 1.47789
2.2321 2.28203

2.2321 2.28203
2.45787 3.36101

2.2321 2.28203
3.47165 2.15206

2.45787 3.36101
2.15233 4.35284

2.45787 3.36101
3.28585 3.06706

3.00301 1.31228
3.47165 2.15206

3.00301 1.31228
4.07633 1.03513

3.47165 2.15206
3.28585 3.06706

3.47165 2.15206
4.00956 2.13974

3.28585 3.06706
3.20079 4.21

3.20079 4.21
4.12031 4.47686

4.3157 0.378889
4.07633 1.03513

4.12031 4.47686
5.44073 4.25394

