0.370658 0.408685
0.211781 1.24233
0.246834 2.37776
0.016973 3.03228
0.0807485 4.41787
0.291758 5.25183
0.323278 6.23524
1.38799 0.335852
1.37615 1.35663
1.19258 2.05957
1.33975 3.09506
1.45012 4.43945
1.04137 5.00658
1.29913 6.39868
2.36713 0.335893
2.18046 1.43325
2.13671 2.04113
2.14269 3.17744
2.16032 4.02649
2.21733 5.30771
2.22443 6.35386
3.2585 0.0964713
3.30412 1.08055
3.40052 2.47645
3.3229 3.01433
3.28661 4.17555
3.06217 5.00574
3.01706 6.02236
4.27734 0.380828
4.27115 1.29781
4.24647 2.27857
4.11643 3.08237
4.10325 4.09879
4.46114 5.18292
4.20665 6.04293
5.05246 0.292863
5.48317 1.09487
5.15964 2.23189
5.20377 3.05781
5.12341 4.36442
5.24997 5.35363
5.30514 6.07869
6.02457 0.375408
6.39163 1.28473
6.37546 2.37366
6.3099 3.29431
6.35658 4.00632
6.3514 5.22387
6.46273 6.18089
