0.257171 3.0228
0.4331 4.45739

0.4331 4.45739
0.133577 5.1679

0.133577 5.1679
1.10692 5.15261

0.346733 6.10738
1.31941 6.32111

0.420797 7.34912
0.429538 8.23296

0.420797 7.34912
1.12803 7.09269

0.429538 8.23296
0.193259 9.49529

1.40418 3.05744
1.22415 4.18285

1.40418 3.05744
2.42169 3.06303

1.10692 5.15261
1.31941 6.32111

1.31941 6.32111
1.12803 7.09269

1.31941 6.32111
2.05737 6.3798

2.42169 3.06303
2.39121 4.11762

2.39121 4.11762
3.23934 4.37772

2.37408 5.40479
3.1656 5.43603

2.05737 6.3798
2.45241 7.05415

2.45241 7.05415
3.09052 7.46431

3.25443 3.32937
3.23934 4.37772

3.23934 4.37772
3.1656 5.43603

3.23934 4.37772
4.42406 4.24773

3.1656 5.43603
3.09732 6.49078

3.1656 5.43603
4.45369 5.2844

3.09732 6.49078
3.09052 7.46431

3.09052 7.46431
4.16894 7.09069

4.21135 1.33107
4.19226 2.29399

4.19226 2.29399
4.10071 3.45054

4.10071 3.45054
5.00641 3.25124

4.42406 4.24773
5.44925 4.45805

4.16894 7.09069
4.27805 8.41252

4.27805 8.41252
4.32766 9.26563

5.00641 3.25124
5.44925 4.45805

