0.213177 3.18491
1.36902 3.01229

0.467325 4.26105
0.479565 5.25916

0.479565 5.25916
1.44857 5.29214

0.203982 9.04873
1.30596 9.0054

1.37529 2.19032
1.36902 3.01229

1.36902 3.01229
1.46724 4.17538

1.46724 4.17538
2.36084 4.44769

1.44857 5.29214
1.34206 6.00623

1.34206 6.00623
1.0587 7.44098

1.34206 6.00623
2.23517 6.20536

1.0587 7.44098
1.41912 8.17182

1.41912 8.17182
1.30596 9.0054

2.45689 2.37891
2.05346 3.05173

2.05346 3.05173
2.36084 4.44769

2.05346 3.05173
3.3499 3.07752

2.36084 4.44769
2.35522 5.21321

2.35522 5.21321
3.1504 5.00488

2.23517 6.20536
3.13862 6.08638

2.49697 7.22585
3.08492 7.43578

3.46121 2.01166
3.3499 3.07752

3.46121 2.01166
4.17874 2.47346

3.3499 3.07752
4.35499 3.07555

3.26575 4.08249
3.1504 5.00488

3.1504 5.00488
3.13862 6.08638

3.13862 6.08638
3.08492 7.43578

4.17874 2.47346
5.25577 2.28184

4.35499 3.07555
4.48281 4.22257

