0.127151 0.405553
0.240948 1.00251
0.181133 2.20466
0.372312 3.13922
0.284266 4.49483
0.286775 5.04763
0.0690869 6.34677
0.454598 7.44465
0.142963 8.08758
0.0975591 9.04096
1.31867 0.164701
1.33706 1.3619
1.44107 2.42181
1.22827 3.49393
1.49942 4.46477
1.24789 5.20765
1.38176 6.14514
1.21719 7.06191
1.28614 8.11898
1.19965 9.15447
2.45514 0.230666
2.3011 1.13644
2.2699 2.35751
2.45227 3.41405
2.12314 4.42456
2.37822 5.29795
2.24314 6.41862
2.20894 7.31475
2.11622 8.35664
2.40234 9.08282
3.48615 0.184023
3.37286 1.15566
3.33719 2.20555
3.41741 3.25277
3.4587 4.02776
3.14212 5.01645
3.02813 6.33829
3.03671 7.07705
3.31673 8.34136
3.20536 9.40421
4.01043 0.260687
4.38227 1.22477
4.41905 2.41961
4.07706 3.03879
4.09814 4.035
4.12644 5.28907
4.23271 6.30171
4.03625 7.05479
4.10014 8.49077
4.27757 9.3377
5.00956 0.308789
5.30286 1.49635
5.22461 2.46954
5.22257 3.15166
5.01136 4.38542
5.00069 5.4337
5.45645 6.22567
5.49275 7.24498
5.17545 8.3294
5.00798 9.4842
6.31382 0.0315519
6.22429 1.42528
6.1583 2.35496
6.43553 3.36721
6.49233 4.06629
6.4217 5.07677
6.39325 6.13436
6.21077 7.15707
6.15448 8.01742
6.49536 9.13799
7.00072 0.258375
7.21109 1.11723
7.19157 2.09575
7.10397 3.08995
7.35683 4.27473
7.11037 5.42416
7.22039 6.49006
7.06592 7.41757
7.34192 8.38577
7.42022 9.4425
8.36395 0.445718
8.26245 1.30936
8.16207 2.49414
8.19849 3.172
8.03148 4.27701
8.2648 5.34575
8.47548 6.1504
8.48071 7.48284
8.48457 8.30333
8.22979 9.2272
9.41315 0.242782
9.36564 1.37813
9.18131 2.2279
9.45888 3.17466
9.16323 4.49017
9.12378 5.11477
9.38653 6.43424
9.09283 7.49719
9.22596 8.45341
9.45148 9.09347
