0.0364002 0.0761423
0.391415 1.17987
0.247808 2.18477
0.106699 3.29307
0.452604 4.02606
0.453001 5.00986
0.44757 6.32551
1.20529 0.337834
1.2591 1.29856
1.0589 2.43936
1.4396 3.35324
1.04337 4.47475
1.14294 5.48695
1.30835 6.36519
2.3598 0.155825
2.42282 1.01827
2.42153 2.36074
2.17151 3.38597
2.21532 4.09284
2.03718 5.31035
2.38174 6.11731
3.00082 0.271125
3.12932 1.38335
3.49778 2.22333
3.23746 3.1545
3.28887 4.13563
3.01899 5.39569
3.24447 6.17905
4.34169 0.0258042
4.39599 1.3921
4.02532 2.12217
4.25558 3.30036
4.3646 4.40665
4.38754 5.07435
4.28772 6.21474
5.41664 0.098524
5.1839 1.49776
5.18777 2.19545
5.12603 3.06433
5.1574 4.33294
5.01214 5.23952
5.49808 6.16955
6.18612 0.231578
6.07029 1.09545
6.43139 2.40665
6.04182 3.29413
6.20753 4.0783
6.36018 5.23404
6.41194 6.19738
