2.33654 0.463481
2.0207 1.32278

2.33654 0.463481
3.08979 0.0115755

2.0207 1.32278
3.13481 1.39759

2.4017 2.11454
3.00499 2.06766

3.13481 1.39759
3.00499 2.06766

3.13481 1.39759
4.10223 1.13958

3.00499 2.06766
3.28882 3.38045

3.28882 3.38045
4.33819 3.08766

4.10223 1.13958
4.07779 2.35991

4.07779 2.35991
5.32106 2.35224

5.32106 2.35224
5.27638 3.11735

5.27638 3.11735
5.37587 4.46562

5.27638 3.11735
6.00035 3.34428

6.22436 1.36778
6.24769 2.17166

6.24769 2.17166
6.00035 3.34428

6.00035 3.34428
6.34802 4.17973

