0.209634 0.43852
0.205754 1.22525
0.274285 2.26871
0.126296 3.32186
0.220744 4.12574
0.0581539 5.08954
0.0582241 6.46757
1.37003 0.434919
1.41505 1.4488
1.18802 2.06819
1.48481 3.43227
1.24764 4.23753
1.32309 5.21122
1.43172 6.28776
2.35016 0.389508
2.28977 1.4546
2.27825 2.04689
2.4598 3.44751
2.4994 4.49087
2.38081 5.38178
2.09534 6.07784
3.12333 0.372798
3.20387 1.33385
3.37409 2.2227
3.00728 3.01519
3.37202 4.19222
3.06723 5.07563
3.14827 6.20918
4.00903 0.326071
4.21386 1.42869
4.36152 2.35082
4.00725 3.1212
4.36126 4.23261
4.37187 5.11814
4.40753 6.28484
5.4071 0.246354
5.49094 1.11205
5.1359 2.27333
5.072 3.47656
5.29141 4.46443
5.49898 5.03183
5.46747 6.36999
6.0376 0.387648
6.1088 1.04316
6.19334 2.15435
6.47231 3.45835
6.24808 4.35291
6.05315 5.29821
6.1022 6.08551
