0.479565 5.25916
0.470714 6.04414

0.470714 6.04414
0.282527 7.03166

0.282527 7.03166
0.430867 8.42212

0.282527 7.03166
1.0587 7.44098

0.430867 8.42212
0.203982 9.04873

0.430867 8.42212
1.41912 8.17182

1.0587 7.44098
2.49697 7.22585

2.35522 5.21321
2.23517 6.20536

2.23517 6.20536
2.49697 7.22585

2.49697 7.22585
2.36845 8.22011

2.36845 8.22011
2.37364 9.35539

2.36845 8.22011
3.19664 8.33997

2.37364 9.35539
3.00683 9.1661

3.08492 7.43578
3.19664 8.33997

3.19664 8.33997
4.34018 8.42628

3.00683 9.1661
4.23391 9.08622

4.11764 6.26657
4.30246 7.21144

4.30246 7.21144
4.34018 8.42628

4.30246 7.21144
5.33154 7.00472

4.34018 8.42628
4.23391 9.08622

4.34018 8.42628
5.16858 8.3146

4.23391 9.08622
5.3068 9.37196

5.33154 7.00472
5.16858 8.3146

5.16858 8.3146
5.3068 9.37196

