4.21456 9.22706
5.21272 9.32228

5.21272 9.32228
6.23455 9.09864

6.13714 1.09333
7.01559 1.24125

6.24825 3.28973
6.49464 4.21633

6.24825 3.28973
7.19914 3.03733

6.49464 4.21633
6.2052 5.32596

6.2052 5.32596
6.4531 6.20209

6.4531 6.20209
6.49998 7.10692

6.49998 7.10692
6.08613 8.49637

6.08613 8.49637
6.23455 9.09864

6.23455 9.09864
7.05543 9.29738

7.40424 0.429721
8.15913 0.356416

7.01559 1.24125
7.32411 2.40005

7.32411 2.40005
7.19914 3.03733

7.32411 2.40005
8.11062 2.3021

7.05543 9.29738
8.31204 9.2161

8.15913 0.356416
8.40436 1.38286

8.40436 1.38286
8.11062 2.3021

