4.23255 2.4548
4.36928 3.44351

4.36928 3.44351
4.31611 4.22447

4.31611 4.22447
4.42752 5.17207

4.42752 5.17207
4.38535 6.13894

4.42752 5.17207
5.15612 5.04103

4.02268 9.08805
5.0046 9.40503

5.15612 5.04103
5.04643 6.48972

5.04643 6.48972
6.24964 6.34867

5.0046 9.40503
6.45041 9.37024

6.24964 6.34867
6.17849 7.40159

6.17849 7.40159
6.31504 8.16439

6.17849 7.40159
7.46246 7.18385

6.31504 8.16439
6.45041 9.37024

6.45041 9.37024
7.43502 9.39055

7.46337 6.06266
7.46246 7.18385

7.46337 6.06266
8.1214 6.06074

7.46246 7.18385
8.28419 7.31637

7.43502 9.39055
8.41868 9.36141

8.1214 6.06074
9.00792 6.3794

9.00792 6.3794
9.2371 7.11947

9.2371 7.11947
9.28192 8.12782

9.28192 8.12782
9.39173 9.04334

