0.285303 0.204926
0.0984578 1.22111
0.276696 2.3542
0.488924 3.49077
0.291465 4.13535
0.0466304 5.17761
0.271528 6.35714
0.113351 7.20814
0.333593 8.30962
0.348751 9.2473
1.41774 0.136323
1.21344 1.13597
1.10594 2.25889
1.18528 3.32209
1.49325 4.49414
1.1639 5.00503
1.30077 6.18574
1.46249 7.00946
1.25527 8.22193
1.11511 9.0848
2.43409 0.0224865
2.0213 1.48112
2.07826 2.40131
2.17765 3.47922
2.00454 4.15228
2.46228 5.03784
2.25254 6.17714
2.29673 7.31607
2.10832 8.43516
2.15491 9.0305
3.44547 0.0059379
3.45034 1.00703
3.06662 2.23811
3.06514 3.37808
3.32178 4.05972
3.45385 5.26751
3.20769 6.34522
3.32697 7.15154
3.2147 8.43735
3.14495 9.30268
4.06727 0.0573687
4.31609 1.1043
4.23255 2.4548
4.36928 3.44351
4.31611 4.22447
4.42752 5.17207
4.38535 6.13894
4.16752 7.22717
4.12994 8.07589
4.02268 9.08805
5.10596 0.328574
5.12951 1.07282
5.28816 2.31961
5.30437 3.25797
5.17753 4.35479
5.15612 5.04103
5.04643 6.48972
5.15895 7.16775
5.31197 8.1493
5.0046 9.40503
6.0449 0.0120194
6.44905 1.09023
6.41227 2.10249
6.17479 3.24117
6.26342 4.29805
6.33173 5.49159
6.24964 6.34867
6.17849 7.40159
6.31504 8.16439
6.45041 9.37024
7.41128 0.066762
7.00931 1.21185
7.00913 2.07613
7.27023 3.25822
7.13568 4.12362
7.1278 5.00939
7.46337 6.06266
7.46246 7.18385
7.26272 8.15175
7.43502 9.39055
8.09625 0.112777
8.10845 1.26135
8.23262 2.39597
8.49293 3.34681
8.33988 4.44511
8.19944 5.2802
8.1214 6.06074
8.28419 7.31637
8.26731 8.4741
8.41868 9.36141
9.37811 0.336057
9.48399 1.36473
9.23747 2.00877
9.4469 3.11346
9.02577 4.18577
9.04239 5.09172
9.00792 6.3794
9.2371 7.11947
9.28192 8.12782
9.39173 9.04334
