0.119843 0.418623
0.119322 1.35574
0.118305 2.36463
0.308442 3.37426
0.163502 4.41847
0.485487 5.27987
0.427648 6.03947
1.39206 0.458735
1.12019 1.24407
1.07208 2.46546
1.49179 3.35049
1.06151 4.28621
1.06855 5.04742
1.05314 6.30495
2.08746 0.352601
2.34314 1.06402
2.40257 2.1302
2.26705 3.31633
2.08737 4.34049
2.12247 5.13299
2.0393 6.32327
3.10142 0.0940104
3.17745 1.2923
3.05946 2.16211
3.24597 3.15024
3.21658 4.44748
3.39964 5.13391
3.37733 6.46564
4.49824 0.283402
4.26915 1.24737
4.15521 2.34079
4.04035 3.45321
4.34472 4.40775
4.06954 5.40172
4.26478 6.1342
5.41436 0.44011
5.11167 1.06562
5.29541 2.28338
5.29786 3.33654
5.19995 4.08341
5.14662 5.09252
5.46886 6.07638
6.25698 0.243248
6.31271 1.2609
6.15095 2.27131
6.32038 3.35051
6.0449 4.45067
6.24502 5.10937
6.32079 6.15387
