0.173962 0.450781
0.182722 1.25986

0.173962 0.450781
1.47953 0.2503

0.182722 1.25986
0.34252 2.25039

0.34252 2.25039
0.233374 3.16754

0.34252 2.25039
1.31523 2.09074

0.233374 3.16754
0.453665 4.14376

0.233374 3.16754
1.01008 3.07252

0.453665 4.14376
0.105352 5.48212

0.453665 4.14376
1.33498 4.11514

0.105352 5.48212
0.483157 6.39159

0.105352 5.48212
1.44623 5.1034

0.483157 6.39159
1.10033 6.15399

1.31523 2.09074
1.01008 3.07252

1.31523 2.09074
2.08682 2.35771

1.01008 3.07252
1.33498 4.11514

1.01008 3.07252
2.17428 3.02415

1.33498 4.11514
1.44623 5.1034

1.33498 4.11514
2.4686 4.04903

1.44623 5.1034
2.11868 5.01199

2.02755 1.35481
2.08682 2.35771

2.17428 3.02415
2.4686 4.04903

2.17428 3.02415
3.17455 3.17912

2.4686 4.04903
2.11868 5.01199

2.4686 4.04903
3.14125 4.29983

2.11868 5.01199
2.34183 6.39175

3.14125 4.29983
4.44239 4.23936

4.44239 4.23936
5.15519 4.01937

