2.30011 2.3859
3.07147 2.43988

3.40376 1.28472
3.07147 2.43988

3.07147 2.43988
4.2169 2.35059

4.38729 0.373442
5.38465 0.472721

4.03604 1.40477
5.48086 1.41358

4.2169 2.35059
5.49082 2.21412

5.38465 0.472721
5.48086 1.41358

5.48086 1.41358
5.49082 2.21412

5.48086 1.41358
6.1183 1.03895

5.49082 2.21412
5.44164 3.28386

5.49082 2.21412
6.10426 2.33822

6.20138 0.223067
6.1183 1.03895

6.10426 2.33822
7.33247 2.04014

7.27603 1.00447
7.33247 2.04014

7.27603 1.00447
8.49161 1.44756

8.39438 0.393227
8.49161 1.44756

8.49161 1.44756
8.35085 2.00659

8.49161 1.44756
9.05722 1.38208

9.03658 0.250374
9.05722 1.38208

