0.284416 2.27107
1.09523 2.25679

0.357349 3.42262
0.290515 4.35538

0.357349 3.42262
1.24296 3.33602

0.290515 4.35538
0.00619153 5.03603

0.290515 4.35538
1.06629 4.33329

0.00619153 5.03603
0.489356 6.19909

0.00619153 5.03603
1.31239 5.25074

1.09523 2.25679
1.24296 3.33602

1.09523 2.25679
2.03447 2.02779

1.24296 3.33602
2.17302 3.21196

1.06629 4.33329
1.31239 5.25074

2.03447 2.02779
2.17302 3.21196

2.03447 2.02779
3.44466 2.19663

2.17302 3.21196
2.20328 4.17044

2.17302 3.21196
3.36406 3.1035

3.44116 1.05275
3.44466 2.19663

3.44466 2.19663
3.36406 3.1035

3.44466 2.19663
4.31538 2.14247

4.04288 0.33497
4.31922 1.18217

4.31922 1.18217
4.31538 2.14247

4.31538 2.14247
4.07445 3.36055

4.31538 2.14247
5.35204 2.31867

4.2602 4.3733
5.31191 4.35074

5.35204 2.31867
5.27809 3.06339

5.27809 3.06339
5.31191 4.35074

5.31191 4.35074
5.28157 5.01707

5.31191 4.35074
6.1309 4.03229

6.48298 3.31036
6.1309 4.03229

6.1309 4.03229
6.38164 5.24706

6.38164 5.24706
7.07223 5.25012

7.46704 3.39687
8.15297 3.38948

7.15226 4.49498
8.27854 4.24742

7.07223 5.25012
8.40444 5.18232

8.15297 3.38948
8.27854 4.24742

8.15297 3.38948
9.26986 3.46233

8.27854 4.24742
8.40444 5.18232

8.27854 4.24742
9.25803 4.25012

8.40444 5.18232
8.37548 6.38031

8.40444 5.18232
9.24841 5.22822

8.37548 6.38031
8.02846 7.32978

8.37548 6.38031
9.11414 6.30514

8.02846 7.32978
9.3327 7.0539

8.40427 8.42203
9.48751 8.25275

9.25803 4.25012
9.24841 5.22822

9.24841 5.22822
9.11414 6.30514

9.11414 6.30514
9.3327 7.0539

9.3327 7.0539
9.48751 8.25275

9.48751 8.25275
9.41269 9.37162

