3.05145 7.09927
4.09727 7.43312

4.31699 6.23439
4.09727 7.43312

4.31699 6.23439
5.35473 6.08247

4.09727 7.43312
4.46359 8.44313

4.09727 7.43312
5.21722 7.4077

4.01371 9.07019
5.01113 9.32957

5.35473 6.08247
5.21722 7.4077

5.21722 7.4077
5.22564 8.12946

5.21722 7.4077
6.34034 7.4219

5.01113 9.32957
6.2439 9.35332

6.2445 6.1527
6.34034 7.4219

6.34034 7.4219
7.14749 7.44554

6.08919 8.14484
7.38221 8.29779

6.2439 9.35332
7.1972 9.18158

7.45504 6.11491
7.14749 7.44554

7.14749 7.44554
7.38221 8.29779

7.14749 7.44554
8.33551 7.00216

7.38221 8.29779
7.1972 9.18158

7.38221 8.29779
8.45829 8.01001

7.1972 9.18158
8.2139 9.45743

8.33551 7.00216
8.45829 8.01001

8.45829 8.01001
8.2139 9.45743

8.45829 8.01001
9.14833 8.15302

