0.304328 0.444717
0.41716 1.11252
0.142873 2.12034
0.435759 3.28138
0.421542 4.1388
0.486448 5.33048
0.0846509 6.04593
0.191228 7.31595
0.478469 8.49382
0.306568 9.44853
1.31999 0.212848
1.31222 1.4343
1.43983 2.36966
1.08061 3.35256
1.48344 4.08151
1.238 5.23004
1.13956 6.39411
1.1389 7.26326
1.29678 8.1045
1.02957 9.00293
2.05053 0.0666766
2.16759 1.05974
2.01361 2.38675
2.47247 3.23486
2.06161 4.41252
2.39279 5.01593
2.43154 6.04002
2.49971 7.16029
2.4559 8.0893
2.10447 9.3858
3.25429 0.470089
3.09787 1.04534
3.37343 2.01569
3.33762 3.30059
3.04372 4.43555
3.1111 5.43256
3.33354 6.245
3.32189 7.12447
3.08897 8.44119
3.29405 9.48494
4.31869 0.164444
4.06994 1.10265
4.1378 2.20038
4.27113 3.06406
4.34812 4.19999
4.10808 5.46573
4.30936 6.40913
4.17932 7.23433
4.14902 8.32003
4.31659 9.37081
5.23607 0.216304
5.19341 1.2273
5.23937 2.35106
5.28027 3.42488
5.12094 4.24707
5.26702 5.03724
5.24573 6.15558
5.46046 7.35314
5.32481 8.0912
5.41239 9.41665
6.25676 0.110647
6.31254 1.10875
6.18115 2.45093
6.3469 3.13706
6.10864 4.2444
6.47196 5.48323
6.33819 6.42611
6.16598 7.40784
6.42442 8.16049
6.16376 9.18109
7.18437 0.0191202
7.09605 1.388
7.17636 2.11513
7.13265 3.16146
7.37031 4.16256
7.33204 5.47072
7.30787 6.26981
7.39782 7.21505
7.47097 8.14166
7.04684 9.10745
8.30428 0.312633
8.21131 1.44942
8.07005 2.09859
8.44094 3.29298
8.30988 4.17347
8.4794 5.16762
8.20978 6.44679
8.2785 7.18958
8.32333 8.03829
8.37728 9.18523
9.14462 0.280313
9.35495 1.05117
9.42006 2.19592
9.36869 3.07076
9.29409 4.44831
9.04606 5.40384
9.25939 6.41551
9.37632 7.36815
9.11232 8.24051
9.31114 9.12346
