0.428414 0.175474
0.39855 1.01059
0.244541 2.40034
0.155205 3.08797
0.47962 4.04537
0.415311 5.1994
0.179729 6.1094
0.207314 7.29104
0.111187 8.14588
0.196282 9.39049
1.2904 0.212797
1.07694 1.33785
1.26497 2.37636
1.24487 3.28801
1.13565 4.05023
1.13945 5.23459
1.3211 6.04345
1.31091 7.01933
1.33171 8.0707
1.049 9.07484
2.36002 0.0923573
2.40112 1.18875
2.09109 2.15919
2.41177 3.42984
2.41342 4.0061
2.27764 5.42994
2.36902 6.07897
2.37784 7.37353
2.33555 8.24012
2.26983 9.33388
3.43973 0.410979
3.39523 1.43098
3.19926 2.23296
3.19109 3.37245
3.16858 4.45663
3.23685 5.23173
3.11193 6.02985
3.05145 7.09927
3.3938 8.32669
3.18225 9.47288
4.08522 0.237251
4.21316 1.48727
4.22141 2.46772
4.20266 3.03269
4.24093 4.15251
4.06196 5.48109
4.31699 6.23439
4.09727 7.43312
4.46359 8.44313
4.01371 9.07019
5.03248 0.173174
5.23521 1.32608
5.33423 2.24864
5.48968 3.36011
5.17991 4.23305
5.06711 5.49715
5.35473 6.08247
5.21722 7.4077
5.22564 8.12946
5.01113 9.32957
6.29864 0.492965
6.46676 1.23958
6.41677 2.11098
6.45166 3.38883
6.29805 4.43377
6.35557 5.08072
6.2445 6.1527
6.34034 7.4219
6.08919 8.14484
6.2439 9.35332
7.38589 0.260914
7.11387 1.34136
7.43015 2.48176
7.18534 3.22388
7.23412 4.27979
7.14121 5.40883
7.45504 6.11491
7.14749 7.44554
7.38221 8.29779
7.1972 9.18158
8.39488 0.191648
8.16397 1.26961
8.29275 2.1714
8.16685 3.21285
8.06434 4.11931
8.15815 5.0365
8.09653 6.42492
8.33551 7.00216
8.45829 8.01001
8.2139 9.45743
9.11971 0.331845
9.01517 1.47973
9.22687 2.39718
9.05553 3.30297
9.27831 4.1638
9.34521 5.49198
9.43658 6.3141
9.01803 7.3162
9.14833 8.15302
9.46284 9.38563
