4.06816 3.16344
4.46252 4.17494

4.06816 3.16344
5.30917 3.32197

4.46252 4.17494
4.06523 5.19548

4.06523 5.19548
4.47096 6.20883

5.109 2.25819
5.30917 3.32197

5.109 2.25819
6.29502 2.24998

5.30917 3.32197
5.41121 4.25028

5.30917 3.32197
6.35206 3.35142

6.07459 0.211156
6.49544 1.08328

6.49544 1.08328
6.29502 2.24998

6.29502 2.24998
6.35206 3.35142

6.29502 2.24998
7.09824 2.29176

6.35206 3.35142
6.23088 4.44353

6.23088 4.44353
6.36312 5.29228

7.09824 2.29176
8.03309 2.21646

8.03309 2.21646
8.4295 3.43793

8.4295 3.43793
9.2329 3.17768

8.45888 4.33801
9.24408 4.38381

9.21237 1.38896
9.15526 2.1395

9.15526 2.1395
9.2329 3.17768

9.2329 3.17768
9.24408 4.38381

