0.195655 0.414341
0.360222 1.04284
0.133025 2.15775
0.324253 3.24947
0.0394771 4.34094
0.168045 5.24813
0.246521 6.40695
1.06673 0.0193593
1.38116 1.4672
1.06424 2.49042
1.16033 3.11184
1.05368 4.23937
1.105 5.2073
1.06339 6.45749
2.18889 0.151981
2.34886 1.13655
2.26084 2.26915
2.26955 3.0808
2.02578 4.43158
2.47621 5.21839
2.27604 6.22041
3.41732 0.0548524
3.24512 1.37859
3.14105 2.247
3.42685 3.18658
3.4306 4.35188
3.06881 5.22397
3.16285 6.24788
4.09457 0.150934
4.34168 1.04992
4.2246 2.09511
4.20354 3.19042
4.34575 4.46862
4.48021 5.34293
4.33236 6.38469
5.16399 0.326998
5.13047 1.10319
5.0289 2.31308
5.10693 3.11236
5.30025 4.45917
5.14921 5.4684
5.3192 6.49921
6.20811 0.37397
6.32557 1.1367
6.11872 2.24034
6.0643 3.18035
6.40105 4.01419
6.41356 5.29628
6.04677 6.33769
