0.190541 0.0816997
0.173138 1.17551
0.398099 2.00186
0.044924 3.25252
0.363562 4.12702
0.147395 5.39142
0.120527 6.0066
0.4404 7.34636
0.428373 8.15681
0.426563 9.37229
1.03982 0.334955
1.34119 1.1471
1.32675 2.09644
1.19507 3.38185
1.0398 4.3411
1.35587 5.25862
1.24074 6.16864
1.12465 7.03112
1.01085 8.4487
1.23979 9.43488
2.45245 0.0380935
2.36713 1.30174
2.0503 2.17386
2.33791 3.4407
2.36588 4.43185
2.00822 5.19048
2.49906 6.23833
2.24343 7.31404
2.12418 8.18858
2.29687 9.04317
3.47985 0.213892
3.1688 1.2797
3.15299 2.02735
3.09953 3.13732
3.14533 4.09793
3.091 5.15949
3.38377 6.03845
3.21454 7.22139
3.02473 8.48863
3.12074 9.02915
4.14868 0.271978
4.05161 1.34994
4.18516 2.03512
4.24283 3.45295
4.06616 4.16203
4.48413 5.11273
4.46516 6.02874
4.24166 7.06663
4.11918 8.01795
4.20226 9.25853
5.42623 0.243932
5.292 1.38359
5.42939 2.03628
5.26674 3.22925
5.07267 4.11887
5.24466 5.4205
5.31806 6.33851
5.3493 7.08681
5.47036 8.23581
5.17249 9.06642
6.12568 0.424523
6.09583 1.2432
6.46858 2.23731
6.19901 3.46559
6.41257 4.00777
6.49247 5.3143
6.33666 6.22416
6.45051 7.0348
6.00542 8.19184
6.40996 9.14001
7.16373 0.315171
7.41478 1.21636
7.01948 2.00708
7.41215 3.22859
7.15256 4.2546
7.36089 5.43747
7.33301 6.06618
7.28142 7.05455
7.32183 8.47279
7.4618 9.25912
8.08767 0.0947527
8.2199 1.3167
8.13768 2.27472
8.04798 3.17503
8.25974 4.3949
8.48144 5.48551
8.31969 6.0425
8.49923 7.04816
8.44943 8.21822
8.04032 9.10612
9.02544 0.440759
9.18956 1.32431
9.12061 2.04108
9.21015 3.37536
9.39646 4.00848
9.14106 5.22692
9.16738 6.13752
9.32067 7.26117
9.29614 8.4206
9.13767 9.17631
