2.1889 1.12614
2.27164 2.01962

2.27164 2.01962
3.36018 2.48853

3.05536 1.11073
4.04975 1.19516

3.36018 2.48853
4.18583 2.16533

4.1774 0.247739
5.3188 0.292579

4.04975 1.19516
4.18583 2.16533

4.04975 1.19516
5.33028 1.37631

5.3188 0.292579
5.33028 1.37631

5.3188 0.292579
6.11851 0.240036

5.33028 1.37631
5.21732 2.4282

5.21732 2.4282
5.15583 3.40306

5.15583 3.40306
6.32586 3.15212

6.11851 0.240036
6.36517 1.03678

6.36517 1.03678
7.12943 1.34111

6.36223 2.22873
7.34395 2.29575

7.06142 0.195663
7.12943 1.34111

7.12943 1.34111
7.34395 2.29575

7.12943 1.34111
8.09492 1.26073

7.34395 2.29575
8.13982 2.45695

