2.45787 3.36101
3.28585 3.06706

3.47165 2.15206
3.28585 3.06706

3.47165 2.15206
4.00956 2.13974

3.28585 3.06706
4.29937 3.44275

3.11746 5.15801
4.15985 5.37771

4.07633 1.03513
4.00956 2.13974

4.00956 2.13974
4.29937 3.44275

4.29937 3.44275
4.12031 4.47686

4.29937 3.44275
5.11265 3.19606

4.15985 5.37771
5.11281 5.37475

5.13004 1.12483
6.08199 1.20425

5.49225 2.23269
5.11265 3.19606

5.49225 2.23269
6.17593 2.00187

5.11265 3.19606
5.44073 4.25394

5.44073 4.25394
5.11281 5.37475

5.11281 5.37475
6.10474 5.26521

6.08199 1.20425
6.17593 2.00187

6.17593 2.00187
6.32399 3.4574

