0.226056 0.202712
0.325426 1.03776
0.291623 2.42502
0.391637 3.09839
0.0288292 4.14795
0.119363 5.42763
0.0854438 6.43265
0.312905 7.31807
0.186527 8.26378
0.167438 9.07899
1.48467 0.00800741
1.35823 1.16405
1.35105 2.09138
1.20063 3.07752
1.38192 4.493
1.30932 5.47924
1.31394 6.17602
1.16026 7.17183
1.23897 8.28555
1.2356 9.33099
2.41235 0.012669
2.07012 1.10362
2.23056 2.16742
2.38306 3.39075
2.14927 4.10207
2.49143 5.36715
2.0989 6.48076
2.49942 7.17035
2.45994 8.13132
2.09116 9.17557
3.48403 0.487726
3.46564 1.251
3.35297 2.30064
3.02637 3.42048
3.47652 4.48255
3.10419 5.45347
3.22215 6.4805
3.19852 7.36943
3.33856 8.16116
3.0523 9.08541
4.21369 0.10984
4.09208 1.33269
4.21077 2.45783
4.38713 3.25349
4.32168 4.39326
4.11066 5.20089
4.10944 6.42872
4.36939 7.23713
4.05158 8.26894
4.09932 9.32358
5.02024 0.387217
5.28457 1.26793
5.17815 2.13083
5.4953 3.07537
5.12181 4.17037
5.04894 5.26018
5.18877 6.43864
5.16665 7.00198
5.34614 8.21951
5.36037 9.39959
6.01516 0.340903
6.23838 1.30807
6.22957 2.21613
6.26976 3.20969
6.08313 4.2302
6.3886 5.43816
6.15657 6.05039
6.09997 7.40892
6.26229 8.47573
6.01144 9.29419
7.2737 0.182655
7.25481 1.36939
7.02917 2.14348
7.15736 3.09708
7.43472 4.17118
7.17039 5.35107
7.14204 6.14749
7.1631 7.10069
7.2647 8.47684
7.23613 9.42178
8.44268 0.43096
8.03328 1.32523
8.4079 2.19841
8.31516 3.00575
8.34857 4.35435
8.09439 5.10615
8.25646 6.20391
8.20062 7.00836
8.49402 8.09091
8.14703 9.24422
9.34524 0.123561
9.22713 1.3512
9.0096 2.03485
9.23572 3.23604
9.07737 4.11083
9.07465 5.34707
9.23029 6.32061
9.15678 7.16932
9.25467 8.24443
9.02311 9.01305
