2.47587 0.385048
3.3951 0.143137

2.08414 1.15989
2.13525 2.40651

2.13525 2.40651
3.47729 2.20794

3.3951 0.143137
4.25236 0.45097

3.18024 1.08583
3.47729 2.20794

3.18024 1.08583
4.42958 1.18377

3.47729 2.20794
4.10206 2.42225

4.25236 0.45097
4.42958 1.18377

4.25236 0.45097
5.28159 0.106857

4.10206 2.42225
5.01718 2.35639

4.2186 3.04817
5.47734 3.0491

5.28159 0.106857
5.40302 1.32118

5.28159 0.106857
6.44461 0.00984767

5.40302 1.32118
6.28285 1.02653

5.01718 2.35639
5.47734 3.0491

5.47734 3.0491
5.3609 4.02614

5.47734 3.0491
6.34782 3.01933

5.3609 4.02614
6.0942 4.4023

6.08404 2.12908
6.34782 3.01933

