0.312829 0.338178
0.307258 1.09849

0.312829 0.338178
1.43942 0.191723

0.307258 1.09849
0.143959 2.18995

0.307258 1.09849
1.45423 1.21943

0.143959 2.18995
0.446667 3.08891

0.143959 2.18995
1.17443 2.32296

0.446667 3.08891
0.43602 4.19313

0.446667 3.08891
1.01827 3.0702

0.43602 4.19313
0.278901 5.45333

0.278901 5.45333
0.194614 6.11259

0.278901 5.45333
1.3895 5.3345

1.43942 0.191723
1.45423 1.21943

1.43942 0.191723
2.47587 0.385048

1.45423 1.21943
1.17443 2.32296

1.17443 2.32296
1.01827 3.0702

1.06666 4.27885
1.3895 5.3345

1.06666 4.27885
2.01851 4.04085

1.3895 5.3345
1.22424 6.12067

1.3895 5.3345
2.13541 5.15663

2.47587 0.385048
2.08414 1.15989

2.13541 5.15663
2.09644 6.03918

2.13541 5.15663
3.30343 5.36656

3.30343 5.36656
4.42265 5.03069

4.42265 5.03069
5.04071 5.05289

5.04071 5.05289
5.02836 6.122

5.02836 6.122
6.27526 6.39872

