4.06196 5.48109
5.06711 5.49715

5.03248 0.173174
6.29864 0.492965

5.48968 3.36011
5.17991 4.23305

5.48968 3.36011
6.45166 3.38883

5.17991 4.23305
5.06711 5.49715

5.17991 4.23305
6.29805 4.43377

6.29864 0.492965
6.46676 1.23958

6.29864 0.492965
7.38589 0.260914

6.46676 1.23958
6.41677 2.11098

6.46676 1.23958
7.11387 1.34136

6.41677 2.11098
6.45166 3.38883

6.41677 2.11098
7.43015 2.48176

6.45166 3.38883
6.29805 4.43377

6.45166 3.38883
7.18534 3.22388

7.38589 0.260914
7.11387 1.34136

7.38589 0.260914
8.39488 0.191648

7.11387 1.34136
7.43015 2.48176

7.11387 1.34136
8.16397 1.26961

7.43015 2.48176
7.18534 3.22388

7.43015 2.48176
8.29275 2.1714

7.18534 3.22388
8.16685 3.21285

7.45504 6.11491
8.09653 6.42492

8.39488 0.191648
8.16397 1.26961

8.39488 0.191648
9.11971 0.331845

8.16397 1.26961
8.29275 2.1714

8.16397 1.26961
9.01517 1.47973

8.29275 2.1714
8.16685 3.21285

8.29275 2.1714
9.22687 2.39718

8.16685 3.21285
8.06434 4.11931

8.16685 3.21285
9.05553 3.30297

8.06434 4.11931
8.15815 5.0365

8.15815 5.0365
8.09653 6.42492

8.09653 6.42492
8.33551 7.00216

8.33551 7.00216
9.01803 7.3162

9.11971 0.331845
9.01517 1.47973

9.01517 1.47973
9.22687 2.39718

9.22687 2.39718
9.05553 3.30297

9.05553 3.30297
9.27831 4.1638

