0.467325 4.26105
0.479565 5.25916

0.479565 5.25916
0.470714 6.04414

0.479565 5.25916
1.44857 5.29214

0.470714 6.04414
0.282527 7.03166

1.44857 5.29214
1.34206 6.00623

1.34206 6.00623
2.23517 6.20536

2.45689 2.37891
2.05346 3.05173

2.45689 2.37891
3.46121 2.01166

2.05346 3.05173
2.36084 4.44769

2.36084 4.44769
2.35522 5.21321

2.35522 5.21321
2.23517 6.20536

2.35522 5.21321
3.1504 5.00488

2.23517 6.20536
3.13862 6.08638

3.26575 4.08249
3.1504 5.00488

3.1504 5.00488
3.13862 6.08638

3.13862 6.08638
3.08492 7.43578

3.13862 6.08638
4.11764 6.26657

3.08492 7.43578
3.19664 8.33997

4.29745 5.07482
4.11764 6.26657

4.11764 6.26657
4.30246 7.21144

4.11764 6.26657
5.0555 6.23684

4.30246 7.21144
4.34018 8.42628

4.30246 7.21144
5.33154 7.00472

5.23664 5.1861
5.0555 6.23684

5.0555 6.23684
5.33154 7.00472

