2.12271 2.43732
3.47812 2.2221

2.45028 3.28118
3.21802 3.48976

3.43928 1.14282
3.47812 2.2221

3.43928 1.14282
4.08199 1.18436

3.21802 3.48976
4.15211 3.06614

4.06393 0.446707
4.08199 1.18436

4.06393 0.446707
5.11398 0.0980676

4.08199 1.18436
5.10377 1.17623

4.21426 2.13937
4.15211 3.06614

4.15211 3.06614
5.3929 3.42521

5.10377 1.17623
5.21724 2.31923

5.10377 1.17623
6.39331 1.35454

5.21724 2.31923
5.3929 3.42521

5.3929 3.42521
5.30713 4.04239

5.3929 3.42521
6.31771 3.3747

6.17914 0.349397
6.39331 1.35454

6.39331 1.35454
6.34102 2.27873

6.34102 2.27873
6.31771 3.3747

