3.20908 0.37193
4.38316 0.301708

4.38316 0.301708
4.25792 1.0409

4.25792 1.0409
5.34917 1.075

5.38381 0.211665
5.34917 1.075

5.38381 0.211665
6.04236 0.26852

5.34917 1.075
5.24379 2.24353

5.34917 1.075
6.28985 1.40828

5.24379 2.24353
6.49348 2.08311

6.04236 0.26852
7.15318 0.154991

6.28985 1.40828
6.49348 2.08311

6.28985 1.40828
7.30147 1.31787

6.49348 2.08311
7.43324 2.37059

7.15318 0.154991
7.30147 1.31787

7.15318 0.154991
8.09233 0.48804

7.30147 1.31787
7.43324 2.37059

7.43324 2.37059
8.15386 2.25826

7.168 4.31556
7.10603 5.45814

7.168 4.31556
8.03167 4.22506

8.09233 0.48804
8.47903 1.08174

8.09233 0.48804
9.0569 0.0593871

8.47903 1.08174
9.31778 1.14627

8.15386 2.25826
8.47411 3.38206

8.15386 2.25826
9.37163 2.03758

8.47411 3.38206
8.03167 4.22506

8.03167 4.22506
8.19134 5.02456

8.03167 4.22506
9.18892 4.03919

8.19134 5.02456
8.37844 6.16188

9.0569 0.0593871
9.31778 1.14627

9.37163 2.03758
9.06266 3.42182

9.06266 3.42182
9.18892 4.03919

