0.0771504 0.23326
0.268238 1.45155
0.0570592 2.19339
0.418168 3.08177
0.484139 4.43602
0.293565 5.29519
0.401872 6.41231
0.278375 7.19355
0.231412 8.38393
0.0271254 9.09254
1.36222 0.235353
1.22495 1.19851
1.38506 2.02396
1.35703 3.11057
1.07248 4.23935
1.40716 5.13816
1.34451 6.14824
1.27903 7.2337
1.28828 8.00056
1.27697 9.46083
2.41819 0.114859
2.09414 1.3077
2.24941 2.03457
2.20892 3.07191
2.34149 4.02772
2.01716 5.22475
2.11617 6.26878
2.21416 7.19237
2.30527 8.14901
2.12458 9.16465
3.20908 0.37193
3.21567 1.47584
3.19587 2.01782
3.45152 3.0751
3.14 4.28745
3.49641 5.40354
3.31512 6.46521
3.1106 7.38243
3.18242 8.28508
3.08103 9.45415
4.38316 0.301708
4.25792 1.0409
4.23685 2.18195
4.31664 3.26905
4.19091 4.11233
4.49999 5.44261
4.26358 6.23875
4.42789 7.4929
4.37555 8.03504
4.15857 9.13713
5.38381 0.211665
5.34917 1.075
5.24379 2.24353
5.1364 3.1224
5.46462 4.10164
5.07865 5.46405
5.36104 6.46191
5.26824 7.10319
5.07618 8.08842
5.12592 9.47024
6.04236 0.26852
6.28985 1.40828
6.49348 2.08311
6.11698 3.04009
6.29766 4.19857
6.10985 5.09816
6.48866 6.10495
6.11285 7.3721
6.24525 8.10238
6.19628 9.23644
7.15318 0.154991
7.30147 1.31787
7.43324 2.37059
7.38201 3.07202
7.168 4.31556
7.10603 5.45814
7.3646 6.38466
7.03538 7.02003
7.34895 8.16204
7.24038 9.2685
8.09233 0.48804
8.47903 1.08174
8.15386 2.25826
8.47411 3.38206
8.03167 4.22506
8.19134 5.02456
8.37844 6.16188
8.13367 7.01809
8.277 8.48668
8.07257 9.3277
9.0569 0.0593871
9.31778 1.14627
9.37163 2.03758
9.06266 3.42182
9.18892 4.03919
9.30375 5.08586
9.46801 6.36014
9.01224 7.16237
9.08672 8.36309
9.09455 9.45178
