0.333593 8.30962
1.25527 8.22193

0.348751 9.2473
1.11511 9.0848

1.25527 8.22193
1.11511 9.0848

1.25527 8.22193
2.10832 8.43516

1.11511 9.0848
2.15491 9.0305

2.29673 7.31607
2.10832 8.43516

2.29673 7.31607
3.32697 7.15154

2.15491 9.0305
3.14495 9.30268

3.2147 8.43735
3.14495 9.30268

3.2147 8.43735
4.12994 8.07589

4.16752 7.22717
4.12994 8.07589

4.12994 8.07589
5.31197 8.1493

5.15895 7.16775
5.31197 8.1493

5.31197 8.1493
6.31504 8.16439

6.31504 8.16439
7.26272 8.15175

7.26272 8.15175
8.26731 8.4741

