0.167906 0.235382
0.493466 1.43809
0.496939 2.19144
0.191405 3.26449
0.0867924 4.26643
0.317145 5.15592
0.242264 6.04342
0.357039 7.05451
0.246737 8.12574
0.297309 9.45427
1.32258 0.067988
1.11957 1.01611
1.36553 2.23488
1.06984 3.4083
1.10894 4.27028
1.15084 5.38996
1.45876 6.06167
1.23868 7.04881
1.49729 8.32449
1.49449 9.00285
2.06228 0.215861
2.28189 1.46091
2.3735 2.49941
2.4573 3.24214
2.3037 4.18179
2.43753 5.0256
2.04005 6.30454
2.15626 7.10497
2.21709 8.33289
2.25806 9.20827
3.41044 0.236763
3.31843 1.34886
3.4316 2.49088
3.02537 3.23526
3.35433 4.16377
3.35415 5.21277
3.29944 6.42734
3.40728 7.35382
3.24592 8.35231
3.29242 9.06514
4.35735 0.0364969
4.32283 1.35818
4.08925 2.02046
4.49266 3.42365
4.442 4.0765
4.09457 5.40809
4.01189 6.45524
4.26062 7.30382
4.35232 8.15457
4.03552 9.29303
5.25981 0.447842
5.30197 1.46556
5.23843 2.01935
5.12488 3.33771
5.12547 4.49863
5.2333 5.34838
5.46989 6.12385
5.16644 7.22297
5.07946 8.03058
5.43048 9.40716
6.3243 0.228317
6.20478 1.13842
6.13635 2.36315
6.02285 3.39699
6.30103 4.23365
6.08829 5.28836
6.15484 6.03762
6.19152 7.4434
6.39589 8.45699
6.31483 9.39603
7.09689 0.115912
7.07237 1.07304
7.18986 2.34433
7.2392 3.22295
7.4825 4.10741
7.19796 5.13263
7.48979 6.00388
7.00407 7.33759
7.41842 8.01832
7.43828 9.03187
8.27806 0.0813227
8.46272 1.38945
8.46837 2.07817
8.4085 3.38395
8.06559 4.01399
8.0547 5.40802
8.3704 6.25083
8.48156 7.12813
8.02217 8.32497
8.45866 9.17228
9.11334 0.206896
9.07949 1.36208
9.01422 2.39333
9.24636 3.24698
9.11567 4.11882
9.41676 5.15364
9.48762 6.243
9.05465 7.09644
9.28804 8.17926
9.4928 9.19494
