0.228095 0.305314
0.0789471 1.14497
0.0869771 2.01883
0.0906513 3.31047
0.456126 4.23328
0.215568 5.07143
0.0169926 6.0527
0.442378 7.19273
0.227501 8.20717
0.141097 9.45328
1.24189 0.391292
1.00169 1.01841
1.00782 2.45104
1.19914 3.28784
1.21875 4.14203
1.15073 5.43421
1.10417 6.08778
1.02359 7.44859
1.29505 8.48935
1.28591 9.28879
2.12549 0.122743
2.15355 1.39208
2.16403 2.38032
2.20299 3.39264
2.19249 4.21521
2.08643 5.32481
2.2539 6.19654
2.2384 7.07868
2.20511 8.35836
2.2354 9.1215
3.48817 0.376315
3.12726 1.45777
3.19853 2.08639
3.16153 3.11831
3.0546 4.37808
3.35157 5.46958
3.18939 6.44991
3.39449 7.13055
3.17393 8.17128
3.37094 9.44701
4.27942 0.17709
4.16196 1.25612
4.24799 2.36997
4.41327 3.40083
4.14687 4.17751
4.21199 5.49866
4.39318 6.43406
4.40999 7.03625
4.47944 8.03735
4.42241 9.36689
5.17146 0.113974
5.21224 1.15495
5.24299 2.3003
5.28924 3.35813
5.1418 4.02659
5.45522 5.04821
5.17748 6.22887
5.33948 7.24428
5.41259 8.43471
5.49615 9.23378
6.36259 0.20313
6.38162 1.04373
6.10006 2.17005
6.10066 3.19725
6.48774 4.26599
6.20445 5.46716
6.33658 6.05252
6.26015 7.05587
6.07825 8.37437
6.31584 9.25126
7.43633 0.0922838
7.22292 1.13758
7.40523 2.25385
7.39297 3.38076
7.18544 4.06328
7.02404 5.28116
7.41912 6.30435
7.1318 7.38006
7.13488 8.41978
7.06693 9.10717
8.03409 0.413757
8.27443 1.43222
8.23118 2.25035
8.17218 3.11376
8.04485 4.29648
8.25721 5.10755
8.44642 6.30879
8.09619 7.09521
8.08622 8.03135
8.47467 9.0194
9.03239 0.0177051
9.11876 1.12188
9.10033 2.15506
9.3293 3.37476
9.2129 4.34941
9.09409 5.20247
9.46021 6.10138
9.02415 7.10051
9.03552 8.21355
9.27233 9.03899
