2.07566 3.14693
3.2759 3.02045

2.25449 4.15486
2.1369 5.36623

2.1369 5.36623
2.24649 6.05998

2.24649 6.05998
2.07595 7.16623

2.24649 6.05998
3.00074 6.11424

3.13024 0.467172
3.46989 1.21465

3.13024 0.467172
4.25262 0.053966

3.46989 1.21465
3.24929 2.18784

3.24929 2.18784
3.2759 3.02045

3.2759 3.02045
3.04903 4.25435

3.2759 3.02045
4.34143 3.48891

3.04903 4.25435
4.08288 4.43251

3.36874 5.36248
3.00074 6.11424

3.00074 6.11424
3.33549 7.2999

3.00074 6.11424
4.25946 6.0453

3.33549 7.2999
3.0163 8.47086

3.0163 8.47086
3.08092 9.04787

4.25262 0.053966
5.02769 0.407789

4.34143 3.48891
4.08288 4.43251

4.34143 3.48891
5.15358 3.23321

4.08288 4.43251
4.46267 5.48353

4.46267 5.48353
4.25946 6.0453

4.25946 6.0453
4.39388 7.15289

4.25946 6.0453
5.43309 6.09358

4.4802 8.40137
4.44791 9.31102

4.4802 8.40137
5.22074 8.40194

5.02769 0.407789
5.46035 1.35904

5.02769 0.407789
6.12262 0.100158

5.07917 4.29493
5.34454 5.15003

5.07917 4.29493
6.27337 4.28852

5.34454 5.15003
5.43309 6.09358

5.43309 6.09358
5.38668 7.41861

5.43309 6.09358
6.47084 6.39793

5.22074 8.40194
6.25091 8.33786

6.12262 0.100158
6.16792 1.38344

6.16792 1.38344
7.24485 1.13438

6.27255 3.19721
6.27337 4.28852

6.27337 4.28852
6.39987 5.46299

6.27337 4.28852
7.40941 4.30954

6.39987 5.46299
6.47084 6.39793

6.47084 6.39793
6.45932 7.01228

6.47084 6.39793
7.38744 6.31908

6.45932 7.01228
6.25091 8.33786

6.45932 7.01228
7.00964 7.21807

7.05389 0.24068
7.24485 1.13438

7.31557 5.05226
7.38744 6.31908

7.31557 5.05226
8.38987 5.47192

7.00964 7.21807
8.21421 7.20301

8.38987 5.47192
9.17529 5.48191

8.21421 7.20301
8.31092 8.39316

9.41942 4.18984
9.17529 5.48191

