3.48385 5.27908
4.49531 5.20676

3.10604 7.16258
4.05002 7.23896

4.49531 5.20676
4.32597 6.22296

4.49531 5.20676
5.34259 5.30589

4.32597 6.22296
4.05002 7.23896

4.32597 6.22296
5.24284 6.3174

4.05002 7.23896
4.42956 8.15388

4.05002 7.23896
5.35425 7.31011

4.42956 8.15388
4.22219 9.11917

4.42956 8.15388
5.18432 8.11246

5.34259 5.30589
5.24284 6.3174

5.24284 6.3174
5.35425 7.31011

5.35425 7.31011
5.18432 8.11246

5.35425 7.31011
6.18614 7.29604

5.18432 8.11246
5.44704 9.36306

5.18432 8.11246
6.39412 8.34958

5.44704 9.36306
6.16233 9.02976

6.32188 5.1098
6.24771 6.07529

6.24771 6.07529
6.18614 7.29604

6.18614 7.29604
7.00506 7.46076

6.39412 8.34958
6.16233 9.02976

6.16233 9.02976
7.07753 9.32139

7.12347 8.0437
7.07753 9.32139

7.12347 8.0437
8.17592 8.15724

7.07753 9.32139
8.23968 9.30119

8.23968 9.30119
9.27001 9.33827

