2.15233 4.35284
2.12435 5.40459

2.15233 4.35284
3.20079 4.21

2.12435 5.40459
2.43265 6.33469

2.12435 5.40459
3.11746 5.15801

2.43265 6.33469
3.15278 6.32865

3.20079 4.21
3.11746 5.15801

3.11746 5.15801
4.15985 5.37771

4.29937 3.44275
5.11265 3.19606

4.15985 5.37771
5.11281 5.37475

5.49225 2.23269
5.11265 3.19606

5.49225 2.23269
6.17593 2.00187

5.11265 3.19606
5.44073 4.25394

5.44073 4.25394
5.11281 5.37475

5.11281 5.37475
6.10474 5.26521

6.08199 1.20425
6.17593 2.00187

6.17593 2.00187
6.32399 3.4574

