6.30362 0.194328
7.18871 0.227677

6.46203 4.02517
6.3542 5.14126

6.46203 4.02517
7.27069 4.16773

7.18871 0.227677
7.39765 1.18082

7.18871 0.227677
8.24121 0.18154

7.39765 1.18082
8.01047 1.24471

7.27069 4.16773
8.40806 4.03127

8.24121 0.18154
8.01047 1.24471

8.24121 0.18154
9.41389 0.324741

8.01047 1.24471
8.49605 2.10509

8.01047 1.24471
9.39042 1.33959

8.49605 2.10509
8.00621 3.02874

8.00621 3.02874
8.40806 4.03127

8.40806 4.03127
8.19739 5.36358

8.40806 4.03127
9.43955 4.29453

8.19739 5.36358
9.35003 5.16108

9.39042 1.33959
9.4926 2.25892

9.18226 3.12653
9.43955 4.29453

9.43955 4.29453
9.35003 5.16108

