0.142649 0.324351
0.00731126 1.48652
0.495105 2.08253
0.292983 3.02021
0.307561 4.4369
0.151919 5.20783
0.404938 6.27444
1.48166 0.243502
1.19029 1.17427
1.12787 2.19954
1.37643 3.4064
1.28539 4.33475
1.33419 5.32439
1.30082 6.38323
2.12877 0.434784
2.25037 1.11712
2.12073 2.09579
2.23099 3.12007
2.12473 4.0633
2.14736 5.36508
2.08174 6.35888
3.29014 0.212487
3.25442 1.1936
3.41014 2.35016
3.48155 3.275
3.43076 4.40345
3.26496 5.34604
3.25382 6.13435
4.28339 0.213838
4.23292 1.13484
4.15263 2.23626
4.41838 3.03727
4.13995 4.38559
4.44259 5.48151
4.34135 6.06581
5.12581 0.309194
5.46102 1.44876
5.32486 2.36723
5.48461 3.00848
5.11924 4.09824
5.22254 5.23283
5.13059 6.06018
6.29395 0.170797
6.02531 1.09292
6.07326 2.33236
6.40775 3.47172
6.07014 4.29126
6.10452 5.42496
6.14318 6.4128
