3.35415 5.21277
4.09457 5.40809

3.29944 6.42734
4.01189 6.45524

4.442 4.0765
5.12547 4.49863

4.09457 5.40809
5.2333 5.34838

4.01189 6.45524
4.26062 7.30382

4.01189 6.45524
5.46989 6.12385

4.26062 7.30382
5.16644 7.22297

5.12488 3.33771
5.12547 4.49863

5.12547 4.49863
5.2333 5.34838

5.12547 4.49863
6.30103 4.23365

5.2333 5.34838
5.46989 6.12385

5.2333 5.34838
6.08829 5.28836

5.46989 6.12385
6.15484 6.03762

5.16644 7.22297
5.07946 8.03058

5.16644 7.22297
6.19152 7.4434

5.07946 8.03058
6.39589 8.45699

6.19152 7.4434
6.39589 8.45699

6.19152 7.4434
7.00407 7.33759

