2.17066 0.0503209
2.24662 1.47789

2.17066 0.0503209
3.00274 0.423997

3.00274 0.423997
3.00301 1.31228

3.00274 0.423997
4.3157 0.378889

3.28585 3.06706
4.29937 3.44275

4.3157 0.378889
4.07633 1.03513

4.3157 0.378889
5.3761 0.279857

4.07633 1.03513
4.00956 2.13974

4.07633 1.03513
5.13004 1.12483

4.00956 2.13974
4.29937 3.44275

4.00956 2.13974
5.49225 2.23269

5.3761 0.279857
5.13004 1.12483

5.3761 0.279857
6.17352 0.168472

5.13004 1.12483
5.49225 2.23269

5.13004 1.12483
6.08199 1.20425

5.49225 2.23269
5.11265 3.19606

5.11265 3.19606
5.44073 4.25394

5.44073 4.25394
6.36047 4.44714

6.17352 0.168472
6.08199 1.20425

