5.42623 0.243932
6.12568 0.424523

6.12568 0.424523
7.16373 0.315171

6.09583 1.2432
7.41478 1.21636

6.41257 4.00777
6.49247 5.3143

6.41257 4.00777
7.15256 4.2546

6.45051 7.0348
7.28142 7.05455

6.40996 9.14001
7.4618 9.25912

7.16373 0.315171
7.41478 1.21636

7.16373 0.315171
8.08767 0.0947527

7.41478 1.21636
7.01948 2.00708

7.41478 1.21636
8.2199 1.3167

7.01948 2.00708
7.41215 3.22859

7.01948 2.00708
8.13768 2.27472

7.41215 3.22859
8.04798 3.17503

7.15256 4.2546
8.25974 4.3949

7.33301 6.06618
7.28142 7.05455

7.33301 6.06618
8.31969 6.0425

7.28142 7.05455
7.32183 8.47279

7.32183 8.47279
7.4618 9.25912

7.4618 9.25912
8.04032 9.10612

8.08767 0.0947527
8.2199 1.3167

8.08767 0.0947527
9.02544 0.440759

8.2199 1.3167
9.18956 1.32431

8.04798 3.17503
9.21015 3.37536

8.25974 4.3949
9.39646 4.00848

8.48144 5.48551
8.31969 6.0425

8.48144 5.48551
9.14106 5.22692

8.31969 6.0425
9.16738 6.13752

8.49923 7.04816
9.32067 7.26117

8.44943 8.21822
8.04032 9.10612

8.44943 8.21822
9.29614 8.4206

8.04032 9.10612
9.13767 9.17631

9.12061 2.04108
9.21015 3.37536

9.21015 3.37536
9.39646 4.00848

9.39646 4.00848
9.14106 5.22692

9.14106 5.22692
9.16738 6.13752

9.16738 6.13752
9.32067 7.26117

9.32067 7.26117
9.29614 8.4206

9.29614 8.4206
9.13767 9.17631

