0.37847 0.0578317
1.4193 0.202344

1.4193 0.202344
2.47199 0.147971

2.47199 0.147971
2.20805 1.40758

2.47199 0.147971
3.27131 0.153926

3.27131 0.153926
3.37598 1.36088

3.27131 0.153926
4.14884 0.169405

4.14884 0.169405
4.11033 1.15039

4.14884 0.169405
5.00412 0.065244

5.00412 0.065244
6.07459 0.211156

6.07459 0.211156
7.44332 0.339843

7.44332 0.339843
7.37085 1.43943

7.44332 0.339843
8.19486 0.157876

7.37085 1.43943
7.09824 2.29176

7.37085 1.43943
8.17347 1.19593

8.19486 0.157876
8.17347 1.19593

8.19486 0.157876
9.08654 0.366351

9.08654 0.366351
9.21237 1.38896

