5.10596 0.328574
6.0449 0.0120194

5.12951 1.07282
5.28816 2.31961

5.28816 2.31961
6.41227 2.10249

6.0449 0.0120194
7.41128 0.066762

6.44905 1.09023
6.41227 2.10249

6.41227 2.10249
7.00913 2.07613

7.41128 0.066762
8.09625 0.112777

7.00931 1.21185
8.10845 1.26135

7.00913 2.07613
7.27023 3.25822

7.00913 2.07613
8.23262 2.39597

8.09625 0.112777
8.10845 1.26135

8.10845 1.26135
8.23262 2.39597

8.10845 1.26135
9.48399 1.36473

8.23262 2.39597
8.49293 3.34681

9.37811 0.336057
9.48399 1.36473

