0.172184 0.475935
0.340718 1.05458
0.38262 2.46697
0.315837 3.25797
0.179254 4.4662
0.214641 5.00847
0.0727515 6.45256
1.39756 0.128736
1.1608 1.13544
1.07963 2.06707
1.2051 3.00387
1.24865 4.26599
1.14961 5.46588
1.30026 6.35413
2.22616 0.456692
2.30969 1.03479
2.32374 2.44513
2.0336 3.20974
2.14287 4.37841
2.10155 5.47216
2.09753 6.3105
3.36208 0.120584
3.09128 1.13151
3.08137 2.38241
3.03997 3.11745
3.30119 4.15225
3.24613 5.01466
3.11045 6.3743
4.18049 0.327787
4.44612 1.24255
4.31197 2.10586
4.25531 3.47449
4.01003 4.40393
4.35017 5.10256
4.37211 6.37167
5.28509 0.0395052
5.2775 1.28667
5.1804 2.16346
5.42302 3.38833
5.08442 4.17855
5.31226 5.24961
5.41877 6.38997
6.41564 0.226435
6.15875 1.10464
6.11458 2.49762
6.26041 3.23703
6.38404 4.06312
6.17903 5.23268
6.07219 6.46443
