1.35823 1.16405
1.35105 2.09138

1.35105 2.09138
1.20063 3.07752

1.20063 3.07752
2.38306 3.39075

1.38192 4.493
2.14927 4.10207

2.23056 2.16742
2.38306 3.39075

2.38306 3.39075
2.14927 4.10207

2.38306 3.39075
3.02637 3.42048

2.14927 4.10207
3.47652 4.48255

2.49143 5.36715
2.0989 6.48076

2.49143 5.36715
3.10419 5.45347

2.0989 6.48076
3.22215 6.4805

3.47652 4.48255
3.10419 5.45347

3.47652 4.48255
4.32168 4.39326

3.22215 6.4805
4.10944 6.42872

4.32168 4.39326
4.11066 5.20089

4.10944 6.42872
4.36939 7.23713

4.36939 7.23713
5.16665 7.00198

5.18877 6.43864
5.16665 7.00198

