0.0869771 2.01883
0.0906513 3.31047

0.0869771 2.01883
1.00782 2.45104

0.0906513 3.31047
0.456126 4.23328

0.456126 4.23328
0.215568 5.07143

0.456126 4.23328
1.21875 4.14203

0.215568 5.07143
0.0169926 6.0527

0.215568 5.07143
1.15073 5.43421

0.0169926 6.0527
0.442378 7.19273

0.442378 7.19273
1.02359 7.44859

0.227501 8.20717
0.141097 9.45328

0.227501 8.20717
1.29505 8.48935

1.19914 3.28784
1.21875 4.14203

1.21875 4.14203
1.15073 5.43421

1.15073 5.43421
1.10417 6.08778

1.15073 5.43421
2.08643 5.32481

1.10417 6.08778
2.2539 6.19654

1.29505 8.48935
1.28591 9.28879

1.29505 8.48935
2.20511 8.35836

1.28591 9.28879
2.2354 9.1215

2.08643 5.32481
2.2539 6.19654

2.2539 6.19654
2.2384 7.07868

2.2539 6.19654
3.18939 6.44991

2.2384 7.07868
2.20511 8.35836

2.2384 7.07868
3.39449 7.13055

2.20511 8.35836
2.2354 9.1215

2.20511 8.35836
3.17393 8.17128

3.35157 5.46958
3.18939 6.44991

