0.127151 0.405553
0.240948 1.00251

0.240948 1.00251
0.181133 2.20466

0.181133 2.20466
0.372312 3.13922

0.181133 2.20466
1.44107 2.42181

0.372312 3.13922
0.284266 4.49483

0.372312 3.13922
1.22827 3.49393

0.284266 4.49483
0.286775 5.04763

0.284266 4.49483
1.49942 4.46477

0.286775 5.04763
1.24789 5.20765

1.33706 1.3619
1.44107 2.42181

1.44107 2.42181
1.22827 3.49393

1.44107 2.42181
2.2699 2.35751

1.22827 3.49393
1.49942 4.46477

1.49942 4.46477
1.24789 5.20765

1.49942 4.46477
2.12314 4.42456

1.24789 5.20765
1.38176 6.14514

1.24789 5.20765
2.37822 5.29795

2.2699 2.35751
3.33719 2.20555

2.45227 3.41405
2.12314 4.42456

2.12314 4.42456
2.37822 5.29795

2.12314 4.42456
3.4587 4.02776

2.37822 5.29795
2.24314 6.41862

2.37822 5.29795
3.14212 5.01645

2.24314 6.41862
2.20894 7.31475

2.24314 6.41862
3.02813 6.33829

2.20894 7.31475
3.03671 7.07705

3.37286 1.15566
3.33719 2.20555

3.4587 4.02776
3.14212 5.01645

3.4587 4.02776
4.09814 4.035

3.03671 7.07705
3.31673 8.34136

3.31673 8.34136
3.20536 9.40421

3.20536 9.40421
4.27757 9.3377

4.09814 4.035
4.12644 5.28907

4.09814 4.035
5.01136 4.38542

4.12644 5.28907
4.23271 6.30171

4.27757 9.3377
5.00798 9.4842

