0.173962 0.450781
0.182722 1.25986
0.34252 2.25039
0.233374 3.16754
0.453665 4.14376
0.105352 5.48212
0.483157 6.39159
1.47953 0.2503
1.33055 1.36191
1.31523 2.09074
1.01008 3.07252
1.33498 4.11514
1.44623 5.1034
1.10033 6.15399
2.41926 0.0185586
2.02755 1.35481
2.08682 2.35771
2.17428 3.02415
2.4686 4.04903
2.11868 5.01199
2.34183 6.39175
3.05341 0.418875
3.28529 1.27193
3.13537 2.21968
3.17455 3.17912
3.14125 4.29983
3.00932 5.11785
3.03979 6.10636
4.14899 0.258188
4.09595 1.09342
4.27339 2.37144
4.37578 3.33871
4.44239 4.23936
4.30822 5.37684
4.02195 6.1383
5.2807 0.441347
5.2003 1.04071
5.00068 2.06229
5.26843 3.47594
5.15519 4.01937
5.03139 5.10772
5.2783 6.22266
6.32962 0.37571
6.41144 1.09519
6.28669 2.2233
6.34826 3.44607
6.34439 4.15098
6.06522 5.49346
6.28728 6.06795
