0.480209 0.23908
0.359273 1.0451
0.360211 2.49425
0.131332 3.13276
0.300698 4.36784
0.131508 5.26655
0.360953 6.22361
0.464662 7.08504
0.182149 8.13669
0.267752 9.19765
1.33261 0.456029
1.24892 1.06006
1.3202 2.45822
1.16143 3.14876
1.07229 4.37847
1.06581 5.06875
1.26074 6.03568
1.20218 7.3882
1.26718 8.24289
1.16507 9.29234
2.29945 0.113718
2.12845 1.33436
2.46145 2.11353
2.46602 3.04397
2.08709 4.35385
2.09917 5.40059
2.18231 6.4202
2.06718 7.31578
2.28217 8.25374
2.02351 9.07641
3.45757 0.289981
3.11656 1.32429
3.34062 2.34568
3.28594 3.01907
3.08166 4.13923
3.38139 5.23673
3.46023 6.22643
3.12725 7.05708
3.13212 8.38027
3.23695 9.2372
4.34756 0.457613
4.34067 1.09768
4.24118 2.37376
4.47245 3.46103
4.11362 4.3085
4.0298 5.23983
4.32222 6.03641
4.15612 7.24092
4.30872 8.24766
4.19568 9.04686
5.33362 0.492809
5.02706 1.28665
5.33973 2.36102
5.06647 3.28309
5.0735 4.30035
5.04503 5.0227
5.19496 6.48308
5.10784 7.43681
5.18054 8.39841
5.20541 9.26782
6.19304 0.355617
6.04384 1.33795
6.24334 2.03339
6.46601 3.38244
6.23593 4.23893
6.39502 5.44479
6.19911 6.14978
6.15501 7.33133
6.0506 8.25237
6.14267 9.29212
7.1571 0.359803
7.28764 1.39135
7.12099 2.00387
7.31746 3.49483
7.22059 4.45306
7.47537 5.47636
7.18106 6.20211
7.35737 7.12765
7.40652 8.3783
7.32156 9.28181
8.23823 0.157428
8.0145 1.13473
8.40772 2.17881
8.41352 3.45321
8.10935 4.39723
8.00105 5.39905
8.30774 6.28071
8.37754 7.31228
8.44433 8.04022
8.46104 9.45216
9.48501 0.484045
9.16239 1.20578
9.08824 2.3516
9.18712 3.3004
9.24447 4.32591
9.35158 5.27482
9.49223 6.159
9.08395 7.07772
9.26014 8.21192
9.01979 9.4033
