2.26955 3.0808
3.42685 3.18658

3.41732 0.0548524
3.24512 1.37859

3.24512 1.37859
3.14105 2.247

3.24512 1.37859
4.34168 1.04992

3.14105 2.247
3.42685 3.18658

3.14105 2.247
4.2246 2.09511

3.42685 3.18658
3.4306 4.35188

3.42685 3.18658
4.20354 3.19042

4.34168 1.04992
4.2246 2.09511

4.34168 1.04992
5.13047 1.10319

4.2246 2.09511
5.0289 2.31308

5.0289 2.31308
5.10693 3.11236

5.0289 2.31308
6.11872 2.24034

6.20811 0.37397
6.32557 1.1367

6.32557 1.1367
6.11872 2.24034

6.11872 2.24034
6.0643 3.18035

