0.173138 1.17551
1.34119 1.1471

0.398099 2.00186
1.32675 2.09644

1.34119 1.1471
2.36713 1.30174

1.32675 2.09644
2.0503 2.17386

2.45245 0.0380935
2.36713 1.30174

2.36713 1.30174
2.0503 2.17386

2.0503 2.17386
3.15299 2.02735

2.33791 3.4407
3.09953 3.13732

3.1688 1.2797
3.15299 2.02735

3.1688 1.2797
4.05161 1.34994

3.15299 2.02735
3.09953 3.13732

3.15299 2.02735
4.18516 2.03512

3.09953 3.13732
3.14533 4.09793

3.09953 3.13732
4.24283 3.45295

3.14533 4.09793
4.06616 4.16203

4.18516 2.03512
4.24283 3.45295

4.24283 3.45295
5.26674 3.22925

4.06616 4.16203
5.07267 4.11887

5.26674 3.22925
6.19901 3.46559

6.19901 3.46559
7.41215 3.22859

6.41257 4.00777
6.49247 5.3143

6.49247 5.3143
7.36089 5.43747

6.33666 6.22416
7.33301 6.06618

7.41478 1.21636
8.2199 1.3167

7.41215 3.22859
7.15256 4.2546

7.41215 3.22859
8.04798 3.17503

7.15256 4.2546
7.36089 5.43747

7.15256 4.2546
8.25974 4.3949

7.36089 5.43747
7.33301 6.06618

7.36089 5.43747
8.48144 5.48551

7.33301 6.06618
7.28142 7.05455

8.08767 0.0947527
9.02544 0.440759

8.2199 1.3167
8.13768 2.27472

8.13768 2.27472
8.04798 3.17503

8.13768 2.27472
9.12061 2.04108

8.04798 3.17503
8.25974 4.3949

8.04798 3.17503
9.21015 3.37536

8.25974 4.3949
8.48144 5.48551

8.25974 4.3949
9.39646 4.00848

9.02544 0.440759
9.18956 1.32431

9.18956 1.32431
9.12061 2.04108

9.12061 2.04108
9.21015 3.37536

9.21015 3.37536
9.39646 4.00848

9.39646 4.00848
9.14106 5.22692

