0.104334 0.108818
0.188562 1.33727
0.254413 2.45949
0.158497 3.29165
0.438401 4.13995
0.364881 5.2628
0.40487 6.38068
1.36349 0.288292
1.27321 1.04367
1.44181 2.29991
1.23458 3.17989
1.20215 4.13474
1.46264 5.09518
1.08159 6.1034
2.00489 0.0716964
2.39972 1.33098
2.06465 2.40204
2.22457 3.11184
2.37349 4.36589
2.43306 5.47715
2.43192 6.2138
3.18221 0.120825
3.41265 1.0329
3.07248 2.42893
3.41351 3.45306
3.19489 4.32648
3.45567 5.36744
3.02733 6.2619
4.40847 0.496222
4.49932 1.45029
4.1361 2.29337
4.47469 3.34817
4.32547 4.1359
4.25109 5.47216
4.07626 6.07328
5.25717 0.202345
5.03659 1.04536
5.07343 2.22082
5.41859 3.1357
5.32269 4.15093
5.35109 5.25418
5.33679 6.3311
6.31435 0.223678
6.26575 1.19287
6.4673 2.3613
6.20612 3.49742
6.10622 4.43973
6.46606 5.38095
6.1355 6.19177
