0.489356 6.19909
0.424451 7.39961

0.489356 6.19909
1.48986 6.05449

0.424451 7.39961
0.284247 8.45443

0.424451 7.39961
1.01944 7.29126

0.284247 8.45443
0.0645737 9.317

0.0645737 9.317
1.12094 9.29222

1.24296 3.33602
1.06629 4.33329

1.06629 4.33329
2.20328 4.17044

1.31239 5.25074
1.48986 6.05449

1.31239 5.25074
2.39027 5.33954

1.48986 6.05449
2.2853 6.04583

1.12094 9.29222
2.48047 9.09621

2.20328 4.17044
2.39027 5.33954

2.20328 4.17044
3.04305 4.3173

2.39027 5.33954
2.2853 6.04583

2.39027 5.33954
3.41584 5.43629

2.2853 6.04583
2.05268 7.39638

2.2853 6.04583
3.03752 6.39146

2.40276 8.47719
2.48047 9.09621

2.48047 9.09621
3.4845 9.41214

3.04305 4.3173
3.41584 5.43629

3.41584 5.43629
3.03752 6.39146

3.48257 8.29716
4.47203 8.11941

3.4845 9.41214
4.07367 9.45488

4.47203 8.11941
4.07367 9.45488

4.07367 9.45488
5.1162 9.16166

5.1162 9.16166
6.03425 9.04023

