1.22095 3.35315
2.16785 3.08191

2.16785 3.08191
2.35979 4.47146

2.16785 3.08191
3.27611 3.42497

3.4443 1.41151
4.03865 1.00081

3.08704 2.05583
4.22165 2.46972

3.27611 3.42497
3.171 4.47306

3.27611 3.42497
4.00057 3.00657

3.171 4.47306
4.04037 4.47992

4.03865 1.00081
4.22165 2.46972

4.03865 1.00081
5.23412 1.284

4.22165 2.46972
4.00057 3.00657

4.22165 2.46972
5.26582 2.35616

4.00057 3.00657
5.12007 3.41142

4.04037 4.47992
5.00974 4.12434

5.23412 1.284
5.26582 2.35616

5.26582 2.35616
5.12007 3.41142

5.26582 2.35616
6.40552 2.39154

5.12007 3.41142
5.00974 4.12434

5.12007 3.41142
6.35469 3.32112

6.30164 1.37897
6.40552 2.39154

6.35469 3.32112
7.28596 3.42505

7.28596 3.42505
8.23607 3.4964

8.23607 3.4964
9.42864 3.19375

9.44937 2.47911
9.42864 3.19375

9.42864 3.19375
9.01291 4.41618

9.01291 4.41618
9.33752 5.27499

