0.357039 7.05451
0.246737 8.12574

0.246737 8.12574
0.297309 9.45427

0.246737 8.12574
1.49729 8.32449

0.297309 9.45427
1.49449 9.00285

1.23868 7.04881
1.49729 8.32449

1.49729 8.32449
2.21709 8.33289

1.49449 9.00285
2.25806 9.20827

2.25806 9.20827
3.29242 9.06514

3.40728 7.35382
3.24592 8.35231

3.24592 8.35231
3.29242 9.06514

3.29242 9.06514
4.03552 9.29303

4.35232 8.15457
5.07946 8.03058

4.03552 9.29303
5.43048 9.40716

5.07946 8.03058
5.43048 9.40716

5.43048 9.40716
6.31483 9.39603

