0.455769 0.415831
0.299552 1.33527
0.231179 2.48591
0.374429 3.13583
0.070634 4.39181
0.303561 5.24654
0.266328 6.32393
1.12484 0.428557
1.14672 1.34506
1.40121 2.43932
1.01651 3.20994
1.05605 4.34581
1.00451 5.39219
1.22776 6.15262
2.17381 0.112915
2.16516 1.2194
2.4114 2.08405
2.41198 3.25793
2.46489 4.48434
2.12866 5.09304
2.15529 6.08937
3.27158 0.0643484
3.11124 1.32572
3.30715 2.3864
3.21584 3.00291
3.3665 4.39323
3.19823 5.40126
3.36604 6.37981
4.14596 0.307522
4.09061 1.26653
4.24528 2.27196
4.38831 3.00033
4.07379 4.25216
4.25595 5.37428
4.12759 6.20408
5.03245 0.480851
5.4073 1.45208
5.30037 2.48112
5.07624 3.11033
5.4449 4.32514
5.16942 5.09272
5.21059 6.1118
6.44252 0.343364
6.44257 1.28856
6.00314 2.48415
6.41151 3.16828
6.28094 4.05934
6.16334 5.10237
6.49137 6.41606
