0.173962 0.450781
0.182722 1.25986

0.173962 0.450781
1.47953 0.2503

0.182722 1.25986
0.34252 2.25039

0.182722 1.25986
1.33055 1.36191

0.34252 2.25039
0.233374 3.16754

0.34252 2.25039
1.31523 2.09074

0.233374 3.16754
0.453665 4.14376

0.233374 3.16754
1.01008 3.07252

1.47953 0.2503
1.33055 1.36191

1.47953 0.2503
2.41926 0.0185586

1.33055 1.36191
1.31523 2.09074

1.33055 1.36191
2.02755 1.35481

1.31523 2.09074
1.01008 3.07252

1.31523 2.09074
2.08682 2.35771

1.01008 3.07252
2.17428 3.02415

2.41926 0.0185586
2.02755 1.35481

2.41926 0.0185586
3.05341 0.418875

2.02755 1.35481
2.08682 2.35771

2.02755 1.35481
3.28529 1.27193

2.17428 3.02415
3.17455 3.17912

3.13537 2.21968
3.17455 3.17912

3.17455 3.17912
3.14125 4.29983

3.14125 4.29983
4.44239 4.23936

4.37578 3.33871
4.44239 4.23936

4.44239 4.23936
4.30822 5.37684

4.30822 5.37684
5.03139 5.10772

