3.19502 1.46988
4.39132 1.07053

3.34384 3.26466
4.46235 3.17456

3.04048 6.4302
4.44169 6.01239

4.15761 0.348663
5.1855 0.396892

4.39132 1.07053
4.39808 2.19479

4.39132 1.07053
5.13048 1.32081

4.39808 2.19479
4.46235 3.17456

4.39808 2.19479
5.29175 2.49849

4.46235 3.17456
4.34174 4.21347

4.34174 4.21347
4.48812 5.46818

4.48812 5.46818
4.44169 6.01239

4.48812 5.46818
5.0158 5.06642

5.1855 0.396892
5.13048 1.32081

5.13048 1.32081
6.10261 1.28535

5.29175 2.49849
5.39349 3.10618

5.29175 2.49849
6.48844 2.23628

5.08847 4.48433
5.0158 5.06642

5.08847 4.48433
6.37954 4.04349

6.32238 0.332596
6.10261 1.28535

