6.29866 2.02083
7.22725 2.11264

6.4513 8.33326
7.41957 8.03012

7.22725 2.11264
8.01039 2.3519

7.46547 3.19583
8.20175 3.28538

7.18831 5.16363
7.49085 6.17791

7.18831 5.16363
8.41442 5.45527

7.49085 6.17791
8.41449 6.46231

7.41957 8.03012
7.31096 9.18513

7.41957 8.03012
8.06676 8.46428

8.01039 2.3519
8.20175 3.28538

8.20175 3.28538
8.04296 4.09574

8.20175 3.28538
9.04506 3.23716

8.04296 4.09574
8.41442 5.45527

8.41442 5.45527
8.41449 6.46231

8.41449 6.46231
8.1957 7.43529

8.41449 6.46231
9.05065 6.49702

8.1957 7.43529
9.00106 7.00151

8.06676 8.46428
8.25383 9.24394

8.06676 8.46428
9.24447 8.46368

8.25383 9.24394
9.48509 9.27349

9.44441 2.25857
9.04506 3.23716

9.04506 3.23716
9.2895 4.48214

9.12585 5.28864
9.05065 6.49702

9.05065 6.49702
9.00106 7.00151

9.00106 7.00151
9.24447 8.46368

9.24447 8.46368
9.48509 9.27349

