0.197722 0.283776
0.177157 1.36606
0.471382 2.04081
0.105452 3.43141
0.463238 4.42133
0.296119 5.29419
0.240546 6.4563
0.471187 7.38142
0.0478181 8.09053
0.312985 9.20613
1.4012 0.458048
1.12299 1.21819
1.36242 2.23283
1.49218 3.48766
1.32382 4.41082
1.21368 5.05082
1.40464 6.08026
1.13808 7.10471
1.21869 8.0969
1.2564 9.26858
2.09755 0.277819
2.05706 1.07958
2.30011 2.3859
2.1875 3.04033
2.03892 4.24278
2.22138 5.19546
2.03376 6.0061
2.43342 7.01418
2.43045 8.32015
2.10734 9.28489
3.21984 0.111196
3.40376 1.28472
3.07147 2.43988
3.26716 3.47498
3.29293 4.39065
3.36104 5.42302
3.45714 6.04783
3.47972 7.10105
3.31508 8.34537
3.44064 9.29505
4.38729 0.373442
4.03604 1.40477
4.2169 2.35059
4.20115 3.00625
4.44971 4.18198
4.3569 5.22138
4.35505 6.1155
4.08503 7.24166
4.05396 8.41704
4.42888 9.28186
5.38465 0.472721
5.48086 1.41358
5.49082 2.21412
5.44164 3.28386
5.11897 4.01696
5.13365 5.36612
5.49936 6.42956
5.17025 7.04825
5.05414 8.1635
5.04058 9.2772
6.20138 0.223067
6.1183 1.03895
6.10426 2.33822
6.27689 3.32176
6.23526 4.2542
6.27906 5.47926
6.35368 6.19746
6.45187 7.48727
6.22312 8.09228
6.10538 9.23389
7.42242 0.241176
7.27603 1.00447
7.33247 2.04014
7.48305 3.37227
7.44425 4.38306
7.02556 5.35464
7.17526 6.11562
7.14625 7.26412
7.20946 8.09359
7.49947 9.02138
8.39438 0.393227
8.49161 1.44756
8.35085 2.00659
8.2774 3.17194
8.20984 4.14925
8.19676 5.18173
8.28918 6.32127
8.12848 7.08966
8.44442 8.45956
8.09194 9.10614
9.03658 0.250374
9.05722 1.38208
9.05027 2.36743
9.35158 3.02729
9.49706 4.24583
9.39867 5.08137
9.04169 6.49704
9.39767 7.11008
9.22419 8.29648
9.05938 9.02358
