2.27764 5.42994
3.23685 5.23173

3.23685 5.23173
4.06196 5.48109

4.24093 4.15251
4.06196 5.48109

4.06196 5.48109
5.06711 5.49715

4.31699 6.23439
4.09727 7.43312

4.31699 6.23439
5.35473 6.08247

4.09727 7.43312
4.46359 8.44313

5.48968 3.36011
5.17991 4.23305

5.17991 4.23305
5.06711 5.49715

5.06711 5.49715
5.35473 6.08247

5.06711 5.49715
6.35557 5.08072

5.35473 6.08247
5.21722 7.4077

6.41677 2.11098
7.43015 2.48176

6.35557 5.08072
7.14121 5.40883

7.38589 0.260914
7.11387 1.34136

7.38589 0.260914
8.39488 0.191648

7.11387 1.34136
7.43015 2.48176

7.11387 1.34136
8.16397 1.26961

7.43015 2.48176
7.18534 3.22388

7.18534 3.22388
7.23412 4.27979

7.23412 4.27979
7.14121 5.40883

7.23412 4.27979
8.06434 4.11931

7.14121 5.40883
8.15815 5.0365

8.16685 3.21285
8.06434 4.11931

8.06434 4.11931
9.27831 4.1638

