0.228107 0.227411
0.315514 1.04779
0.0837346 2.31386
0.172882 3.41899
0.174179 4.32203
0.0290934 5.28198
0.162633 6.35289
1.46016 0.0331502
1.14064 1.34484
1.38086 2.21482
1.07484 3.02562
1.20819 4.36139
1.14575 5.03862
1.0948 6.20668
2.30119 0.33367
2.11401 1.25784
2.06529 2.15459
2.19037 3.38508
2.37229 4.41845
2.01827 5.42034
2.46809 6.2115
3.30651 0.256897
3.47167 1.11921
3.32404 2.06214
3.02294 3.05229
3.2607 4.47393
3.4355 5.46984
3.35233 6.18098
4.44231 0.342898
4.48535 1.01054
4.28769 2.19345
4.44278 3.15403
4.00085 4.24728
4.08992 5.26973
4.14891 6.0241
5.36192 0.256851
5.46558 1.283
5.39862 2.12431
5.0871 3.00362
5.29884 4.37467
5.29627 5.14808
5.20613 6.49869
6.10264 0.280434
6.1419 1.11542
6.48936 2.40431
6.33826 3.10909
6.03767 4.39967
6.04068 5.41243
6.2452 6.47799
