0.127151 0.405553
1.31867 0.164701

0.240948 1.00251
1.33706 1.3619

1.31867 0.164701
1.33706 1.3619

1.31867 0.164701
2.45514 0.230666

1.33706 1.3619
2.3011 1.13644

1.22827 3.49393
2.45227 3.41405

2.45514 0.230666
2.3011 1.13644

2.45514 0.230666
3.48615 0.184023

2.3011 1.13644
2.2699 2.35751

2.3011 1.13644
3.37286 1.15566

2.2699 2.35751
2.45227 3.41405

2.45227 3.41405
3.41741 3.25277

3.48615 0.184023
3.37286 1.15566

3.48615 0.184023
4.01043 0.260687

3.37286 1.15566
4.38227 1.22477

3.33719 2.20555
3.41741 3.25277

3.33719 2.20555
4.41905 2.41961

3.41741 3.25277
3.4587 4.02776

3.41741 3.25277
4.07706 3.03879

4.01043 0.260687
4.38227 1.22477

4.01043 0.260687
5.00956 0.308789

4.41905 2.41961
4.07706 3.03879

5.00956 0.308789
5.30286 1.49635

5.00956 0.308789
6.31382 0.0315519

5.30286 1.49635
5.22461 2.46954

5.30286 1.49635
6.22429 1.42528

6.31382 0.0315519
6.22429 1.42528

6.31382 0.0315519
7.00072 0.258375

6.22429 1.42528
7.21109 1.11723

