0.268238 1.45155
0.0570592 2.19339

0.268238 1.45155
1.22495 1.19851

0.0570592 2.19339
1.38506 2.02396

0.418168 3.08177
0.484139 4.43602

0.418168 3.08177
1.35703 3.11057

0.484139 4.43602
0.293565 5.29519

0.484139 4.43602
1.07248 4.23935

1.38506 2.02396
1.35703 3.11057

1.07248 4.23935
2.34149 4.02772

2.34149 4.02772
3.14 4.28745

2.01716 5.22475
3.49641 5.40354

3.14 4.28745
3.49641 5.40354

3.14 4.28745
4.19091 4.11233

3.49641 5.40354
3.31512 6.46521

3.49641 5.40354
4.49999 5.44261

4.19091 4.11233
4.49999 5.44261

4.19091 4.11233
5.46462 4.10164

4.49999 5.44261
4.26358 6.23875

4.26358 6.23875
5.36104 6.46191

4.42789 7.4929
5.26824 7.10319

5.1364 3.1224
5.46462 4.10164

5.46462 4.10164
5.07865 5.46405

5.46462 4.10164
6.29766 4.19857

5.07865 5.46405
6.10985 5.09816

5.36104 6.46191
5.26824 7.10319

5.36104 6.46191
6.48866 6.10495

6.29766 4.19857
7.168 4.31556

6.10985 5.09816
6.48866 6.10495

6.10985 5.09816
7.10603 5.45814

6.48866 6.10495
6.11285 7.3721

6.48866 6.10495
7.3646 6.38466

6.11285 7.3721
7.03538 7.02003

7.168 4.31556
7.10603 5.45814

7.168 4.31556
8.03167 4.22506

7.10603 5.45814
7.3646 6.38466

7.10603 5.45814
8.19134 5.02456

7.3646 6.38466
7.03538 7.02003

7.3646 6.38466
8.37844 6.16188

7.03538 7.02003
7.34895 8.16204

7.34895 8.16204
8.277 8.48668

8.47411 3.38206
8.03167 4.22506

8.03167 4.22506
8.19134 5.02456

8.19134 5.02456
8.37844 6.16188

8.19134 5.02456
9.30375 5.08586

8.37844 6.16188
9.46801 6.36014

8.13367 7.01809
8.277 8.48668

8.13367 7.01809
9.01224 7.16237

8.277 8.48668
8.07257 9.3277

8.07257 9.3277
9.09455 9.45178

9.30375 5.08586
9.46801 6.36014

9.46801 6.36014
9.01224 7.16237

9.01224 7.16237
9.08672 8.36309

9.08672 8.36309
9.09455 9.45178

