5.06711 5.49715
5.35473 6.08247

5.06711 5.49715
6.35557 5.08072

5.35473 6.08247
6.2445 6.1527

6.29805 4.43377
6.35557 5.08072

6.29805 4.43377
7.23412 4.27979

6.35557 5.08072
6.2445 6.1527

6.35557 5.08072
7.14121 5.40883

6.2445 6.1527
7.45504 6.11491

7.18534 3.22388
7.23412 4.27979

7.23412 4.27979
7.14121 5.40883

7.23412 4.27979
8.06434 4.11931

7.14121 5.40883
7.45504 6.11491

7.14121 5.40883
8.15815 5.0365

8.06434 4.11931
9.27831 4.1638

8.15815 5.0365
9.34521 5.49198

9.27831 4.1638
9.34521 5.49198

9.34521 5.49198
9.43658 6.3141

