0.0501652 0.0127548
0.452437 1.34551

0.0501652 0.0127548
1.40581 0.414103

0.452437 1.34551
0.272097 2.1685

0.452437 1.34551
1.37364 1.37484

0.213177 3.18491
1.36902 3.01229

1.40581 0.414103
1.37364 1.37484

1.40581 0.414103
2.24192 0.0439321

1.37364 1.37484
1.37529 2.19032

1.37364 1.37484
2.40649 1.4312

1.37529 2.19032
1.36902 3.01229

1.37529 2.19032
2.45689 2.37891

1.36902 3.01229
1.46724 4.17538

1.46724 4.17538
2.36084 4.44769

2.24192 0.0439321
2.40649 1.4312

2.24192 0.0439321
3.12611 0.348931

2.40649 1.4312
2.45689 2.37891

2.40649 1.4312
3.43955 1.29497

2.05346 3.05173
3.3499 3.07752

3.12611 0.348931
3.43955 1.29497

3.12611 0.348931
4.01684 0.110946

3.43955 1.29497
3.46121 2.01166

3.43955 1.29497
4.12344 1.46263

3.46121 2.01166
3.3499 3.07752

3.46121 2.01166
4.17874 2.47346

3.3499 3.07752
4.35499 3.07555

4.12344 1.46263
4.17874 2.47346

4.12344 1.46263
5.32229 1.28524

4.17874 2.47346
5.25577 2.28184

4.35499 3.07555
4.48281 4.22257

4.29745 5.07482
5.23664 5.1861

5.32229 1.28524
5.25577 2.28184

5.25577 2.28184
5.16846 3.4802

5.16846 3.4802
5.30857 4.48951

5.30857 4.48951
5.23664 5.1861

5.30857 4.48951
6.16528 4.13268

6.16528 4.13268
6.02783 5.39032

6.16528 4.13268
7.49243 4.43858

6.02783 5.39032
7.13393 5.29479

7.49243 4.43858
8.26869 4.264

