6.17021 2.34882
7.03437 2.10685

6.15416 3.01028
6.16528 4.13268

6.16528 4.13268
6.02783 5.39032

6.02783 5.39032
7.13393 5.29479

6.30853 6.39492
7.34657 6.43627

6.4619 7.35803
6.25165 8.35729

6.25165 8.35729
7.34534 8.158

6.31512 9.46372
7.45717 9.3281

7.48808 0.0051148
8.21626 0.192317

7.25467 1.11654
7.03437 2.10685

7.25467 1.11654
8.10401 1.32367

7.03437 2.10685
8.0591 2.36492

7.13393 5.29479
7.34657 6.43627

7.13393 5.29479
8.24972 5.04557

7.34657 6.43627
7.42985 7.18594

7.34657 6.43627
8.20902 6.37408

7.42985 7.18594
7.34534 8.158

7.42985 7.18594
8.15468 7.08072

7.34534 8.158
7.45717 9.3281

7.34534 8.158
8.09186 8.14676

7.45717 9.3281
8.4729 9.21897

8.21626 0.192317
8.10401 1.32367

8.21626 0.192317
9.01732 0.231322

8.10401 1.32367
9.42496 1.10553

8.0591 2.36492
8.48855 3.32022

8.0591 2.36492
9.26616 2.12033

8.48855 3.32022
8.26869 4.264

8.26869 4.264
8.24972 5.04557

8.24972 5.04557
8.20902 6.37408

8.24972 5.04557
9.47973 5.18775

8.20902 6.37408
8.15468 7.08072

8.15468 7.08072
8.09186 8.14676

8.15468 7.08072
9.20357 7.28541

8.09186 8.14676
8.4729 9.21897

8.09186 8.14676
9.45843 8.06297

9.42496 1.10553
9.26616 2.12033

9.26616 2.12033
9.18174 3.17668

9.28821 4.15717
9.47973 5.18775

9.47973 5.18775
9.35949 6.0836

9.35949 6.0836
9.20357 7.28541

9.20357 7.28541
9.45843 8.06297

9.45843 8.06297
9.00146 9.00187

