5.01136 4.38542
5.00069 5.4337

5.00069 5.4337
6.4217 5.07677

5.45645 6.22567
6.39325 6.13436

5.49275 7.24498
6.21077 7.15707

5.17545 8.3294
6.15448 8.01742

6.4217 5.07677
7.11037 5.42416

6.39325 6.13436
6.21077 7.15707

6.21077 7.15707
6.15448 8.01742

6.21077 7.15707
7.06592 7.41757

6.15448 8.01742
6.49536 9.13799

6.15448 8.01742
7.34192 8.38577

6.49536 9.13799
7.42022 9.4425

7.11037 5.42416
7.22039 6.49006

7.22039 6.49006
7.06592 7.41757

7.22039 6.49006
8.47548 6.1504

7.06592 7.41757
7.34192 8.38577

7.06592 7.41757
8.48071 7.48284

7.34192 8.38577
7.42022 9.4425

7.34192 8.38577
8.48457 8.30333

7.42022 9.4425
8.22979 9.2272

8.47548 6.1504
8.48071 7.48284

8.47548 6.1504
9.38653 6.43424

8.48071 7.48284
8.48457 8.30333

8.48071 7.48284
9.09283 7.49719

8.48457 8.30333
8.22979 9.2272

8.48457 8.30333
9.22596 8.45341

8.22979 9.2272
9.45148 9.09347

9.45888 3.17466
9.16323 4.49017

9.16323 4.49017
9.12378 5.11477

9.12378 5.11477
9.38653 6.43424

9.38653 6.43424
9.09283 7.49719

9.09283 7.49719
9.22596 8.45341

9.22596 8.45341
9.45148 9.09347

