3.42256 4.00305
4.44637 4.01131

3.38932 5.4208
4.12684 5.12716

3.11556 6.3563
3.15215 7.307

3.11556 6.3563
4.12765 6.48836

4.19337 3.42895
4.44637 4.01131

4.44637 4.01131
4.12684 5.12716

4.12684 5.12716
4.12765 6.48836

4.12765 6.48836
5.30253 6.37016

5.085 4.49182
5.4497 5.46588

5.4497 5.46588
5.30253 6.37016

5.4497 5.46588
6.48667 5.38027

5.30253 6.37016
5.4688 7.14435

6.39959 1.02306
6.34121 2.47161

6.39959 1.02306
7.11278 1.04313

6.34121 2.47161
6.47966 3.28984

6.47966 3.28984
6.08601 4.25374

6.08601 4.25374
6.48667 5.38027

7.11278 1.04313
7.03096 2.29694

7.03096 2.29694
7.30989 3.44596

