6.3243 0.228317
7.09689 0.115912

6.02285 3.39699
7.2392 3.22295

6.30103 4.23365
7.4825 4.10741

7.09689 0.115912
7.07237 1.07304

7.09689 0.115912
8.27806 0.0813227

7.07237 1.07304
8.46272 1.38945

7.18986 2.34433
8.46837 2.07817

7.2392 3.22295
7.4825 4.10741

7.2392 3.22295
8.4085 3.38395

7.4825 4.10741
8.06559 4.01399

8.27806 0.0813227
8.46272 1.38945

8.46272 1.38945
8.46837 2.07817

8.46837 2.07817
8.4085 3.38395

8.46837 2.07817
9.01422 2.39333

8.4085 3.38395
9.24636 3.24698

8.06559 4.01399
9.11567 4.11882

9.11334 0.206896
9.07949 1.36208

9.07949 1.36208
9.01422 2.39333

9.01422 2.39333
9.24636 3.24698

9.24636 3.24698
9.11567 4.11882

9.11567 4.11882
9.41676 5.15364

