5
910
0.5
49
48
0.347466 0.436972
0.183293 1.38074
0.0263767 2.08369
0.349314 3.33188
0.464084 4.37041
0.397381 5.26341
0.123791 6.34784
1.15773 0.157146
1.05443 1.46541
1.16827 2.27507
1.36841 3.10548
1.42538 4.43514
1.18489 5.2328
1.43355 6.12509
2.05047 0.0265835
2.43949 1.26786
2.26415 2.05332
2.00017 3.43145
2.40663 4.35076
2.49365 5.00648
2.04171 6.01924
3.02348 0.276327
3.41594 1.03631
3.28347 2.42396
3.10786 3.1049
3.40641 4.22128
3.06703 5.22282
3.00023 6.21342
4.14065 0.10181
4.25326 1.43359
4.17281 2.03487
4.12973 3.18844
4.17281 4.2706
4.48877 5.17443
4.08529 6.27804
5.49802 0.155412
5.12142 1.27733
5.41023 2.22988
5.10358 3.27471
5.18395 4.41887
5.34933 5.20861
5.45999 6.00797
6.32037 0.0815136
6.12169 1.47015
6.0699 2.13673
6.37787 3.22748
6.46858 4.08807
6.05567 5.34015
6.43123 6.37033
0 1 10
0 7 51
1 8 55
2 9 72
3 4 7
3 10 64
4 5 4
5 6 17
6 13 83
7 14 56
8 9 7
8 15 88
9 10 13
10 11 4
10 17 40
12 19 83
16 23 64
17 24 70
18 19 6
19 20 29
19 26 36
20 27 61
21 28 71
22 29 53
23 24 11
23 30 56
24 25 19
24 31 65
25 26 21
25 32 48
27 34 69
28 29 7
29 30 5
30 37 78
32 33 20
32 39 64
34 41 87
35 36 24
36 37 18
37 44 42
38 39 5
40 47 45
42 43 13
43 44 3
44 45 19
45 46 6
46 47 26
47 48 24
22 35 224 198 167
216 229 138 194 2
119 10 40 7 77
181 207 50 227 18
10 182 156 90 108
4 225 3 205 7
195 42 137 1 77
220 46 47 98 155
134 92 54 39 89
55 192 121 112 95
103 197 44 105 140
87 149 60 174 96
140 21 70 184 236
118 55 168 60 212
153 136 195 196 90
111 159 122 19 134
153 237 54 226 132
140 6 97 6 169
139 113 216 38 28
214 136 182 124 128
172 232 83 80 8
190 19 178 160 177
213 8 170 91 239
83 17 13 154 49
39 214 187 168 153
162 181 126 220 60
217 141 120 84 153
175 168 172 207 180
199 234 72 13 206
4 26 111 162 122
26 135 175 9 77
26 35 66 33 2
194 126 10 94 133
176 189 160 214 193
53 147 170 12 125
1 29 9 81 68
211 130 144 32 166
146 127 197 207 48
15 88 18 54 80
224 191 218 176 81
74 194 82 141 117
106 16 76 90 174
2 176 123 8 227
203 137 217 58 155
194 230 11 30 207
155 147 204 195 20
187 184 150 234 211
31 138 29 42 235
