5
592
1
25
24
0.0932451 0.0809263
0.397922 1.30282
0.438704 2.20527
0.153518 3.4667
0.0958167 4.47455
1.10128 0.0778009
1.13858 1.19765
1.07791 2.08857
1.45792 3.25269
1.33377 4.21146
2.06341 0.213838
2.051 1.16308
2.26638 2.27242
2.41575 3.45656
2.3701 4.45585
3.3242 0.211316
3.38871 1.34067
3.43004 2.13766
3.04277 3.27658
3.47242 4.23193
4.39599 0.262082
4.06013 1.06727
4.03061 2.37939
4.1919 3.07379
4.05608 4.1665
0 1 19
0 5 64
1 6 47
2 7 40
3 4 4
3 8 82
4 9 78
5 10 61
6 11 58
7 8 24
8 13 61
9 14 66
10 15 80
11 12 14
12 17 74
13 18 40
15 16 4
16 21 42
17 18 24
17 22 38
18 19 27
20 21 21
22 23 10
23 24 9
112 35 41 15 21
73 117 29 79 46
50 90 72 1 70
99 99 73 117 101
93 43 34 5 64
33 25 18 70 75
34 61 12 1 20
118 88 50 41 91
49 3 108 30 71
6 92 33 93 102
93 80 28 101 80
98 53 74 44 39
47 25 29 81 49
15 109 105 3 118
109 117 65 27 106
33 22 34 72 32
9 119 28 29 51
16 34 97 39 105
82 75 68 28 79
26 115 14 50 22
53 43 31 86 96
98 86 67 31 83
53 118 27 25 78
15 43 51 70 113
