5
2969
1
100
99
0.304328 0.444717
0.41716 1.11252
0.142873 2.12034
0.435759 3.28138
0.421542 4.1388
0.486448 5.33048
0.0846509 6.04593
0.191228 7.31595
0.478469 8.49382
0.306568 9.44853
1.31999 0.212848
1.31222 1.4343
1.43983 2.36966
1.08061 3.35256
1.48344 4.08151
1.238 5.23004
1.13956 6.39411
1.1389 7.26326
1.29678 8.1045
1.02957 9.00293
2.05053 0.0666766
2.16759 1.05974
2.01361 2.38675
2.47247 3.23486
2.06161 4.41252
2.39279 5.01593
2.43154 6.04002
2.49971 7.16029
2.4559 8.0893
2.10447 9.3858
3.25429 0.470089
3.09787 1.04534
3.37343 2.01569
3.33762 3.30059
3.04372 4.43555
3.1111 5.43256
3.33354 6.245
3.32189 7.12447
3.08897 8.44119
3.29405 9.48494
4.31869 0.164444
4.06994 1.10265
4.1378 2.20038
4.27113 3.06406
4.34812 4.19999
4.10808 5.46573
4.30936 6.40913
4.17932 7.23433
4.14902 8.32003
4.31659 9.37081
5.23607 0.216304
5.19341 1.2273
5.23937 2.35106
5.28027 3.42488
5.12094 4.24707
5.26702 5.03724
5.24573 6.15558
5.46046 7.35314
5.32481 8.0912
5.41239 9.41665
6.25676 0.110647
6.31254 1.10875
6.18115 2.45093
6.3469 3.13706
6.10864 4.2444
6.47196 5.48323
6.33819 6.42611
6.16598 7.40784
6.42442 8.16049
6.16376 9.18109
7.18437 0.0191202
7.09605 1.388
7.17636 2.11513
7.13265 3.16146
7.37031 4.16256
7.33204 5.47072
7.30787 6.26981
7.39782 7.21505
7.47097 8.14166
7.04684 9.10745
8.30428 0.312633
8.21131 1.44942
8.07005 2.09859
8.44094 3.29298
8.30988 4.17347
8.4794 5.16762
8.20978 6.44679
8.2785 7.18958
8.32333 8.03829
8.37728 9.18523
9.14462 0.280313
9.35495 1.05117
9.42006 2.19592
9.36869 3.07076
9.29409 4.44831
9.04606 5.40384
9.25939 6.41551
9.37632 7.36815
9.11232 8.24051
9.31114 9.12346
0 10 64
1 2 17
2 3 19
3 4 1
4 5 4
5 6 25
5 15 48
7 8 18
7 17 60
8 9 11
9 19 46
10 11 0
10 20 46
11 12 8
12 13 23
13 14 25
13 23 88
14 24 37
15 16 6
15 25 73
17 27 86
18 19 17
19 29 68
20 21 7
20 30 76
22 23 29
22 32 86
23 33 55
24 34 62
25 26 2
25 35 45
26 27 4
27 28 3
29 39 75
30 31 10
31 41 61
32 42 48
33 43 59
34 44 82
35 36 14
35 45 63
36 46 62
37 47 54
38 48 67
40 41 16
43 53 64
45 55 73
46 47 8
46 56 59
47 48 2
48 49 11
48 58 74
50 60 65
51 52 3
52 53 3
52 62 60
53 54 10
54 64 62
55 65 76
56 57 14
58 68 70
59 69 48
60 70 59
61 71 50
62 72 63
63 64 15
63 73 50
64 65 23
65 66 8
65 75 54
66 67 11
67 77 78
68 78 66
69 79 56
70 71 6
70 80 71
71 72 5
72 82 57
73 74 15
74 84 59
76 86 57
78 79 27
78 88 54
80 81 6
82 92 85
83 84 8
84 94 62
85 86 17
86 87 4
87 88 3
88 89 3
88 98 50
89 99 59
90 91 13
91 92 4
93 94 5
94 95 16
95 96 13
96 97 7
484 240 124 467 28
384 11 175 284 136
245 295 341 155 215
126 413 371 90 102
456 247 291 342 306
315 49 455 365 410
443 60 144 30 312
390 408 392 114 131
469 104 107 186 494
111 168 380 86 171
471 41 333 482 246
132 141 290 141 326
81 439 126 445 388
366 472 328 135 362
187 171 259 335 479
493 350 28 108 42
46 48 44 463 268
473 415 294 46 404
333 58 309 177 426
43 430 468 151 135
87 416 319 292 38
388 282 12 26 33
408 321 360 42 109
146 147 209 230 355
488 39 204 306 276
85 95 131 306 490
237 177 321 192 290
484 30 219 91 492
43 452 173 324 146
160 6 4 118 421
170 60 370 475 239
96 436 410 308 413
129 112 458 37 337
437 430 145 209 117
367 152 74 132 169
85 23 264 128 1
315 429 326 399 424
351 443 334 264 490
147 135 286 10 244
345 459 349 309 138
354 385 1 394 286
407 42 35 268 435
296 4 224 439 330
278 392 444 10 256
179 30 451 169 152
75 376 214 213 485
438 134 98 186 429
456 137 141 32 129
59 257 163 436 53
296 373 118 111 272
185 152 364 449 215
10 27 40 383 475
234 355 228 180 110
138 484 349 203 363
463 409 174 182 458
480 436 139 268 383
448 446 102 403 208
111 106 437 278 175
77 78 110 376 340
159 76 431 289 337
384 220 493 415 471
195 471 318 129 126
439 34 387 115 434
236 468 293 159 105
25 353 184 91 364
80 404 437 107 191
132 244 226 184 399
136 295 276 88 214
276 71 330 150 388
345 109 440 470 350
110 193 27 121 120
167 83 301 293 245
420 159 198 92 152
246 219 449 194 0
419 130 381 296 362
392 493 200 255 460
462 15 319 424 293
189 444 389 461 251
365 13 94 144 356
316 241 306 266 145
390 66 436 115 220
493 343 58 453 241
194 339 372 427 78
49 16 247 429 89
221 163 63 118 40
298 10 394 328 290
189 371 260 315 39
49 345 427 325 455
134 490 118 472 473
47 185 151 285 113
137 475 471 21 113
214 124 181 137 383
73 175 242 472 101
223 460 218 58 9
7 248 137 260 99
405 134 193 384 468
279 296 209 74 227
267 328 47 98 295
73 460 389 459 425
