5
5273
1
100
180
0.127151 0.405553
0.240948 1.00251
0.181133 2.20466
0.372312 3.13922
0.284266 4.49483
0.286775 5.04763
0.0690869 6.34677
0.454598 7.44465
0.142963 8.08758
0.0975591 9.04096
1.31867 0.164701
1.33706 1.3619
1.44107 2.42181
1.22827 3.49393
1.49942 4.46477
1.24789 5.20765
1.38176 6.14514
1.21719 7.06191
1.28614 8.11898
1.19965 9.15447
2.45514 0.230666
2.3011 1.13644
2.2699 2.35751
2.45227 3.41405
2.12314 4.42456
2.37822 5.29795
2.24314 6.41862
2.20894 7.31475
2.11622 8.35664
2.40234 9.08282
3.48615 0.184023
3.37286 1.15566
3.33719 2.20555
3.41741 3.25277
3.4587 4.02776
3.14212 5.01645
3.02813 6.33829
3.03671 7.07705
3.31673 8.34136
3.20536 9.40421
4.01043 0.260687
4.38227 1.22477
4.41905 2.41961
4.07706 3.03879
4.09814 4.035
4.12644 5.28907
4.23271 6.30171
4.03625 7.05479
4.10014 8.49077
4.27757 9.3377
5.00956 0.308789
5.30286 1.49635
5.22461 2.46954
5.22257 3.15166
5.01136 4.38542
5.00069 5.4337
5.45645 6.22567
5.49275 7.24498
5.17545 8.3294
5.00798 9.4842
6.31382 0.0315519
6.22429 1.42528
6.1583 2.35496
6.43553 3.36721
6.49233 4.06629
6.4217 5.07677
6.39325 6.13436
6.21077 7.15707
6.15448 8.01742
6.49536 9.13799
7.00072 0.258375
7.21109 1.11723
7.19157 2.09575
7.10397 3.08995
7.35683 4.27473
7.11037 5.42416
7.22039 6.49006
7.06592 7.41757
7.34192 8.38577
7.42022 9.4425
8.36395 0.445718
8.26245 1.30936
8.16207 2.49414
8.19849 3.172
8.03148 4.27701
8.2648 5.34575
8.47548 6.1504
8.48071 7.48284
8.48457 8.30333
8.22979 9.2272
9.41315 0.242782
9.36564 1.37813
9.18131 2.2279
9.45888 3.17466
9.16323 4.49017
9.12378 5.11477
9.38653 6.43424
9.09283 7.49719
9.22596 8.45341
9.45148 9.09347
0 1 7
0 10 75
1 2 4
1 11 69
2 3 12
2 12 80
3 4 6
3 13 54
4 5 0
4 14 77
5 6 14
5 15 61
6 7 24
6 16 83
7 8 20
7 17 48
8 9 3
8 18 72
9 19 70
10 11 1
10 20 72
11 12 7
11 21 61
12 13 13
12 22 52
13 14 17
13 23 77
14 15 16
14 24 39
15 16 8
15 25 71
16 17 10
16 26 54
17 18 4
17 27 63
18 19 5
18 28 52
19 29 76
20 21 10
20 30 65
21 22 2
21 31 68
22 23 12
22 32 68
23 24 21
23 33 61
24 25 16
24 34 84
25 26 9
25 35 48
26 27 2
26 36 50
27 28 6
27 37 52
28 29 18
28 38 76
29 39 51
30 31 7
30 40 33
31 32 2
31 41 64
32 33 5
32 42 68
33 34 3
33 43 42
34 35 20
34 44 40
35 36 7
35 45 62
36 37 1
36 46 76
37 38 18
37 47 63
38 39 7
38 48 50
39 49 68
40 41 24
40 50 63
41 42 2
41 51 58
42 43 22
42 52 51
43 44 1
43 53 72
44 45 2
44 54 58
45 46 7
45 55 55
46 47 12
46 56 77
47 48 4
47 57 92
48 49 11
48 58 68
49 59 46
50 51 19
50 60 82
51 52 5
51 61 58
52 53 0
52 62 59
53 54 13
53 63 77
54 55 1
54 64 94
55 56 29
55 65 90
56 57 2
56 66 59
57 58 20
57 67 45
58 59 11
58 68 62
59 69 94
60 61 6
60 70 43
61 62 4
61 71 62
62 63 18
62 72 65
63 64 4
63 73 42
64 65 4
64 74 55
65 66 2
65 75 44
66 67 12
66 76 52
67 68 4
67 77 54
68 69 22
68 78 75
69 79 58
70 71 13
70 80 86
71 72 1
71 81 66
72 73 6
72 82 61
73 74 16
73 83 69
74 75 16
74 84 43
75 76 7
75 85 73
76 77 10
76 86 79
77 78 17
77 87 89
78 79 5
78 88 72
79 89 51
80 81 6
80 90 66
81 82 6
81 91 70
82 83 2
82 92 64
83 84 11
83 93 80
84 85 15
84 94 72
85 86 13
85 95 54
86 87 0
86 96 58
87 88 0
87 97 39
88 89 16
88 98 47
89 99 77
90 91 3
91 92 12
92 93 18
93 94 19
94 95 2
95 96 17
96 97 19
97 98 8
98 99 14
324 473 112 888 287
646 121 277 802 748
481 514 690 481 218
62 98 723 260 767
575 456 718 545 359
126 784 240 699 612
49 105 217 469 646
169 883 134 184 179
357 554 118 98 359
617 349 866 81 201
380 0 452 268 547
312 730 2 171 361
766 486 632 112 705
381 219 176 200 880
613 571 568 661 394
840 361 56 223 697
682 548 56 797 531
279 116 785 96 857
629 47 511 234 589
495 846 5 679 682
181 201 698 457 592
840 526 570 610 52
622 25 199 244 181
719 892 513 886 532
388 516 191 369 413
10 509 218 533 117
847 1 107 666 598
562 540 165 676 595
223 225 102 321 3
252 77 20 572 123
881 876 386 314 269
140 295 581 794 814
652 216 879 197 498
478 228 509 332 562
856 147 856 497 445
290 831 537 30 423
568 856 768 664 481
398 499 541 357 332
591 425 75 557 578
415 541 861 600 181
600 811 795 685 647
861 297 93 89 644
718 507 490 866 629
717 750 118 620 412
572 545 897 87 27
214 625 520 799 385
461 345 484 760 5
248 267 232 742 37
76 482 375 282 67
185 633 605 30 243
122 721 102 808 736
770 831 259 348 488
201 159 886 339 159
708 629 220 774 852
364 892 555 755 578
39 453 744 824 449
372 302 507 101 506
49 832 116 54 858
29 825 283 18 588
489 549 128 676 523
744 390 477 774 736
783 347 35 610 777
138 251 331 94 728
246 314 855 235 405
510 161 316 262 428
261 536 530 33 886
593 730 747 351 308
677 55 469 3 354
854 14 861 511 73
207 299 760 458 371
683 382 794 6 423
119 452 361 797 844
430 323 553 200 163
700 641 288 684 410
448 489 664 187 794
79 850 196 42 130
305 373 582 302 552
175 742 193 285 870
549 48 123 311 182
306 126 499 102 87
841 307 333 184 368
35 51 897 538 542
166 323 137 685 359
189 616 256 898 508
201 482 375 349 832
253 639 91 60 818
738 732 133 428 658
499 579 869 180 329
224 296 590 776 178
309 215 564 630 824
824 16 19 355 652
110 238 853 547 391
409 384 896 221 798
597 573 816 581 555
191 551 296 124 86
862 46 862 728 568
101 823 295 760 55
6 861 805 140 515
508 153 849 187 411
47 28 581 852 728
44 532 835 635 156
860 448 855 731 543
541 800 704 150 811
605 280 37 86 391
689 417 404 572 732
280 702 10 329 854
851 686 96 67 729
397 325 449 883 632
856 283 315 543 452
96 529 244 104 113
768 468 581 880 871
893 204 634 467 837
151 802 710 508 109
42 34 857 442 370
528 292 709 164 619
642 270 798 604 702
404 243 800 165 59
708 83 428 210 719
509 236 170 473 235
509 260 339 67 19
18 228 734 706 433
873 392 119 705 147
525 832 516 551 876
30 467 383 897 62
231 515 339 898 740
419 293 525 184 865
885 287 656 168 728
185 248 470 256 30
737 423 721 377 416
575 876 201 78 537
508 623 880 333 268
767 214 738 783 320
806 884 584 805 78
287 25 474 55 7
24 107 6 271 184
789 165 308 876 566
11 79 704 340 261
631 222 283 625 408
247 443 597 498 554
431 336 389 198 277
872 588 183 761 305
466 804 650 870 495
228 619 666 856 468
863 321 337 412 555
382 319 763 151 127
795 565 252 364 211
663 77 217 246 212
816 451 832 742 208
88 842 727 131 174
773 466 457 667 306
20 382 435 717 666
476 199 346 500 139
11 395 693 486 51
673 193 507 475 357
875 476 471 261 231
332 760 422 698 728
885 174 490 345 740
692 785 308 280 867
886 207 750 340 363
357 647 62 660 710
518 4 424 392 657
116 577 35 219 461
390 875 458 73 456
795 763 899 394 220
468 507 71 444 883
483 549 193 353 352
879 792 881 429 36
784 766 661 386 454
304 688 57 18 3
861 722 549 591 191
413 847 803 663 319
426 198 467 527 693
369 433 389 401 880
74 49 380 759 539
779 184 610 26 694
503 507 99 419 20
794 52 179 830 458
813 219 63 157 683
654 100 813 430 153
709 439 529 258 153
