5
607
0.5
25
24
0.090133 0.264085
0.287532 1.17899
0.293545 2.19593
0.250326 3.06369
0.305678 4.14936
1.46713 0.394586
1.431 1.18101
1.31455 2.10361
1.17471 3.27369
1.13189 4.43815
2.05145 0.0579834
2.10561 1.33119
2.06945 2.14133
2.2652 3.23421
2.19135 4.01918
3.44488 0.265071
3.31427 1.37726
3.29386 2.14457
3.44929 3.16521
3.3385 4.25474
4.37302 0.160786
4.03901 1.14246
4.11802 2.19407
4.45531 3.40839
4.39375 4.18709
0 1 12
0 5 87
2 7 65
3 4 4
3 8 58
4 9 52
5 6 2
6 7 7
6 11 43
7 8 9
8 13 69
10 11 3
10 15 88
11 16 76
12 13 12
13 14 5
13 18 75
14 19 73
16 21 46
17 22 52
18 23 64
19 24 67
20 21 21
22 23 21
93 113 80 61 111
22 105 33 0 41
42 105 61 39 32
106 63 13 56 69
95 71 74 20 20
39 79 110 116 83
73 19 83 70 70
74 17 33 2 49
81 99 66 60 105
15 36 53 52 94
47 84 56 9 46
78 73 107 24 4
44 33 48 75 104
116 6 118 50 13
58 70 93 2 47
59 73 19 15 51
107 113 55 54 78
26 48 59 49 73
32 52 15 8 109
15 67 73 0 108
13 71 9 22 60
76 101 116 113 26
21 3 57 109 15
48 38 12 39 53
