5
3974
1
100
180
0.190541 0.0816997
0.173138 1.17551
0.398099 2.00186
0.044924 3.25252
0.363562 4.12702
0.147395 5.39142
0.120527 6.0066
0.4404 7.34636
0.428373 8.15681
0.426563 9.37229
1.03982 0.334955
1.34119 1.1471
1.32675 2.09644
1.19507 3.38185
1.0398 4.3411
1.35587 5.25862
1.24074 6.16864
1.12465 7.03112
1.01085 8.4487
1.23979 9.43488
2.45245 0.0380935
2.36713 1.30174
2.0503 2.17386
2.33791 3.4407
2.36588 4.43185
2.00822 5.19048
2.49906 6.23833
2.24343 7.31404
2.12418 8.18858
2.29687 9.04317
3.47985 0.213892
3.1688 1.2797
3.15299 2.02735
3.09953 3.13732
3.14533 4.09793
3.091 5.15949
3.38377 6.03845
3.21454 7.22139
3.02473 8.48863
3.12074 9.02915
4.14868 0.271978
4.05161 1.34994
4.18516 2.03512
4.24283 3.45295
4.06616 4.16203
4.48413 5.11273
4.46516 6.02874
4.24166 7.06663
4.11918 8.01795
4.20226 9.25853
5.42623 0.243932
5.292 1.38359
5.42939 2.03628
5.26674 3.22925
5.07267 4.11887
5.24466 5.4205
5.31806 6.33851
5.3493 7.08681
5.47036 8.23581
5.17249 9.06642
6.12568 0.424523
6.09583 1.2432
6.46858 2.23731
6.19901 3.46559
6.41257 4.00777
6.49247 5.3143
6.33666 6.22416
6.45051 7.0348
6.00542 8.19184
6.40996 9.14001
7.16373 0.315171
7.41478 1.21636
7.01948 2.00708
7.41215 3.22859
7.15256 4.2546
7.36089 5.43747
7.33301 6.06618
7.28142 7.05455
7.32183 8.47279
7.4618 9.25912
8.08767 0.0947527
8.2199 1.3167
8.13768 2.27472
8.04798 3.17503
8.25974 4.3949
8.48144 5.48551
8.31969 6.0425
8.49923 7.04816
8.44943 8.21822
8.04032 9.10612
9.02544 0.440759
9.18956 1.32431
9.12061 2.04108
9.21015 3.37536
9.39646 4.00848
9.14106 5.22692
9.16738 6.13752
9.32067 7.26117
9.29614 8.4206
9.13767 9.17631
0 1 1
0 10 54
1 2 14
1 11 74
2 3 22
2 12 59
3 4 20
3 13 73
4 5 14
4 14 43
5 6 2
5 15 76
6 7 20
6 16 71
7 8 1
7 17 43
8 9 0
8 18 37
9 19 51
10 11 19
10 20 89
11 12 1
11 21 65
12 13 8
12 22 46
13 14 10
13 23 72
14 15 20
14 24 84
15 16 7
15 25 41
16 17 7
16 26 80
17 18 7
17 27 71
18 19 14
18 28 70
19 29 67
20 21 5
20 30 65
21 22 20
21 31 51
22 23 18
22 32 70
23 24 2
23 33 48
24 25 23
24 34 49
25 26 31
25 35 68
26 27 16
26 36 56
27 28 8
27 37 61
28 29 11
28 38 57
29 39 52
30 31 20
30 40 42
31 32 1
31 41 56
32 33 3
32 42 65
33 34 3
33 43 72
34 35 3
34 44 58
35 36 19
35 45 88
36 37 11
36 46 68
37 38 12
37 47 65
38 39 6
38 48 69
39 49 68
40 41 6
40 50 81
41 42 8
41 51 78
42 43 4
42 52 79
43 44 11
43 53 65
44 45 26
44 54 64
45 46 1
45 55 48
46 47 14
46 56 54
47 48 8
47 57 70
48 49 5
48 58 85
49 59 61
50 51 8
50 60 44
51 52 9
51 61 51
52 53 10
52 62 66
53 54 12
53 63 59
54 55 11
54 64 85
55 56 5
55 65 79
56 57 2
56 66 64
57 58 8
57 67 70
58 59 19
58 68 34
59 69 78
60 61 2
60 70 66
61 62 24
61 71 83
62 63 17
62 72 35
63 64 14
63 73 77
64 65 5
64 74 47
65 66 10
65 75 55
66 67 7
66 76 63
67 68 28
67 77 53
68 69 26
68 78 83
69 79 67
70 71 16
70 80 58
71 72 25
71 81 51
72 73 25
72 82 71
73 74 16
73 83 40
74 75 13
74 84 70
75 76 2
75 85 71
76 77 3
76 86 62
77 78 3
77 87 77
78 79 9
78 88 71
79 89 37
80 81 8
80 90 59
81 82 5
81 91 61
82 83 6
82 92 62
83 84 13
83 93 74
84 85 14
84 94 72
85 86 10
85 95 42
86 87 11
86 96 54
87 88 3
87 97 52
88 89 26
88 98 54
89 99 69
90 91 10
91 92 4
92 93 6
93 94 12
94 95 16
95 96 2
96 97 10
97 98 2
98 99 10
185 284 324 542 661
415 707 892 685 830
131 635 613 424 796
719 850 836 344 63
17 307 854 865 671
520 580 817 260 138
133 143 167 851 158
157 814 272 266 878
660 682 381 267 269
551 192 665 881 599
891 69 455 619 481
240 751 711 313 816
548 148 474 34 620
882 261 154 705 22
247 630 134 37 832
108 519 321 858 220
861 663 426 525 241
633 19 378 534 120
535 324 618 791 640
296 588 803 635 213
567 481 441 839 382
333 758 555 513 343
585 717 805 365 120
153 574 357 118 891
824 189 166 171 485
835 232 884 145 196
586 757 71 350 282
437 352 111 381 498
443 334 624 804 489
250 374 315 497 108
331 776 436 107 571
711 872 762 499 121
668 401 340 793 320
368 848 823 777 497
241 159 597 567 323
683 342 6 446 784
805 346 735 660 43
214 109 765 418 178
73 105 745 653 51
684 857 797 734 751
473 101 611 774 595
194 396 380 487 371
0 818 303 154 647
632 503 769 194 863
480 600 489 624 60
651 414 530 652 175
299 726 360 560 371
510 273 475 544 510
813 544 856 755 145
796 185 221 461 676
151 600 304 260 491
571 864 855 830 298
462 269 145 610 555
786 193 620 116 485
335 162 84 306 241
47 383 492 192 65
877 125 792 321 569
229 453 221 465 732
408 487 389 404 728
770 744 630 739 289
519 93 795 300 88
328 207 302 75 140
540 534 530 588 142
660 196 551 528 119
804 61 743 458 725
493 391 524 455 855
308 62 344 207 354
577 103 220 565 47
511 6 460 359 221
273 532 465 478 416
390 454 63 207 682
441 673 622 587 278
537 549 349 895 317
340 473 677 429 626
664 732 96 280 482
889 754 101 211 269
215 448 853 446 238
507 600 897 779 822
24 757 290 287 868
300 868 458 517 287
441 203 510 219 594
197 613 610 740 246
543 427 190 665 549
429 221 293 359 496
278 44 338 583 408
839 543 256 258 269
409 422 152 896 567
55 44 190 42 134
512 866 763 287 851
316 71 252 890 509
668 139 192 97 641
368 367 610 664 795
583 402 237 722 301
806 181 452 76 438
834 898 42 286 381
469 396 676 69 896
888 876 486 196 212
371 607 718 394 892
244 796 15 728 803
262 876 445 33 376
607 596 59 31 762
620 259 775 41 689
621 41 429 215 284
248 465 581 658 469
674 399 443 79 718
485 295 842 167 752
489 595 490 723 713
450 682 824 269 662
208 383 128 571 356
492 164 611 320 96
568 369 229 732 294
150 322 341 574 841
491 770 545 485 672
613 363 534 239 462
749 793 28 808 823
581 497 35 852 438
667 643 331 218 99
512 34 546 897 616
448 583 310 471 129
245 600 149 416 371
643 240 645 365 779
753 98 745 32 824
873 180 218 494 453
533 772 457 627 868
430 703 40 313 81
384 638 895 417 228
659 381 264 202 27
691 544 345 633 130
644 812 336 402 735
485 288 649 409 412
637 179 899 767 721
656 820 591 83 346
334 220 365 516 888
69 162 526 354 551
73 180 625 743 453
463 479 817 509 684
877 730 78 189 559
290 432 232 891 521
515 649 449 443 441
826 68 146 619 428
349 211 499 662 629
806 790 753 451 279
558 141 788 814 320
723 184 416 800 746
857 304 606 170 471
841 347 454 726 47
152 444 809 305 897
261 746 222 760 516
107 184 565 95 442
124 560 258 357 521
505 92 176 227 409
204 882 199 538 640
686 883 100 300 351
863 780 190 543 338
857 526 636 96 790
479 836 48 581 75
611 571 286 360 895
848 591 34 63 337
622 190 34 184 385
494 42 253 870 218
704 648 642 562 345
423 513 112 7 579
133 665 135 341 154
144 731 753 896 167
408 505 771 338 602
748 551 205 443 175
509 127 756 187 404
556 206 686 854 606
490 347 282 437 342
529 364 220 214 456
624 546 64 840 863
887 125 763 560 864
690 770 822 278 585
245 449 99 29 395
422 178 526 417 100
854 652 742 580 847
382 343 330 682 358
155 588 188 225 549
548 303 482 616 149
642 733 809 140 566
