10
534
0.5
49
48
0.38386 0.490521
0.00964744 1.45755
0.0750787 2.15609
0.176848 3.09909
0.297293 4.41021
0.173115 5.46129
0.0618731 6.40107
1.46252 0.348803
1.40623 1.24515
1.00064 2.05769
1.26843 3.21852
1.42929 4.05685
1.13966 5.13718
1.05301 6.09797
2.09227 0.270937
2.30547 1.18057
2.05266 2.1405
2.08142 3.33725
2.11921 4.3689
2.19155 5.02238
2.14651 6.00628
3.1083 0.176426
3.26066 1.31351
3.4328 2.09268
3.305 3.32083
3.39444 4.15615
3.20427 5.09199
3.24077 6.12934
4.07691 0.380008
4.48693 1.27507
4.21015 2.24073
4.07882 3.27148
4.19126 4.0965
4.45797 5.2697
4.21371 6.13594
5.21619 0.145846
5.05668 1.11722
5.24892 2.35125
5.23701 3.24332
5.34462 4.34719
5.01931 5.12327
5.08204 6.09677
6.4387 0.339008
6.11659 1.14089
6.457 2.42934
6.34817 3.41476
6.37517 4.16999
6.04938 5.29783
6.21087 6.22184
0 1 24
1 2 4
2 3 6
3 10 69
4 5 8
4 11 72
5 12 61
6 13 63
7 8 4
8 9 26
8 15 57
9 10 17
10 11 10
11 18 44
12 13 5
12 19 67
13 20 69
14 15 13
14 21 64
16 17 2
17 18 2
17 24 77
18 25 81
21 22 10
23 24 8
23 30 49
24 31 49
25 26 12
26 33 79
27 34 62
28 29 26
28 35 72
29 30 18
32 33 17
32 39 73
33 40 36
34 41 55
35 36 10
35 42 77
37 38 1
38 45 70
40 47 65
41 48 71
42 43 20
43 44 22
45 46 2
46 47 21
47 48 10
227 150 281 189 294 55 234 109 229 244
252 6 312 315 265 50 50 377 476 203
18 43 427 424 393 227 268 303 421 151
130 177 380 78 251 279 231 72 16 254
459 414 64 101 72 323 148 366 103 464
350 358 364 41 66 151 87 413 266 426
186 297 385 400 113 475 419 311 282 453
344 469 282 150 214 29 328 226 356 150
314 1 263 414 276 326 162 375 107 338
276 355 472 55 366 24 474 447 143 198
19 418 101 463 52 43 22 34 206 452
161 251 211 374 128 156 185 331 289 421
196 52 174 456 317 209 189 429 219 326
173 27 276 331 306 190 276 476 306 384
273 357 316 352 289 74 78 125 200 84
251 105 421 182 142 196 151 398 394 363
73 137 113 132 397 120 383 296 198 227
479 438 419 290 394 113 412 227 163 156
140 415 266 210 204 379 248 382 15 116
361 15 182 244 344 77 478 407 185 421
60 1 64 377 148 88 29 336 328 232
362 336 322 23 274 144 34 283 418 121
285 86 11 114 344 472 317 390 392 91
163 8 212 168 265 3 363 234 121 307
145 84 428 395 324 466 414 15 95 423
338 78 219 224 20 192 385 95 170 421
374 400 111 322 190 168 320 73 479 124
236 313 246 321 59 57 262 245 217 400
466 249 367 2 414 366 337 204 242 201
360 426 13 404 281 187 20 148 231 356
44 466 440 118 252 466 263 151 125 11
316 474 150 116 112 298 381 291 414 298
270 276 367 131 224 139 132 372 438 320
267 223 366 276 401 315 283 66 362 324
218 190 317 182 464 290 116 429 291 439
46 231 9 350 158 174 337 54 97 137
21 149 169 204 389 261 92 334 182 262
459 459 306 421 115 278 230 419 138 83
467 39 296 462 364 279 350 352 14 357
320 267 177 412 194 46 271 464 437 171
380 211 326 469 64 203 122 364 322 439
459 462 295 301 340 147 135 214 191 159
455 186 444 199 329 19 457 70 455 382
369 283 399 29 410 298 317 156 166 75
22 241 136 63 344 19 104 191 341 258
262 97 167 320 284 290 322 27 365 313
432 82 143 344 447 262 142 126 15 37
104 213 391 235 108 291 179 360 408 203
