5
1525
0.5
49
84
0.119843 0.418623
0.119322 1.35574
0.118305 2.36463
0.308442 3.37426
0.163502 4.41847
0.485487 5.27987
0.427648 6.03947
1.39206 0.458735
1.12019 1.24407
1.07208 2.46546
1.49179 3.35049
1.06151 4.28621
1.06855 5.04742
1.05314 6.30495
2.08746 0.352601
2.34314 1.06402
2.40257 2.1302
2.26705 3.31633
2.08737 4.34049
2.12247 5.13299
2.0393 6.32327
3.10142 0.0940104
3.17745 1.2923
3.05946 2.16211
3.24597 3.15024
3.21658 4.44748
3.39964 5.13391
3.37733 6.46564
4.49824 0.283402
4.26915 1.24737
4.15521 2.34079
4.04035 3.45321
4.34472 4.40775
4.06954 5.40172
4.26478 6.1342
5.41436 0.44011
5.11167 1.06562
5.29541 2.28338
5.29786 3.33654
5.19995 4.08341
5.14662 5.09252
5.46886 6.07638
6.25698 0.243248
6.31271 1.2609
6.15095 2.27131
6.32038 3.35051
6.0449 4.45067
6.24502 5.10937
6.32079 6.15387
0 1 0
0 7 80
1 2 0
1 8 63
2 3 12
2 9 60
3 4 9
3 10 75
4 5 20
4 11 57
5 6 4
5 12 37
6 13 40
7 8 17
7 14 44
8 9 3
8 15 77
9 10 27
9 16 84
10 11 27
10 17 49
11 12 0
11 18 65
12 13 1
12 19 67
13 20 62
14 15 16
14 21 64
15 16 4
15 22 53
16 17 9
16 23 42
17 18 11
17 24 62
18 19 2
18 25 71
19 20 5
19 26 81
20 27 85
21 22 5
21 28 88
22 23 7
22 29 69
23 24 12
23 30 69
24 25 2
24 31 50
25 26 12
25 32 71
26 27 1
26 33 42
27 34 56
28 29 14
28 35 58
29 30 7
29 36 53
30 31 7
30 37 72
31 32 19
31 38 80
32 33 17
32 39 54
33 34 12
33 40 68
34 41 76
35 36 19
35 42 53
36 37 12
36 43 76
37 38 0
37 44 54
38 39 6
38 45 65
39 40 3
39 46 53
40 41 20
40 47 69
41 48 54
42 43 4
43 44 10
44 45 11
45 46 17
46 47 13
47 48 5
77 112 378 286 108
155 295 23 71 217
357 165 340 89 384
261 159 126 242 38
410 307 290 337 305
405 383 290 204 223
240 70 386 241 182
168 270 122 395 123
159 328 353 287 103
320 256 148 373 316
76 322 44 389 121
175 134 17 310 363
306 354 399 12 73
234 78 97 13 139
394 255 51 78 38
378 194 365 208 214
387 383 187 36 63
93 285 186 251 44
248 209 194 330 154
285 362 142 400 233
342 262 83 280 101
331 238 20 41 307
277 344 204 196 33
6 226 224 39 137
45 285 135 286 53
326 271 56 241 253
180 58 216 128 342
61 47 193 77 277
28 0 185 413 196
321 1 165 220 51
155 319 149 8 403
298 99 391 57 400
370 202 415 347 364
284 331 75 407 394
357 223 70 310 195
151 97 414 98 191
371 276 297 287 169
284 94 47 297 189
392 124 335 150 239
5 193 180 295 261
316 119 40 7 215
19 176 340 27 406
222 227 343 219 108
140 312 414 304 78
199 308 154 208 334
215 20 294 247 144
182 183 203 303 359
346 92 62 382 328
385 295 104 94 1
417 408 148 276 306
319 304 22 360 10
130 207 187 34 94
283 44 250 148 174
300 32 248 408 84
237 183 51 73 67
366 88 372 30 344
92 116 135 4 80
30 328 3 43 124
402 152 69 399 414
6 385 254 274 98
132 396 310 84 14
231 391 167 288 401
35 367 43 192 252
163 323 155 318 340
142 92 107 360 113
399 44 216 118 194
359 179 367 230 204
181 37 379 264 116
294 153 41 187 286
407 12 403 331 0
34 410 289 28 197
300 253 91 219 6
403 51 233 187 419
222 181 369 318 272
193 232 85 203 187
381 324 20 117 102
403 179 380 244 224
135 250 225 410 176
409 300 313 96 238
60 22 155 48 13
1 16 321 143 288
231 307 276 383 399
256 152 288 382 276
168 63 122 416 330
