5
757
0.5
25
40
0.418839 0.375065
0.17299 1.49515
0.404887 2.31555
0.0909648 3.44493
0.390336 4.44611
1.2275 0.0198332
1.041 1.07148
1.49373 2.49924
1.15443 3.09533
1.2676 4.09615
2.37164 0.236648
2.17322 1.22183
2.47591 2.37181
2.23091 3.30134
2.35344 4.06451
3.45086 0.279869
3.21745 1.00042
3.00488 2.13385
3.4581 3.11083
3.48577 4.08344
4.14739 0.251167
4.11103 1.47452
4.2356 2.12699
4.32305 3.23014
4.04743 4.1846
0 1 16
0 5 51
1 2 15
1 6 55
2 3 20
2 7 69
3 4 19
3 8 67
4 9 55
5 6 12
5 10 72
6 7 29
6 11 72
7 8 21
7 12 62
8 9 7
8 13 68
9 14 69
10 11 13
10 15 68
11 12 19
11 16 66
12 13 15
12 17 33
13 14 8
13 18 78
14 19 72
15 16 15
15 20 44
16 17 13
16 21 57
17 18 29
17 22 78
18 19 2
18 23 55
19 24 36
20 21 2
21 22 8
22 23 6
23 24 17
194 146 95 4 86
101 78 73 16 111
67 172 131 144 61
124 171 188 68 117
84 185 64 100 192
74 9 18 116 28
24 82 173 113 158
44 52 27 23 55
51 130 42 86 43
192 115 80 126 56
29 34 71 92 115
148 37 129 122 191
186 121 181 57 57
51 55 175 101 113
191 3 4 163 6
6 108 1 27 107
43 90 30 0 11
185 162 74 42 186
71 105 18 71 191
172 199 198 25 113
156 9 42 18 52
100 62 57 3 72
37 101 151 102 72
37 148 64 28 105
153 43 41 73 144
19 42 82 37 193
155 103 193 83 2
104 12 164 132 12
39 1 170 128 35
27 163 107 181 193
47 21 113 25 22
179 23 149 0 104
76 38 36 126 144
134 29 106 17 30
167 136 61 157 160
199 48 44 152 129
119 161 32 122 150
23 196 165 161 68
161 18 49 100 182
60 67 59 30 72
