10
1238
1
49
84
0.195655 0.414341
0.360222 1.04284
0.133025 2.15775
0.324253 3.24947
0.0394771 4.34094
0.168045 5.24813
0.246521 6.40695
1.06673 0.0193593
1.38116 1.4672
1.06424 2.49042
1.16033 3.11184
1.05368 4.23937
1.105 5.2073
1.06339 6.45749
2.18889 0.151981
2.34886 1.13655
2.26084 2.26915
2.26955 3.0808
2.02578 4.43158
2.47621 5.21839
2.27604 6.22041
3.41732 0.0548524
3.24512 1.37859
3.14105 2.247
3.42685 3.18658
3.4306 4.35188
3.06881 5.22397
3.16285 6.24788
4.09457 0.150934
4.34168 1.04992
4.2246 2.09511
4.20354 3.19042
4.34575 4.46862
4.48021 5.34293
4.33236 6.38469
5.16399 0.326998
5.13047 1.10319
5.0289 2.31308
5.10693 3.11236
5.30025 4.45917
5.14921 5.4684
5.3192 6.49921
6.20811 0.37397
6.32557 1.1367
6.11872 2.24034
6.0643 3.18035
6.40105 4.01419
6.41356 5.29628
6.04677 6.33769
0 1 10
0 7 55
1 2 14
1 8 65
2 3 12
2 9 59
3 4 18
3 10 53
4 5 8
4 11 64
5 6 5
5 12 59
6 13 52
7 8 20
7 14 71
8 9 20
8 15 61
9 10 6
9 16 76
10 11 7
10 17 70
11 12 3
11 18 61
12 13 3
12 19 87
13 20 77
14 15 10
14 21 78
15 16 6
15 22 57
16 17 1
16 23 56
17 18 15
17 24 73
18 19 28
18 25 89
19 20 13
19 26 37
20 27 56
21 22 11
21 28 43
22 23 7
22 29 69
23 24 18
23 30 69
24 25 0
24 31 49
25 26 23
25 32 58
26 27 6
26 33 89
27 34 74
28 29 16
28 35 68
29 30 7
29 36 50
30 31 1
30 37 51
31 32 9
31 38 57
32 33 9
32 39 60
33 34 9
33 40 42
34 41 62
35 36 2
35 42 66
36 37 6
36 43 76
37 38 5
37 44 69
38 39 12
38 45 61
39 40 10
39 46 70
40 41 11
40 47 80
41 48 46
42 43 7
43 44 13
44 45 3
45 46 21
46 47 1
47 48 23
206 572 136 460 433 276 379 198 538 713
623 390 466 457 480 158 706 681 744 10
612 560 573 572 223 510 641 757 412 493
485 812 209 797 821 634 62 803 381 640
368 739 305 84 361 799 151 140 504 377
6 98 378 298 205 485 282 822 126 330
614 445 409 623 741 304 787 105 763 722
713 732 166 401 253 772 329 784 63 751
227 1 474 769 602 632 747 578 163 141
178 475 179 598 569 11 786 447 599 129
317 711 747 316 602 394 707 123 726 200
289 64 217 659 442 538 88 593 416 322
652 461 74 803 814 429 616 403 138 235
402 132 413 644 76 123 612 771 364 270
273 679 801 189 11 756 96 822 206 392
109 542 798 384 531 400 73 186 431 595
633 700 440 208 518 465 614 196 594 194
755 98 759 381 201 677 597 237 596 441
40 568 471 98 735 492 117 409 616 108
116 668 213 820 330 68 101 435 388 658
57 465 125 395 538 292 183 833 191 299
495 654 759 157 30 828 400 197 835 488
745 16 833 811 130 480 786 530 767 52
366 450 723 364 181 834 156 687 511 482
270 441 637 119 332 441 563 291 387 785
265 709 449 88 656 37 499 225 749 816
254 485 138 732 246 196 521 325 659 444
699 676 361 268 72 99 75 410 805 96
434 337 347 829 253 234 353 803 16 219
458 372 434 604 368 724 244 245 52 595
449 598 193 712 464 790 464 673 585 698
211 30 555 789 309 331 36 481 516 366
715 190 258 522 299 183 542 580 58 645
321 449 97 58 185 257 155 11 256 671
542 531 10 437 220 360 188 535 673 27
697 836 410 50 430 771 554 117 813 806
504 412 136 179 25 261 222 780 426 663
476 496 38 267 325 409 465 312 525 648
44 399 380 459 833 675 694 267 392 542
619 763 507 723 404 639 733 113 65 61
12 21 48 289 295 381 508 387 476 624
454 534 779 277 278 325 370 378 249 686
768 311 423 116 440 261 724 610 33 699
706 744 829 422 398 792 688 344 124 333
535 544 56 434 112 413 718 176 405 389
488 724 739 182 387 413 825 114 408 785
136 162 680 815 838 513 439 170 674 183
781 833 634 334 550 146 11 582 827 424
78 285 155 674 373 238 392 292 535 380
253 839 605 506 192 628 40 11 777 77
663 141 809 6 370 651 744 96 112 723
473 226 523 648 668 241 706 295 719 805
54 593 789 441 11 104 590 803 21 806
818 507 98 743 386 489 57 697 20 662
204 333 100 376 556 368 820 24 145 75
643 44 326 221 64 332 821 700 151 678
630 608 81 604 13 756 49 456 27 237
289 541 500 727 190 721 712 158 774 265
475 527 669 509 392 508 20 518 139 259
203 738 77 700 474 120 553 33 262 12
93 109 115 429 571 346 67 312 258 500
305 817 749 381 629 718 169 135 496 658
618 408 14 551 382 609 460 707 679 643
220 385 659 607 428 229 519 686 498 109
4 589 105 108 699 121 294 414 687 487
588 332 371 29 24 468 423 208 38 691
74 562 481 14 297 102 151 35 312 790
661 452 795 486 92 54 47 92 368 695
166 178 611 819 706 464 409 486 400 774
621 514 164 469 154 124 665 620 38 84
342 239 199 273 323 679 701 435 534 679
140 672 423 239 526 408 528 192 774 751
658 839 498 153 342 633 282 673 131 445
663 346 150 521 675 296 818 359 784 730
633 459 338 743 331 185 378 517 446 126
441 421 526 168 675 35 595 505 589 694
783 236 435 543 594 90 210 564 316 533
728 826 829 255 221 290 750 309 669 733
657 801 345 206 295 775 372 101 582 302
63 629 482 304 472 375 768 524 161 483
383 221 674 125 679 422 800 365 715 515
586 128 369 409 520 371 253 368 386 176
78 402 273 128 414 552 282 603 552 197
797 295 175 836 758 294 707 466 642 513
