5
1849
1
49
84
0.312829 0.338178
0.307258 1.09849
0.143959 2.18995
0.446667 3.08891
0.43602 4.19313
0.278901 5.45333
0.194614 6.11259
1.43942 0.191723
1.45423 1.21943
1.17443 2.32296
1.01827 3.0702
1.06666 4.27885
1.3895 5.3345
1.22424 6.12067
2.47587 0.385048
2.08414 1.15989
2.13525 2.40651
2.00242 3.40203
2.01851 4.04085
2.13541 5.15663
2.09644 6.03918
3.3951 0.143137
3.18024 1.08583
3.47729 2.20794
3.17253 3.02723
3.16411 4.49411
3.30343 5.36656
3.25379 6.06429
4.25236 0.45097
4.42958 1.18377
4.10206 2.42225
4.2186 3.04817
4.11554 4.00162
4.42265 5.03069
4.27491 6.08943
5.28159 0.106857
5.40302 1.32118
5.01718 2.35639
5.47734 3.0491
5.3609 4.02614
5.04071 5.05289
5.02836 6.122
6.44461 0.00984767
6.28285 1.02653
6.08404 2.12908
6.34782 3.01933
6.0942 4.4023
6.21141 5.49006
6.27526 6.39872
0 1 0
0 7 71
1 2 10
1 8 73
2 3 19
2 9 65
3 4 1
3 10 36
4 5 10
4 11 40
5 6 5
5 12 70
6 13 65
7 8 1
7 14 66
8 9 18
8 15 40
9 10 10
9 16 61
10 11 3
10 17 62
11 12 20
11 18 60
12 13 10
12 19 47
13 20 55
14 15 25
14 21 58
15 16 3
15 22 69
16 17 8
16 23 85
17 18 1
17 24 74
18 19 7
18 25 72
19 20 2
19 26 74
20 27 73
21 22 14
21 28 54
22 23 19
22 29 79
23 24 19
23 30 40
24 25 1
24 31 66
25 26 9
25 32 60
26 27 3
26 33 71
27 34 65
28 29 11
28 35 65
29 30 21
29 36 62
30 31 7
30 37 58
31 32 7
31 38 80
32 33 19
32 39 79
33 34 9
33 40 39
34 41 48
35 36 8
35 42 74
36 37 24
36 43 56
37 38 29
37 44 67
38 39 7
38 45 55
39 40 20
39 46 46
40 41 1
40 47 74
41 48 79
42 43 10
43 44 13
44 45 17
45 46 16
46 47 7
47 48 4
295 101 292 224 180
93 158 353 213 319
240 28 404 20 233
53 74 201 141 61
278 318 335 96 305
221 252 413 400 205
54 318 405 233 356
354 343 332 330 76
127 378 303 397 108
353 352 12 238 366
248 155 294 367 345
169 48 52 388 190
407 282 151 265 42
365 372 409 301 307
88 165 375 216 88
77 109 256 152 1
131 409 164 42 47
60 25 327 312 300
357 338 310 236 156
321 263 407 12 356
89 242 154 243 306
323 136 224 224 13
8 191 354 288 167
14 101 374 284 370
234 25 418 54 329
353 221 22 22 332
283 267 419 196 15
198 15 123 337 288
106 34 14 380 25
290 266 79 241 402
376 231 3 142 148
79 222 338 359 203
381 175 24 119 396
106 183 388 233 236
407 30 8 191 84
380 380 273 70 219
224 143 366 394 296
98 204 241 388 308
398 21 50 253 206
72 321 165 113 136
276 45 291 298 134
219 358 341 310 110
394 9 329 324 145
318 103 100 165 84
231 276 258 380 289
273 396 105 268 8
34 299 147 2 279
381 342 31 246 173
363 63 353 317 309
404 251 148 233 180
252 122 248 32 42
173 76 57 393 212
268 297 383 202 316
13 191 406 372 81
362 284 314 364 395
295 89 388 99 380
20 0 317 40 267
299 47 241 337 157
308 252 178 159 341
327 384 418 342 276
147 47 311 9 343
93 55 236 72 268
39 196 159 147 318
173 151 335 170 121
322 257 85 135 175
121 398 179 419 122
195 141 101 285 84
189 167 93 153 286
404 249 58 405 51
42 140 31 248 74
90 194 69 224 303
18 33 100 367 55
35 205 390 385 256
111 401 220 395 373
44 378 290 319 195
284 350 284 44 262
232 55 203 13 279
28 87 110 170 53
163 373 86 245 356
76 38 290 44 169
206 284 96 185 46
221 205 350 143 388
202 23 369 118 394
32 6 258 204 417
