10
940
0.5
49
84
0.320761 0.24116
0.362889 1.47712
0.182614 2.4555
0.193689 3.00751
0.211627 4.07445
0.415609 5.30377
0.0926209 6.26888
1.25016 0.310754
1.02209 1.05096
1.33179 2.2742
1.33759 3.37109
1.2498 4.17573
1.31338 5.17095
1.03099 6.36718
2.13874 0.395381
2.01578 1.38134
2.04702 2.47029
2.4653 3.06682
2.14783 4.16544
2.09792 5.44033
2.26986 6.49307
3.27429 0.297479
3.08057 1.29127
3.35884 2.20485
3.16935 3.16983
3.33991 4.47299
3.43136 5.04846
3.35457 6.47826
4.15286 0.447762
4.12272 1.07011
4.43312 2.38357
4.1112 3.13843
4.35689 4.08821
4.38671 5.17152
4.32793 6.47837
5.4069 0.0194602
5.48108 1.1466
5.00654 2.43012
5.11732 3.42597
5.45886 4.00368
5.43486 5.06966
5.00694 6.14606
6.20024 0.0516553
6.27572 1.07397
6.00291 2.3235
6.3112 3.08191
6.24372 4.44975
6.47767 5.14621
6.37976 6.14521
0 1 3
0 7 59
1 2 11
1 8 42
2 3 1
2 9 73
3 4 1
3 10 72
4 5 13
4 11 66
5 6 20
5 12 57
6 13 59
7 8 14
7 14 56
8 9 20
8 15 63
9 10 0
9 16 45
10 11 6
10 17 71
11 12 4
11 18 57
12 13 18
12 19 50
13 20 78
14 15 8
14 21 72
15 16 2
15 22 67
16 17 26
16 23 83
17 18 20
17 24 45
18 19 3
18 25 75
19 20 11
19 26 84
20 27 69
21 22 12
21 28 56
22 23 18
22 29 66
23 24 12
23 30 68
24 25 11
24 31 60
25 26 6
25 32 64
26 27 5
26 33 60
27 34 62
28 29 2
28 35 79
29 30 20
29 36 86
30 31 20
30 37 36
31 32 16
31 38 64
32 33 2
32 39 70
33 34 4
33 40 66
34 41 43
35 36 5
35 42 50
36 37 30
36 43 50
37 38 7
37 44 63
38 39 22
38 45 76
39 40 2
39 46 50
40 41 27
40 47 66
41 48 87
42 43 5
43 44 17
44 45 19
45 46 4
46 47 15
47 48 6
11 168 830 453 359 57 276 692 400 637
752 263 629 706 257 447 71 286 705 827
438 337 492 545 753 399 367 100 89 839
252 210 344 743 625 600 568 455 528 65
552 173 435 120 74 621 834 390 395 310
594 531 817 292 549 635 133 613 441 81
308 178 222 698 115 532 445 558 594 196
381 322 805 323 637 477 683 812 50 224
23 471 237 198 327 287 764 65 176 816
409 672 831 565 742 654 718 120 29 683
70 723 815 160 384 525 267 192 72 269
382 387 286 179 791 185 786 654 6 574
23 375 154 131 691 491 223 718 328 113
646 80 310 662 312 204 277 763 269 245
481 806 818 639 409 322 196 74 427 280
283 143 226 44 724 396 587 275 731 698
209 372 16 449 758 687 279 508 379 506
415 834 44 192 5 400 351 680 405 819
743 390 770 466 763 696 739 96 514 127
418 832 622 485 681 265 133 833 630 47
612 235 128 534 165 92 289 178 517 17
461 287 597 273 658 653 449 791 567 196
195 407 485 219 200 689 75 830 310 578
756 506 199 716 353 537 643 567 710 328
113 332 20 133 216 741 603 293 546 807
209 373 36 825 579 103 84 53 329 535
485 601 644 713 797 394 797 455 176 110
726 24 89 227 450 223 601 179 242 204
618 658 488 362 651 586 436 50 573 792
488 184 691 101 791 350 342 630 496 76
679 542 559 637 132 344 397 835 798 532
635 335 181 766 19 475 42 793 804 46
58 573 171 108 467 484 824 345 87 322
726 577 703 464 382 488 272 552 765 356
549 519 804 584 505 490 570 717 141 827
94 130 576 313 285 87 641 655 804 393
535 188 184 766 623 247 157 534 231 827
21 13 474 145 685 709 578 76 770 394
520 380 275 798 827 609 450 58 694 287
111 597 594 483 758 774 113 656 773 531
312 631 834 79 586 313 59 795 286 78
614 253 627 438 673 490 326 160 177 703
175 460 289 332 123 636 648 84 681 473
436 343 503 724 467 549 255 438 104 305
433 423 586 357 280 209 65 461 301 370
278 448 219 715 622 113 384 290 592 590
193 178 470 665 192 222 183 546 606 593
571 632 236 470 679 430 110 112 412 602
654 603 744 122 493 681 681 420 38 666
176 80 433 420 91 174 515 495 99 189
752 628 743 523 344 543 734 208 455 445
458 325 107 606 294 805 490 367 734 412
343 134 727 251 492 648 709 444 40 128
447 556 402 601 614 252 656 523 653 307
422 459 37 488 501 781 725 40 49 669
154 433 195 809 686 692 681 103 686 159
238 562 59 70 648 746 376 522 507 296
663 721 247 233 367 748 704 593 255 481
468 722 285 670 643 67 525 40 733 516
71 768 590 268 222 251 718 605 341 210
727 482 748 357 554 62 115 289 214 178
503 503 654 574 267 330 685 208 819 181
468 557 343 282 620 792 74 559 158 393
376 647 27 268 327 201 172 708 666 375
331 793 82 780 185 261 391 511 827 569
190 652 364 535 668 7 158 84 672 664
225 297 501 237 341 599 312 640 773 704
319 504 684 356 705 456 314 800 374 207
11 41 10 423 115 456 39 207 690 371
376 543 81 770 133 43 525 393 647 62
835 230 159 284 372 812 657 758 433 430
613 143 147 57 627 220 824 408 227 597
612 339 65 818 327 811 143 289 50 105
317 263 456 125 450 301 694 267 557 742
424 63 433 10 572 367 598 107 117 625
320 435 293 349 448 113 344 284 21 830
816 814 817 452 407 368 541 352 575 831
542 357 462 800 606 57 243 666 363 127
694 236 262 454 770 195 349 626 254 237
620 714 340 637 767 228 781 35 70 774
262 95 561 528 256 719 643 490 797 544
688 831 108 703 508 741 652 498 500 17
488 416 127 728 617 387 717 681 608 66
795 775 334 698 674 370 691 686 750 581
