10
1075
1
100
99
0.0473835 0.304167
0.400797 1.1034
0.325014 2.3515
0.213619 3.31996
0.431644 4.00341
0.280068 5.42096
0.0651713 6.47067
0.402318 7.44818
0.379935 8.14907
0.370627 9.48482
1.00842 0.10705
1.41417 1.11195
1.1922 2.18522
1.36911 3.19145
1.19982 4.06147
1.11828 5.28004
1.05322 6.1573
1.37752 7.4964
1.12703 8.226
1.39066 9.41315
2.10925 0.170247
2.44921 1.37321
2.499 2.4357
2.12299 3.42207
2.46686 4.4652
2.07329 5.20283
2.11554 6.14965
2.08512 7.29289
2.15677 8.17429
2.06171 9.07701
3.07268 0.33407
3.04578 1.37943
3.40565 2.22718
3.26339 3.08741
3.42256 4.00305
3.38932 5.4208
3.11556 6.3563
3.15215 7.307
3.47272 8.26609
3.35457 9.22698
4.38657 0.331004
4.06617 1.23854
4.15615 2.28753
4.19337 3.42895
4.44637 4.01131
4.12684 5.12716
4.12765 6.48836
4.14204 7.23768
4.13435 8.18735
4.49075 9.00018
5.16992 0.101238
5.25995 1.14838
5.29719 2.35792
5.40259 3.24101
5.085 4.49182
5.4497 5.46588
5.30253 6.37016
5.4688 7.14435
5.12657 8.23829
5.03206 9.05673
6.04005 0.117124
6.39959 1.02306
6.34121 2.47161
6.47966 3.28984
6.08601 4.25374
6.48667 5.38027
6.14003 6.2773
6.3422 7.15867
6.43664 8.24323
6.24723 9.39404
7.4637 0.436631
7.11278 1.04313
7.03096 2.29694
7.30989 3.44596
7.27439 4.23082
7.26921 5.01919
7.10281 6.4853
7.2378 7.1443
7.39246 8.35303
7.01299 9.22191
8.4918 0.483358
8.14586 1.32295
8.15608 2.31426
8.15812 3.0443
8.44558 4.14343
8.14275 5.08822
8.37867 6.46919
8.10243 7.10321
8.34117 8.19008
8.48902 9.25103
9.46254 0.42147
9.19682 1.42105
9.441 2.31337
9.42037 3.19418
9.20617 4.46916
9.30076 5.12851
9.38286 6.21213
9.06985 7.12694
9.45355 8.46184
9.30888 9.14376
0 1 22
0 10 61
1 2 5
2 3 7
4 14 49
5 15 53
6 7 21
6 16 62
7 8 1
7 17 62
8 9 1
8 18 47
9 19 65
10 11 26
10 20 70
11 12 14
12 13 11
13 14 11
14 24 80
15 25 60
17 27 45
20 21 22
20 30 61
22 32 57
23 24 22
24 34 60
25 35 83
26 27 2
26 36 63
27 28 5
28 29 6
28 38 83
31 32 23
31 41 65
33 43 59
34 44 65
35 45 47
36 37 2
36 46 64
38 39 7
39 49 72
40 41 20
41 51 76
42 43 2
43 44 16
43 53 76
44 45 20
45 46 0
46 56 74
47 57 84
48 58 63
50 60 55
51 52 2
52 53 7
54 55 23
55 56 9
55 65 66
56 57 11
57 58 22
57 67 55
58 59 6
60 70 90
61 62 4
61 71 45
62 63 9
63 64 25
64 65 25
66 67 13
66 76 61
67 77 57
68 69 12
68 78 60
70 71 22
70 80 65
71 72 5
72 73 18
74 75 0
75 85 55
76 86 81
77 78 10
78 79 24
78 88 60
80 90 61
81 91 66
82 83 0
82 92 81
84 85 19
85 86 15
87 88 15
87 97 61
88 89 9
88 98 70
89 99 52
90 91 17
91 92 15
92 93 1
94 95 6
95 96 5
96 97 20
394 964 337 566 66 802 181 952 803 295
86 902 786 652 675 890 817 918 658 106
779 15 925 250 806 884 108 350 300 837
341 679 721 709 553 969 269 21 44 169
7 111 602 192 757 45 769 183 902 934
342 94 349 895 563 135 577 441 500 728
406 423 575 499 616 749 391 237 363 51
585 976 166 896 751 862 488 274 272 692
572 959 432 406 423 983 973 318 700 518
468 787 102 884 538 843 849 624 662 950
600 604 85 832 770 422 465 394 44 53
93 33 556 52 190 933 527 371 424 503
120 639 405 334 509 8 59 599 969 259
839 961 747 178 811 365 145 649 567 858
270 316 218 905 411 434 217 630 150 204
868 111 971 9 839 430 205 238 949 859
103 143 243 21 387 78 463 328 104 854
107 632 141 142 711 790 421 177 620 535
590 322 647 76 692 177 505 857 207 799
231 976 739 830 721 310 965 589 396 134
45 180 503 444 29 239 90 792 916 137
843 142 813 116 955 332 28 378 783 916
736 529 361 925 751 162 716 290 919 705
56 385 136 444 612 592 59 471 222 498
539 984 289 662 757 788 886 512 943 697
599 42 617 961 302 106 893 909 265 963
259 964 933 796 344 690 402 392 495 527
819 383 140 816 490 10 989 895 326 822
134 924 829 821 511 793 214 35 633 105
180 167 812 600 683 211 695 823 234 470
440 528 791 740 509 719 564 341 680 855
770 524 147 17 417 334 890 491 622 161
404 759 778 987 483 655 612 503 150 196
881 781 391 800 633 378 348 690 381 210
862 478 958 25 941 44 334 369 905 777
576 153 181 939 879 91 445 25 256 980
835 718 18 124 21 382 9 217 575 209
800 400 815 359 876 326 867 835 329 564
874 203 526 233 622 529 48 935 678 376
729 345 691 648 704 223 490 142 911 775
410 550 161 9 349 263 445 442 174 790
187 484 904 406 884 348 337 821 926 554
276 131 931 234 294 589 13 411 235 108
413 160 473 656 492 842 355 984 229 591
28 799 1 184 640 765 423 441 263 198
282 341 750 436 910 806 91 871 276 387
895 350 301 753 563 824 90 536 694 488
763 622 519 129 414 306 812 976 755 410
981 593 587 684 688 223 122 783 73 189
437 693 508 733 885 509 748 897 525 314
555 431 510 962 217 474 785 763 983 287
221 498 677 151 463 90 792 142 8 808
828 320 134 322 870 366 313 678 388 750
553 662 806 193 315 541 66 666 802 910
206 166 772 441 207 850 732 833 717 277
867 237 71 193 232 876 195 11 898 721
532 787 750 795 883 737 240 495 933 405
591 327 678 301 901 339 910 207 683 698
75 87 440 970 729 863 618 304 337 323
79 781 211 601 298 273 858 562 826 870
366 784 355 821 582 693 785 555 56 44
285 30 41 326 186 559 398 577 692 742
983 593 928 546 963 484 616 739 671 953
924 620 527 224 589 376 502 910 671 561
847 903 768 622 459 399 186 781 380 734
815 551 976 422 823 900 227 326 112 836
936 913 744 988 226 289 317 541 750 965
126 221 554 717 857 589 915 387 649 87
784 83 497 96 335 613 209 443 528 171
907 289 554 866 392 834 228 791 455 664
389 123 100 787 723 618 851 62 212 934
224 287 555 771 139 665 313 785 850 640
15 552 662 717 821 190 148 182 851 240
791 160 1 118 757 395 973 653 625 417
798 465 808 261 331 47 900 46 420 855
566 560 410 127 436 627 422 605 452 481
723 8 824 175 95 430 686 657 450 392
805 177 132 498 877 514 436 468 889 563
819 336 622 29 534 924 366 529 210 952
529 501 689 615 85 668 122 845 145 504
337 19 266 927 130 462 365 135 663 77
70 845 25 375 11 485 824 534 806 20
151 119 242 307 368 402 639 686 10 20
224 619 132 554 972 608 881 89 346 565
528 111 362 305 981 635 558 977 145 382
172 712 133 880 442 441 151 49 479 770
653 866 147 508 103 290 929 343 633 188
570 339 180 256 569 321 157 644 946 309
2 823 384 279 364 947 137 594 235 245
584 443 60 510 455 250 63 533 283 321
289 272 184 402 706 156 395 852 597 500
624 527 834 867 553 233 817 649 391 104
858 437 861 783 77 706 215 19 334 648
337 927 165 949 740 763 479 548 790 287
271 729 482 235 251 969 903 712 178 635
365 804 752 508 11 469 475 177 412 572
677 266 171 711 575 81 171 483 396 286
625 655 816 580 21 516 837 894 716 716
84 507 156 70 435 324 162 751 818 434
