10
315
0.5
25
32
0.398246 0.14906
0.0601332 1.16499
0.286402 2.26639
0.00179771 3.14805
0.289373 4.43147
1.41646 0.0910544
1.23198 1.30024
1.49473 2.05144
1.16768 3.27512
1.22712 4.17195
2.44646 0.290419
2.3342 1.20593
2.44697 2.38945
2.21463 3.1618
2.0122 4.41147
3.47111 0.38519
3.49291 1.45235
3.28835 2.11432
3.44782 3.41416
3.37568 4.13618
4.37636 0.408082
4.08233 1.39793
4.38397 2.45164
4.3991 3.49878
4.39952 4.49028
0 1 21
0 5 64
1 2 14
1 6 74
2 3 18
2 7 76
3 4 18
3 8 74
4 9 59
5 10 65
6 7 17
6 11 70
7 12 60
8 9 4
8 13 66
9 14 50
10 11 7
10 15 65
11 12 7
12 13 15
13 14 13
13 18 78
15 16 1
15 20 57
16 21 37
17 18 10
17 22 69
18 19 5
18 23 60
19 24 65
20 21 19
23 24 0
87 173 312 189 176 89 210 236 146 294
218 240 162 280 53 319 108 150 234 62
261 83 139 59 127 29 237 194 295 261
191 86 81 4 244 99 176 50 226 225
48 262 201 259 29 259 58 23 157 291
118 39 160 192 54 162 194 274 16 214
233 116 282 15 204 250 286 287 300 15
201 49 93 88 74 136 72 272 28 88
88 127 218 100 149 216 120 107 99 309
14 121 143 247 177 77 67 155 94 151
304 312 113 147 167 150 146 95 32 31
159 4 201 43 310 304 238 127 52 54
196 55 300 80 17 113 232 263 88 27
236 295 105 147 178 23 258 248 300 286
163 289 1 218 120 24 72 207 172 278
248 100 138 89 171 262 227 0 187 202
106 164 217 263 4 82 0 143 103 269
85 277 140 204 82 71 122 221 232 218
66 108 231 17 8 218 316 299 48 67
293 207 108 243 82 176 303 208 28 101
134 89 244 74 317 239 21 312 185 18
45 193 153 89 293 108 230 8 316 259
93 308 40 144 206 168 18 239 265 305
96 178 73 45 173 238 136 314 83 59
118 149 279 2 210 135 73 170 298 116
267 267 282 224 246 184 286 155 213 245
271 19 101 213 36 278 169 84 303 254
249 126 153 77 301 178 145 300 72 70
317 106 32 209 165 97 194 74 82 208
164 197 128 310 178 166 210 295 209 117
299 27 5 9 98 199 40 287 269 199
285 128 243 312 307 127 131 301 59 63
