5
1874
0.5
49
84
0.482311 0.348159
0.00939016 1.4266
0.0801387 2.292
0.380078 3.42634
0.421648 4.19542
0.311394 5.2825
0.0893261 6.02232
1.48176 0.250087
1.06294 1.13775
1.12635 2.33402
1.27851 3.2678
1.10296 4.40439
1.23379 5.40069
1.32445 6.41198
2.17066 0.0503209
2.24662 1.47789
2.2321 2.28203
2.45787 3.36101
2.15233 4.35284
2.12435 5.40459
2.43265 6.33469
3.00274 0.423997
3.00301 1.31228
3.47165 2.15206
3.28585 3.06706
3.20079 4.21
3.11746 5.15801
3.15278 6.32865
4.3157 0.378889
4.07633 1.03513
4.00956 2.13974
4.29937 3.44275
4.12031 4.47686
4.15985 5.37771
4.20472 6.14382
5.3761 0.279857
5.13004 1.12483
5.49225 2.23269
5.11265 3.19606
5.44073 4.25394
5.11281 5.37475
5.09957 6.33326
6.17352 0.168472
6.08199 1.20425
6.17593 2.00187
6.32399 3.4574
6.36047 4.44714
6.10474 5.26521
6.41759 6.33037
0 1 30
0 7 63
1 2 4
1 8 67
2 3 19
2 9 66
3 4 3
3 10 57
4 5 7
4 11 43
5 6 14
5 12 58
6 13 78
7 8 26
7 14 44
8 9 4
8 15 75
9 10 10
9 16 70
10 11 11
10 17 75
11 12 8
11 18 66
12 13 6
12 19 56
13 20 70
14 15 5
14 21 53
15 16 1
15 22 48
16 17 14
16 23 78
17 18 19
17 24 52
18 19 2
18 25 66
19 20 19
19 26 63
20 27 46
21 22 0
21 28 83
22 23 30
22 29 68
23 24 12
23 30 34
24 25 5
24 31 64
25 26 5
25 32 58
26 27 2
26 33 66
27 34 67
28 29 15
28 35 67
29 30 4
29 36 67
30 31 18
30 37 94
31 32 11
31 38 51
32 33 3
32 39 84
33 34 3
33 40 60
34 41 57
35 36 16
35 42 50
36 37 23
36 43 60
37 38 24
37 44 43
38 39 21
38 45 77
39 40 21
39 46 58
40 41 1
40 47 63
41 48 83
42 43 6
43 44 6
44 45 9
45 46 2
46 47 16
47 48 20
302 313 305 163 244
393 237 416 98 97
82 275 274 14 321
64 182 30 362 173
133 335 327 246 219
173 179 237 270 125
243 351 53 324 7
326 418 166 278 74
167 60 350 185 83
287 352 125 42 210
332 229 334 358 29
313 136 263 252 109
400 309 179 249 53
332 281 410 225 401
321 10 362 75 48
273 25 200 179 387
372 300 241 283 331
293 170 130 359 83
4 45 76 348 14
50 75 97 243 249
44 345 118 360 193
340 276 198 34 2
248 64 249 128 327
47 81 54 90 150
320 78 178 197 172
75 326 25 205 89
143 399 91 110 201
11 364 77 141 117
26 237 316 275 417
75 203 64 266 169
6 272 213 284 392
101 144 220 152 281
273 370 194 340 274
332 66 292 160 296
308 144 414 94 71
255 238 359 104 391
114 181 252 321 65
307 55 294 119 179
88 168 144 73 254
305 191 259 180 14
404 354 359 303 316
262 342 88 34 375
101 87 24 101 367
390 378 409 89 192
230 61 257 364 105
416 67 53 6 250
293 188 242 408 357
169 397 405 366 131
227 43 205 216 369
227 41 152 384 398
315 321 390 24 287
192 73 343 187 249
121 247 178 355 343
88 186 270 72 379
83 193 386 181 118
368 263 57 166 173
377 410 213 169 290
194 233 92 10 166
194 269 346 329 136
309 156 391 204 275
405 175 90 391 284
65 56 178 39 221
192 368 173 372 210
316 370 419 353 182
132 164 186 2 0
20 400 160 320 325
194 1 264 253 256
71 254 40 19 141
0 280 233 84 34
108 77 264 133 197
264 66 242 186 102
75 280 340 76 62
163 385 207 382 80
337 363 321 23 6
52 326 194 347 75
126 127 37 408 290
318 402 112 106 79
409 69 247 177 73
308 271 243 182 362
201 48 242 406 135
129 55 379 65 95
109 236 200 237 331
191 192 187 287 114
64 363 10 343 286
