10
2183
1
100
140
0.0743802 0.403279
0.0319516 1.26796
0.12676 2.35507
0.335774 3.48871
0.03644 4.24435
0.390726 5.35085
0.103446 6.38404
0.42997 7.37459
0.0720061 8.4977
0.405869 9.10394
1.21545 0.183918
1.26615 1.3975
1.19718 2.32413
1.14774 3.36785
1.15252 4.28309
1.23738 5.01953
1.08931 6.23586
1.05862 7.13354
1.41491 8.37899
1.01213 9.26592
2.11629 0.421465
2.35922 1.25387
2.43665 2.09265
2.23946 3.02575
2.23124 4.13591
2.47996 5.08349
2.12127 6.32087
2.21032 7.08177
2.18549 8.1579
2.12707 9.45928
3.03682 0.418516
3.11379 1.41874
3.35749 2.29333
3.3712 3.0713
3.40512 4.45322
3.08565 5.32089
3.43116 6.47764
3.1608 7.29657
3.35933 8.38351
3.21821 9.07309
4.45679 0.328956
4.24446 1.29411
4.32396 2.20072
4.18478 3.0082
4.41385 4.30514
4.3369 5.45897
4.17536 6.37643
4.35831 7.18522
4.17487 8.18846
4.20567 9.32448
5.13932 0.0638494
5.20554 1.19036
5.28758 2.11039
5.12509 3.19526
5.29808 4.35406
5.03057 5.43322
5.06513 6.34952
5.35258 7.40428
5.0163 8.33513
5.02495 9.10461
6.30362 0.194328
6.28906 1.27363
6.25011 2.10358
6.4538 3.45397
6.46203 4.02517
6.3542 5.14126
6.14381 6.04268
6.01721 7.3695
6.22677 8.46501
6.17584 9.02454
7.18871 0.227677
7.39765 1.18082
7.00131 2.30751
7.43476 3.26282
7.27069 4.16773
7.24556 5.30507
7.23424 6.26795
7.13501 7.33501
7.44797 8.33246
7.20459 9.22099
8.24121 0.18154
8.01047 1.24471
8.49605 2.10509
8.00621 3.02874
8.40806 4.03127
8.19739 5.36358
8.41627 6.46505
8.22338 7.00404
8.0487 8.0053
8.10314 9.37741
9.41389 0.324741
9.39042 1.33959
9.4926 2.25892
9.18226 3.12653
9.43955 4.29453
9.35003 5.16108
9.39745 6.49672
9.14449 7.10804
9.18726 8.30018
9.36517 9.29069
0 10 72
1 2 6
1 11 78
2 3 13
2 12 68
3 4 19
4 5 22
5 15 54
6 7 21
6 16 62
7 8 23
7 17 40
8 9 21
8 18 85
9 19 38
10 11 3
10 20 57
11 12 4
11 21 69
12 13 3
12 22 78
13 14 0
13 23 69
14 15 5
14 24 68
15 16 9
15 25 79
16 17 2
16 26 65
17 27 73
18 28 49
19 29 71
20 30 58
21 22 5
21 31 48
22 23 12
22 32 58
23 24 1
23 33 72
24 25 16
24 34 74
25 26 23
25 35 38
26 27 6
26 36 83
27 28 2
28 29 4
29 39 69
30 31 5
30 40 90
31 32 15
31 41 72
32 33 1
32 42 61
33 43 51
34 35 20
34 44 64
35 45 79
36 37 17
36 46 47
37 47 76
38 48 52
39 49 62
40 50 43
41 42 5
41 51 61
43 53 59
44 45 5
45 46 10
45 55 44
46 47 12
46 56 56
47 48 12
48 49 2
48 58 53
49 59 52
50 51 4
50 60 74
51 52 5
51 61 69
52 53 10
52 62 61
53 63 84
54 55 17
54 64 74
55 56 2
55 65 84
56 57 18
57 58 21
57 67 42
58 59 1
58 68 77
59 69 73
60 70 56
61 62 2
61 71 70
62 72 48
63 73 62
64 65 7
64 74 51
65 75 56
66 67 8
66 76 69
67 68 13
68 69 3
68 78 77
69 79 65
70 71 13
70 80 67
71 72 25
71 81 39
72 73 27
73 74 10
74 75 2
74 84 72
76 77 6
76 86 75
77 78 20
77 87 69
79 89 57
80 81 15
80 90 74
81 82 31
81 91 87
82 83 31
83 84 25
84 85 13
84 94 65
85 86 14
85 95 73
86 87 12
86 96 62
87 88 11
89 99 80
91 92 6
93 94 16
94 95 6
96 97 16
97 98 3
98 99 11
802 308 730 1327 1095 756 1345 1030 816 764
1199 715 1221 91 1301 787 395 347 178 1260
963 706 20 1211 1195 531 481 479 936 744
1143 701 320 441 690 730 864 499 202 723
627 242 277 31 335 149 506 1391 1254 492
762 1289 1117 1016 328 980 392 333 1141 60
713 1299 521 521 1317 1237 315 797 299 1116
722 678 503 621 1018 696 78 83 680 1167
539 179 361 450 452 1207 565 892 281 591
1030 706 403 362 1316 577 964 1367 1127 1008
1025 1356 1386 420 838 1307 1154 1280 428 253
20 1369 241 620 330 460 570 273 212 960
1032 498 952 1155 75 175 584 688 1118 1115
550 555 250 1118 219 865 1129 490 50 122
347 1204 1024 243 836 1192 1304 1141 954 178
912 1154 309 824 275 939 292 72 1125 1310
1308 1191 1265 750 1331 911 28 1118 528 742
628 130 108 268 420 206 1378 1069 459 1303
1378 1165 468 330 380 74 419 56 791 202
1201 454 492 442 1336 802 832 1044 934 135
754 1333 728 1029 921 1170 540 922 741 1353
81 1177 1153 704 778 583 1360 268 1320 814
687 204 637 143 12 1264 1120 1346 1249 924
664 69 29 174 777 202 866 743 476 754
479 1203 173 1180 778 509 199 1190 899 1257
1175 97 779 153 1088 1019 1151 1357 442 10
758 630 42 811 272 772 691 574 1285 1097
525 829 455 439 183 38 810 1366 81 1319
546 142 1203 367 1344 312 189 312 982 341
1072 807 957 508 970 1051 369 949 77 475
703 41 466 1013 876 606 1268 656 1233 831
1377 614 545 1317 147 90 1150 928 1127 1341
707 361 814 1147 904 573 130 373 692 159
94 1230 402 953 184 1398 475 337 783 1248
237 359 355 419 1343 1183 523 1079 246 1314
682 987 475 977 259 1092 1206 826 850 553
1042 7 55 1220 1053 1237 510 793 881 1383
683 1106 24 72 1062 265 1293 391 459 754
1347 778 1313 659 1394 453 1068 935 1348 180
780 654 329 992 585 715 35 1182 146 902
1346 524 1251 43 570 892 892 1310 995 1289
489 336 441 686 992 694 1047 433 1303 949
969 27 1059 123 1379 1329 388 445 126 1014
973 772 1150 180 467 53 167 487 779 730
376 19 1221 242 326 281 820 303 827 296
945 578 275 509 963 1024 797 945 793 963
577 1138 145 1358 1336 720 580 319 37 1399
356 610 601 1250 434 244 605 1161 398 356
318 1373 207 501 1227 606 86 165 1186 247
52 966 878 533 1382 610 171 850 270 498
934 129 168 798 375 664 323 1161 509 752
1355 854 1224 728 841 831 332 255 5 1182
1033 273 257 600 808 97 321 1011 352 716
292 745 749 47 582 1134 559 307 889 969
22 284 196 898 922 29 740 1081 757 400
190 566 464 712 538 492 929 768 78 459
988 103 349 1278 955 1069 934 16 884 314
146 293 589 34 1240 1397 1340 49 153 105
506 368 1375 152 755 459 565 67 1199 389
909 376 1201 899 410 581 126 1325 87 897
975 66 1161 1171 721 517 1357 1380 816 274
122 712 837 1048 994 558 247 1146 1289 465
214 1171 1122 1033 218 1212 521 524 321 91
308 1295 1308 57 1197 612 1227 790 201 1223
469 188 276 356 1014 128 953 81 690 631
1387 1329 957 1294 1205 1279 1048 913 502 197
30 233 1276 1138 1130 759 1236 763 242 129
14 213 827 218 1319 983 672 372 1019 490
1319 1359 197 982 690 1205 895 1179 1010 1246
748 1201 711 1038 352 870 487 797 1168 779
901 237 695 808 724 1335 1083 1163 1253 493
856 18 487 51 610 1182 1335 987 1134 717
63 640 22 21 1285 1397 433 518 333 129
1175 119 841 372 314 1351 683 1048 57 349
564 799 345 424 264 1231 811 1203 760 1152
253 1242 649 3 670 576 752 420 561 371
1312 118 5 345 347 1142 16 830 918 416
559 1133 269 1183 494 1214 47 895 80 2
33 638 547 785 178 623 255 507 1095 1093
1346 1182 1141 776 792 1155 1294 593 815 1019
886 599 518 1006 1169 734 931 889 623 943
897 1392 1047 551 756 704 959 924 273 535
1298 753 619 794 69 803 1064 1268 637 54
254 500 666 465 847 123 877 647 951 1258
992 260 1119 125 512 1022 683 176 915 1147
249 386 481 431 1081 1342 39 638 489 872
241 586 104 342 526 1299 1122 1184 532 1110
1241 101 315 988 1343 824 924 312 455 848
482 380 1049 1019 1379 183 756 1164 1391 290
1388 1193 89 807 525 174 1153 235 373 1146
213 896 63 661 1399 229 1147 244 459 467
1313 1380 1000 906 1023 1153 1261 742 466 1286
422 1146 1222 440 528 1320 455 225 791 633
66 726 81 640 1053 1364 896 624 306 409
810 1151 1244 792 1395 268 1097 759 45 1010
188 916 1048 417 232 802 158 564 555 248
171 207 85 1272 1312 795 1248 1364 862 981
950 32 880 431 656 1224 1038 891 1109 103
1357 252 269 1258 286 350 323 76 891 64
476 993 149 736 1003 703 527 87 465 854
465 309 760 996 952 887 957 1255 390 511
341 660 798 884 96 1389 793 280 592 720
702 30 205 1398 1161 1066 1071 1318 948 550
826 1097 488 43 81 214 1332 1380 285 1143
1312 980 693 962 1224 591 10 823 284 672
1350 1156 719 559 959 1005 263 1397 390 429
1258 1200 63 1328 886 1270 825 198 186 222
210 1023 43 937 396 1238 844 268 830 250
957 332 217 1378 282 692 1152 1372 410 520
292 187 1273 66 867 1351 318 954 544 148
476 34 504 817 557 743 365 10 237 467
371 385 373 938 1336 1250 25 1221 32 101
847 863 232 219 527 400 1086 1336 242 1006
430 48 332 160 991 463 383 22 676 665
737 693 508 735 1285 670 493 675 424 1055
1046 805 348 58 87 348 309 1382 607 379
396 623 286 155 229 1152 411 771 1024 622
724 1053 686 1268 1337 65 1067 1369 375 1195
280 1102 63 623 813 595 877 1154 15 253
936 1178 1160 423 673 1166 985 918 211 485
1261 844 1389 273 289 682 1246 664 858 1163
437 1109 565 435 668 159 878 854 1276 881
757 559 1117 705 730 855 288 519 540 706
662 326 250 66 1133 1225 1155 429 632 561
634 252 719 1145 1062 516 17 715 253 914
974 219 923 321 32 835 665 579 690 697
839 1148 29 1344 937 974 198 418 1225 853
659 740 507 344 950 1179 150 443 801 1133
186 936 1190 293 751 886 1157 220 365 717
461 295 110 1054 585 1055 1276 981 1022 712
238 1122 35 971 1083 502 35 485 144 87
440 765 585 688 66 321 405 741 819 510
965 882 979 1145 552 283 1037 358 247 274
749 266 699 414 809 1337 1320 185 423 557
417 404 1257 595 583 1091 643 536 842 343
36 28 1299 1355 554 306 823 80 957 135
278 1100 185 616 1074 1074 1048 725 522 640
1341 1240 507 1127 1151 1157 610 1202 1316 313
705 133 1055 414 690 821 371 687 103 896
422 471 174 51 999 723 1316 203 101 994
