10
219
0.5
25
24
0.00322869 0.114224
0.4606 1.43558
0.319478 2.46971
0.197214 3.38374
0.250702 4.0101
1.06542 0.382175
1.345 1.42815
1.28375 2.45669
1.41323 3.26516
1.17033 4.33845
2.28583 0.0274363
2.40335 1.25778
2.26665 2.36669
2.22296 3.28423
2.16356 4.2211
3.2623 0.108132
3.45372 1.28922
3.01502 2.44779
3.43669 3.08042
3.28072 4.04593
4.05842 0.106616
4.26886 1.10583
4.46842 2.33782
4.13315 3.08913
4.48181 4.09056
0 1 29
0 5 67
1 6 56
2 3 8
2 7 61
4 9 58
6 7 4
7 8 8
8 13 51
9 14 63
10 11 7
10 15 62
11 12 9
12 13 3
12 17 47
14 19 71
16 21 52
17 18 27
17 22 92
18 19 10
18 23 44
20 21 13
21 22 13
23 24 22
182 106 43 34 133 1 111 223 49 159
101 100 158 119 44 211 210 217 167 6
218 191 190 142 134 225 0 65 222 187
51 57 38 167 31 138 135 60 135 82
42 4 50 27 203 30 29 133 163 198
92 145 181 99 187 35 88 4 130 147
51 231 56 132 81 148 223 120 0 184
118 99 185 226 111 9 96 140 85 228
80 28 42 180 54 214 227 215 17 133
21 93 179 160 105 97 44 15 192 112
145 225 196 134 37 173 64 110 204 171
1 40 186 139 225 94 17 166 199 173
220 16 33 41 69 213 87 143 222 14
38 24 67 95 120 136 45 180 18 144
37 150 96 236 83 115 174 12 28 200
239 75 71 2 229 160 202 236 43 49
95 223 138 60 226 142 113 237 202 154
120 123 212 193 51 21 136 54 175 0
170 163 32 194 171 154 75 24 232 170
202 205 101 82 224 101 62 224 217 160
37 153 19 55 204 193 216 106 221 155
199 168 9 69 61 179 65 29 14 43
124 84 207 130 98 123 79 170 19 193
92 137 110 119 49 116 76 31 83 143
