5
1127
1
49
48
0.0187548 0.499961
0.381381 1.27124
0.0449878 2.13629
0.250796 3.26907
0.0990543 4.10495
0.267991 5.14978
0.335015 6.40529
1.42885 0.457672
1.41311 1.3455
1.17961 2.35185
1.24975 3.27698
1.14584 4.48999
1.22304 5.03507
1.04337 6.1585
2.47235 0.19279
2.20318 1.30776
2.21206 2.39103
2.13137 3.16894
2.49959 4.32168
2.33306 5.25951
2.3937 6.27577
3.30706 0.186582
3.25321 1.41219
3.16783 2.13543
3.29398 3.07419
3.24136 4.44437
3.23621 5.0945
3.28541 6.15926
4.4871 0.0177874
4.19176 1.25512
4.07564 2.47395
4.03453 3.1358
4.22219 4.08581
4.04299 5.33219
4.36111 6.00865
5.37127 0.366835
5.24207 1.36392
5.45397 2.20769
5.014 3.4657
5.34663 4.14028
5.38488 5.36234
5.02535 6.19826
6.00369 0.252003
6.40285 1.17333
6.17221 2.24716
6.42786 3.07502
6.31865 4.34531
6.40565 5.07183
6.14508 6.40255
0 1 23
0 7 89
1 2 21
2 3 13
3 4 10
3 10 63
5 6 4
6 13 45
7 8 1
9 16 65
10 11 7
10 17 56
11 12 5
12 19 70
13 20 85
14 21 53
15 16 1
15 22 66
17 18 23
17 24 74
19 20 4
19 26 57
20 27 56
21 28 75
22 29 59
23 30 57
24 31 47
25 26 0
26 33 51
27 34 68
28 35 56
29 30 7
30 37 87
31 38 62
32 33 11
33 40 85
34 41 42
35 36 8
36 37 13
37 38 28
38 45 89
39 40 2
41 48 71
42 43 25
43 44 15
44 45 16
45 46 7
46 47 6
223 199 205 22 143
154 24 41 181 132
49 63 187 70 43
51 194 122 27 138
214 138 48 70 199
128 74 131 239 135
193 201 92 176 203
51 97 65 208 198
154 226 177 113 177
6 36 116 220 91
179 196 64 225 207
11 95 220 210 231
84 40 208 57 86
45 136 60 50 42
225 128 51 185 59
54 229 88 87 151
126 124 87 126 47
98 216 68 107 82
69 102 186 58 68
164 185 182 65 68
147 138 87 120 220
109 112 164 115 107
212 160 128 183 138
200 36 112 66 160
70 108 15 72 200
69 82 154 213 91
184 193 9 106 207
163 34 115 212 92
27 213 191 209 48
94 236 238 90 143
111 20 120 97 165
52 116 118 7 164
132 99 61 142 230
158 129 128 152 64
212 185 118 33 70
168 4 176 201 60
0 109 227 213 161
108 59 211 108 212
170 130 101 198 4
156 51 55 196 170
93 8 3 23 66
4 111 197 122 168
10 196 27 221 167
125 141 198 211 30
191 229 55 210 70
205 178 29 118 40
233 217 1 159 176
108 192 135 201 120
