10
847
1
49
66
0.104334 0.108818
0.188562 1.33727
0.254413 2.45949
0.158497 3.29165
0.438401 4.13995
0.364881 5.2628
0.40487 6.38068
1.36349 0.288292
1.27321 1.04367
1.44181 2.29991
1.23458 3.17989
1.20215 4.13474
1.46264 5.09518
1.08159 6.1034
2.00489 0.0716964
2.39972 1.33098
2.06465 2.40204
2.22457 3.11184
2.37349 4.36589
2.43306 5.47715
2.43192 6.2138
3.18221 0.120825
3.41265 1.0329
3.07248 2.42893
3.41351 3.45306
3.19489 4.32648
3.45567 5.36744
3.02733 6.2619
4.40847 0.496222
4.49932 1.45029
4.1361 2.29337
4.47469 3.34817
4.32547 4.1359
4.25109 5.47216
4.07626 6.07328
5.25717 0.202345
5.03659 1.04536
5.07343 2.22082
5.41859 3.1357
5.32269 4.15093
5.35109 5.25418
5.33679 6.3311
6.31435 0.223678
6.26575 1.19287
6.4673 2.3613
6.20612 3.49742
6.10622 4.43973
6.46606 5.38095
6.1355 6.19177
0 1 5
0 7 80
1 8 69
2 9 75
3 4 18
3 10 68
4 5 5
4 11 48
5 6 3
5 12 69
6 13 43
7 8 6
7 14 41
8 9 11
8 15 71
9 16 39
10 11 2
10 17 63
11 12 16
11 18 74
12 19 61
13 20 85
14 21 74
15 16 21
15 22 64
16 17 10
16 23 64
17 18 9
17 24 75
18 19 4
18 25 52
19 26 65
20 27 38
21 22 15
21 28 78
22 23 22
22 29 69
23 24 22
23 30 67
24 25 14
24 31 67
25 26 16
25 32 72
26 27 27
28 35 54
29 36 34
30 37 59
31 32 9
31 38 60
32 33 5
32 39 63
33 34 11
33 40 70
34 41 80
35 36 14
35 42 67
36 43 78
37 44 88
39 40 2
39 46 50
40 47 71
41 48 51
43 44 13
44 45 17
45 46 6
46 47 23
170 463 235 491 252 606 327 295 184 446
217 261 320 204 72 57 459 648 177 304
186 396 651 135 533 296 628 211 239 198
448 184 174 363 277 336 170 587 434 378
206 296 166 19 254 501 399 269 8 231
527 257 432 49 581 208 334 385 491 447
306 551 101 603 436 504 553 59 373 549
222 356 249 528 166 365 454 442 421 566
298 392 242 616 223 306 599 27 204 645
447 615 607 633 240 432 15 200 44 279
314 288 72 160 331 288 441 71 132 367
165 652 448 187 259 384 280 316 293 474
301 94 654 504 395 450 186 398 252 482
378 131 181 507 122 656 115 42 629 647
481 602 291 640 510 268 124 397 439 130
482 81 530 161 493 497 43 292 206 456
138 307 444 105 571 86 604 492 495 12
35 567 622 500 614 523 279 37 150 108
507 306 24 146 358 514 585 359 350 456
558 128 340 604 290 554 364 360 275 410
262 526 164 599 93 343 392 637 98 154
442 601 559 575 228 565 391 424 605 517
91 393 45 365 439 124 90 347 391 11
276 118 279 580 25 153 204 76 221 583
96 457 296 509 604 212 284 242 170 489
276 657 74 410 13 556 145 617 74 176
339 372 300 335 111 338 266 566 215 473
607 110 293 68 295 33 71 21 634 25
575 6 375 342 584 71 538 365 342 187
230 651 633 521 360 223 585 454 501 331
638 537 602 54 439 275 631 457 629 36
452 63 382 103 57 457 473 118 293 280
155 404 182 193 625 148 388 446 86 571
580 517 449 557 108 651 404 657 490 406
71 237 524 232 47 488 319 194 601 336
202 101 93 502 467 218 624 441 295 639
649 467 629 377 50 509 488 32 44 314
467 26 529 137 190 564 514 241 133 178
12 433 402 612 523 449 525 179 582 114
530 547 491 478 393 570 431 352 488 159
114 73 467 296 599 513 118 509 19 596
252 486 417 444 340 241 484 345 513 362
522 134 3 217 447 1 335 72 427 582
425 427 358 485 466 66 358 242 245 344
206 524 649 475 390 205 614 95 275 612
289 91 353 463 556 135 479 512 472 26
486 293 213 144 475 56 575 563 100 174
526 457 559 363 35 185 228 64 264 406
358 105 524 371 597 389 358 376 376 187
297 509 438 361 47 53 163 298 630 2
543 137 430 637 597 521 271 78 0 137
648 211 634 14 285 194 143 426 208 79
453 200 464 316 94 111 295 371 265 154
60 79 1 432 506 326 294 1 539 404
577 74 244 465 588 103 1 374 214 98
216 234 630 252 507 574 3 179 324 122
81 191 595 315 554 103 456 634 371 515
465 202 91 63 75 224 155 614 83 587
557 99 156 385 191 271 144 317 589 113
546 507 511 269 649 556 6 641 603 422
183 347 82 138 425 431 110 51 199 466
19 28 159 399 586 593 195 472 251 479
446 432 312 299 505 469 204 539 51 294
69 250 444 88 406 99 612 279 344 248
538 382 409 375 95 381 593 144 443 21
563 603 369 45 542 647 468 484 246 570
