10
644
0.5
49
66
0.455769 0.415831
0.299552 1.33527
0.231179 2.48591
0.374429 3.13583
0.070634 4.39181
0.303561 5.24654
0.266328 6.32393
1.12484 0.428557
1.14672 1.34506
1.40121 2.43932
1.01651 3.20994
1.05605 4.34581
1.00451 5.39219
1.22776 6.15262
2.17381 0.112915
2.16516 1.2194
2.4114 2.08405
2.41198 3.25793
2.46489 4.48434
2.12866 5.09304
2.15529 6.08937
3.27158 0.0643484
3.11124 1.32572
3.30715 2.3864
3.21584 3.00291
3.3665 4.39323
3.19823 5.40126
3.36604 6.37981
4.14596 0.307522
4.09061 1.26653
4.24528 2.27196
4.38831 3.00033
4.07379 4.25216
4.25595 5.37428
4.12759 6.20408
5.03245 0.480851
5.4073 1.45208
5.30037 2.48112
5.07624 3.11033
5.4449 4.32514
5.16942 5.09272
5.21059 6.1118
6.44252 0.343364
6.44257 1.28856
6.00314 2.48415
6.41151 3.16828
6.28094 4.05934
6.16334 5.10237
6.49137 6.41606
0 1 10
0 7 42
1 2 4
2 3 9
2 9 74
3 4 19
3 10 41
4 5 15
4 11 62
5 12 44
6 13 61
7 14 66
8 15 64
10 11 3
10 17 88
11 12 3
11 18 89
12 19 71
13 20 59
14 15 1
14 21 69
15 16 16
15 22 60
16 23 57
17 18 3
17 24 51
18 19 21
18 25 57
19 20 2
19 26 68
20 27 77
21 22 10
21 28 55
22 23 12
22 29 62
23 24 6
23 30 59
24 25 10
24 31 74
25 26 11
25 32 45
26 33 67
27 34 48
28 29 4
28 35 56
29 30 10
30 37 67
31 32 20
32 39 87
33 34 8
34 41 68
35 36 24
35 42 89
36 37 7
36 43 65
37 38 14
37 44 44
38 39 23
38 45 84
39 40 17
40 47 63
42 43 0
44 45 26
45 46 8
46 47 7
47 48 21
218 494 535 68 427 479 286 446 210 619
366 232 294 293 465 408 79 65 60 52
238 298 465 374 253 48 409 411 467 629
302 96 453 573 203 503 50 86 51 393
319 211 360 89 409 317 173 269 444 167
150 163 189 204 562 103 60 402 246 610
116 1 313 633 537 411 57 598 269 564
227 447 383 497 40 352 120 522 540 239
411 199 101 165 285 391 150 228 482 172
48 454 615 143 143 606 572 334 112 487
406 45 510 243 217 352 394 568 485 21
271 326 598 505 282 394 542 98 534 612
282 616 55 503 526 548 229 512 641 286
338 122 170 476 301 492 587 128 234 378
29 45 570 114 141 528 493 345 317 188
269 275 94 4 86 516 442 519 4 204
4 421 621 243 633 118 464 96 183 209
471 262 35 99 155 101 482 598 486 513
307 558 528 310 337 639 270 508 218 478
471 430 253 525 342 645 254 180 160 405
198 437 283 416 435 334 588 115 325 428
9 135 316 361 306 231 442 114 64 3
597 49 560 647 634 123 633 27 22 209
376 79 508 457 152 571 2 607 318 314
126 1 562 417 102 299 571 263 606 166
503 107 602 301 150 427 476 308 365 3
485 101 11 157 416 349 245 645 433 486
95 429 343 349 612 245 100 148 124 573
203 556 48 324 68 490 242 509 645 48
239 70 574 562 176 275 16 594 22 199
43 166 388 488 195 140 24 380 497 268
560 214 182 508 188 55 578 422 649 206
623 210 437 588 330 60 131 323 582 404
620 63 348 643 372 507 119 194 12 324
335 142 419 98 508 336 421 650 81 33
526 163 84 487 591 87 44 158 421 70
116 630 71 111 487 394 196 191 71 513
200 30 364 447 245 240 639 210 91 19
183 455 637 112 289 560 618 383 536 490
146 84 522 291 239 259 143 556 647 91
23 281 353 95 526 242 528 556 529 52
29 552 620 320 604 573 149 500 416 66
449 105 465 158 322 252 55 280 300 321
415 474 487 515 636 268 8 227 270 434
241 355 571 84 637 26 71 179 523 110
498 431 491 578 195 138 413 82 156 38
485 657 176 164 510 210 213 114 391 159
498 276 621 166 13 341 500 427 0 383
150 176 384 641 115 301 4 562 130 0
134 5 41 370 529 32 482 243 354 394
235 15 576 351 296 1 455 304 24 653
439 316 590 470 258 142 294 383 206 244
171 386 74 611 499 231 229 614 463 498
50 464 373 27 405 182 429 317 417 140
242 82 508 147 431 640 291 423 620 160
296 378 326 304 400 412 587 33 175 48
367 379 161 260 1 280 530 265 407 614
147 655 490 605 244 25 44 351 137 139
154 584 34 521 315 377 193 574 94 570
300 550 470 347 190 274 237 641 190 19
197 49 535 13 361 212 127 323 524 515
59 618 403 119 456 214 485 346 603 166
93 616 555 350 465 340 361 252 326 297
110 58 563 216 277 643 44 433 273 603
31 475 579 600 267 551 25 509 285 109
373 566 20 560 375 176 127 123 482 434
