5
2952
0.5
100
140
0.0501652 0.0127548
0.452437 1.34551
0.272097 2.1685
0.213177 3.18491
0.467325 4.26105
0.479565 5.25916
0.470714 6.04414
0.282527 7.03166
0.430867 8.42212
0.203982 9.04873
1.40581 0.414103
1.37364 1.37484
1.37529 2.19032
1.36902 3.01229
1.46724 4.17538
1.44857 5.29214
1.34206 6.00623
1.0587 7.44098
1.41912 8.17182
1.30596 9.0054
2.24192 0.0439321
2.40649 1.4312
2.45689 2.37891
2.05346 3.05173
2.36084 4.44769
2.35522 5.21321
2.23517 6.20536
2.49697 7.22585
2.36845 8.22011
2.37364 9.35539
3.12611 0.348931
3.43955 1.29497
3.46121 2.01166
3.3499 3.07752
3.26575 4.08249
3.1504 5.00488
3.13862 6.08638
3.08492 7.43578
3.19664 8.33997
3.00683 9.1661
4.01684 0.110946
4.12344 1.46263
4.17874 2.47346
4.35499 3.07555
4.48281 4.22257
4.29745 5.07482
4.11764 6.26657
4.30246 7.21144
4.34018 8.42628
4.23391 9.08622
5.3212 0.446889
5.32229 1.28524
5.25577 2.28184
5.16846 3.4802
5.30857 4.48951
5.23664 5.1861
5.0555 6.23684
5.33154 7.00472
5.16858 8.3146
5.3068 9.37196
6.28237 0.499625
6.14047 1.34155
6.17021 2.34882
6.15416 3.01028
6.16528 4.13268
6.02783 5.39032
6.30853 6.39492
6.4619 7.35803
6.25165 8.35729
6.31512 9.46372
7.48808 0.0051148
7.25467 1.11654
7.03437 2.10685
7.33343 3.45998
7.49243 4.43858
7.13393 5.29479
7.34657 6.43627
7.42985 7.18594
7.34534 8.158
7.45717 9.3281
8.21626 0.192317
8.10401 1.32367
8.0591 2.36492
8.48855 3.32022
8.26869 4.264
8.24972 5.04557
8.20902 6.37408
8.15468 7.08072
8.09186 8.14676
8.4729 9.21897
9.01732 0.231322
9.42496 1.10553
9.26616 2.12033
9.18174 3.17668
9.28821 4.15717
9.47973 5.18775
9.35949 6.0836
9.20357 7.28541
9.45843 8.06297
9.00146 9.00187
0 1 25
0 10 86
1 2 11
1 11 58
3 13 73
4 5 1
5 6 1
5 15 61
6 7 12
7 8 9
7 17 49
8 9 14
8 18 63
9 19 70
10 11 2
10 20 53
11 12 0
11 21 65
12 13 0
12 22 68
13 14 6
14 24 57
15 16 7
16 17 18
16 26 56
17 18 23
17 27 91
18 19 7
20 21 10
20 30 56
21 22 3
21 31 65
22 23 26
22 32 64
23 24 19
23 33 82
24 25 0
25 26 8
25 35 50
26 27 17
26 36 57
27 28 8
27 37 37
28 29 0
28 38 52
29 39 40
30 31 20
30 40 56
31 32 1
31 41 43
32 33 7
32 42 45
33 43 64
34 35 7
35 36 1
36 37 3
36 46 62
37 38 7
38 48 72
39 49 78
40 41 7
40 50 82
41 42 3
41 51 76
42 52 68
43 44 8
45 46 11
45 55 59
46 47 12
46 56 59
47 48 2
47 57 65
48 49 7
48 58 52
49 59 68
50 51 0
50 60 61
51 52 4
51 61 52
52 53 6
53 54 9
54 55 5
54 64 54
55 56 11
56 57 17
56 66 79
57 58 10
58 59 9
59 69 64
60 70 76
61 71 70
62 63 1
62 72 55
63 64 1
63 73 75
64 65 9
64 74 84
65 75 70
66 76 66
67 68 13
68 78 69
69 79 72
70 71 15
70 80 46
71 72 14
71 81 54
72 82 65
73 74 10
73 83 73
74 84 49
75 76 13
75 85 71
76 77 5
76 86 55
77 78 5
77 87 46
78 79 7
78 88 47
79 89 64
80 81 7
80 90 51
81 91 84
82 83 27
82 92 76
83 84 14
84 85 1
85 86 3
85 95 78
86 87 3
87 88 4
87 97 66
88 89 24
88 98 86
91 92 10
92 93 5
94 95 12
95 96 8
96 97 10
97 98 16
98 99 29
534 47 381 593 105
439 510 630 426 521
219 159 380 277 198
162 311 182 344 425
515 423 489 172 208
149 246 280 83 178
659 78 200 37 227
583 36 614 572 210
140 432 51 147 385
275 216 462 174 108
111 73 347 531 393
561 44 506 250 129
85 429 377 78 94
232 444 164 483 328
241 546 443 27 531
542 445 202 240 669
419 164 303 165 111
609 123 692 208 345
494 158 482 556 6
295 461 18 65 218
659 653 450 570 564
657 325 575 545 359
360 166 358 361 353
102 242 433 550 696
75 684 268 492 427
677 477 302 648 350
309 489 297 177 446
466 150 143 635 694
9 593 236 312 86
40 685 444 190 622
650 382 52 54 12
511 617 572 684 628
29 47 71 312 353
208 409 223 183 645
47 208 23 628 621
505 134 369 445 91
397 289 687 387 184
392 303 259 178 637
127 442 160 266 480
102 94 583 310 288
71 553 653 631 688
560 645 473 249 670
148 176 183 626 50
274 670 152 440 606
606 355 343 267 11
195 9 544 351 44
235 363 38 294 509
334 440 162 2 556
639 516 347 121 265
438 361 654 145 300
671 664 19 542 360
686 4 542 406 121
667 673 685 211 473
395 616 451 691 28
588 580 633 591 465
489 216 95 372 130
228 638 1 1 697
35 311 572 668 336
242 500 558 272 342
9 664 173 304 270
122 275 255 667 512
581 452 147 481 397
639 669 519 264 373
416 379 528 430 439
432 563 30 698 404
242 55 689 682 160
632 513 212 543 639
469 317 193 135 535
62 8 173 497 27
652 398 275 583 326
124 156 122 448 404
259 461 607 140 478
130 312 664 364 678
500 422 568 31 69
425 375 692 65 402
171 197 191 616 281
582 176 297 508 97
383 284 576 48 78
279 544 691 538 590
602 655 30 10 637
478 365 404 253 176
677 649 477 12 383
539 508 475 693 444
37 11 333 519 243
145 353 62 192 205
451 668 128 12 97
58 196 455 129 102
151 51 332 699 36
248 314 116 69 24
375 646 572 240 88
72 223 42 102 218
342 661 253 104 163
648 688 665 617 572
24 540 199 497 216
488 674 685 33 539
632 122 135 94 7
126 12 268 21 613
133 165 118 271 305
113 659 428 238 393
329 527 132 533 501
504 135 544 4 522
651 458 18 645 452
375 73 90 29 689
408 229 70 146 443
393 573 304 242 112
522 343 319 695 626
668 467 213 366 392
37 358 539 240 564
344 228 359 5 397
150 665 400 57 88
130 563 666 339 619
70 422 527 632 278
108 45 476 270 132
412 601 682 182 614
307 547 210 233 527
316 327 393 162 370
531 385 669 566 226
9 654 202 277 282
266 404 288 52 96
31 128 376 544 197
228 169 452 435 149
586 537 540 476 626
363 478 460 317 187
331 474 15 63 405
151 594 15 283 535
213 77 133 521 317
365 400 440 526 111
558 341 554 589 662
613 224 11 157 13
10 454 611 493 32
224 648 663 123 366
358 652 201 644 632
571 665 549 73 522
11 412 379 411 442
103 69 350 502 26
128 1 173 305 432
646 690 118 270 409
385 436 493 73 295
679 202 693 414 467
690 627 533 50 416
