5
689
0.5
25
32
0.0283081 0.135896
0.237719 1.09665
0.348913 2.06968
0.285942 3.41665
0.418154 4.04056
1.0089 0.0769113
1.17723 1.45924
1.41238 2.05333
1.29296 3.1257
1.08411 4.19236
2.45519 0.133543
2.09304 1.00092
2.48392 2.04326
2.37814 3.48308
2.04056 4.04615
3.06278 0.321335
3.00592 1.16979
3.44349 2.15686
3.20418 3.15241
3.19361 4.46238
4.02872 0.11086
4.35654 1.4534
4.00672 2.16919
4.35893 3.19172
4.23712 4.23472
0 1 13
0 5 62
1 2 7
2 3 4
2 7 67
3 4 8
3 8 64
4 9 42
5 6 11
6 7 15
7 8 8
7 12 68
8 9 13
8 13 69
9 14 60
10 15 38
11 12 25
12 17 61
13 14 21
14 19 73
15 16 4
15 20 61
16 17 28
16 21 85
17 18 15
17 22 36
18 19 1
18 23 73
19 24 66
20 21 21
21 22 22
23 24 8
52 90 24 21 4
28 7 146 51 132
158 47 79 66 76
40 14 97 20 50
143 154 153 66 23
11 81 114 58 26
155 147 44 79 120
134 100 24 141 109
129 141 156 98 24
141 41 104 145 3
36 101 115 75 110
127 42 130 68 153
63 50 11 137 7
123 15 91 159 88
36 71 120 156 141
33 146 49 64 41
99 128 130 143 21
33 156 115 152 101
30 84 38 101 14
31 50 17 72 55
109 108 57 97 26
148 132 16 45 147
142 91 43 23 95
89 19 142 96 110
45 15 119 85 21
111 62 23 2 147
128 2 139 130 99
47 111 52 92 137
35 73 153 9 106
127 11 37 44 126
78 49 3 137 125
121 22 39 107 146
