10
283
1
25
24
0.0807647 0.40482
0.447768 1.28189
0.42708 2.05228
0.444293 3.1201
0.341519 4.39305
1.26112 0.106185
1.19491 1.03729
1.07669 2.08565
1.35314 3.0351
1.41554 4.00412
2.02996 0.00412676
2.18583 1.47718
2.19061 2.20265
2.47132 3.43764
2.03482 4.27627
3.10025 0.403121
3.05479 1.29481
3.13489 2.00917
3.47241 3.19278
3.48295 4.24474
4.39682 0.158142
4.20637 1.18649
4.39347 2.47245
4.07914 3.40536
4.44347 4.45171
0 1 23
0 5 75
1 6 47
2 3 1
2 7 41
4 9 68
6 7 7
6 11 63
7 8 17
8 13 71
9 14 39
10 11 10
12 13 18
13 18 63
14 19 92
15 16 3
15 20 82
16 17 5
17 18 21
17 22 80
19 24 61
21 22 12
22 23 20
23 24 23
170 145 45 192 10 19 176 136 161 98
187 30 24 8 164 233 197 211 198 217
231 58 136 145 121 125 207 132 50 47
107 197 191 22 48 85 140 71 103 40
15 216 238 147 8 10 112 90 52 174
185 106 33 37 202 176 47 161 94 36
204 32 93 84 195 108 123 219 234 209
92 230 12 71 128 197 86 103 13 193
128 230 88 94 156 109 80 117 98 130
196 227 206 165 195 145 85 11 232 102
168 161 142 63 57 126 169 37 146 214
223 100 70 94 84 58 26 228 179 5
97 57 152 65 55 188 58 144 200 137
152 104 165 128 178 60 32 77 125 220
235 15 154 43 191 156 156 51 144 214
175 132 5 35 195 36 183 101 150 34
81 163 209 76 209 102 30 3 228 21
39 99 236 65 73 189 74 186 147 27
139 235 81 46 226 201 97 76 34 217
41 33 113 167 90 52 19 216 25 201
18 142 131 223 54 225 33 56 203 66
191 89 155 110 25 72 192 186 63 172
35 156 10 74 162 68 176 198 211 79
166 56 50 54 186 112 108 48 8 149
