5
1171
0.5
49
66
0.209634 0.43852
0.205754 1.22525
0.274285 2.26871
0.126296 3.32186
0.220744 4.12574
0.0581539 5.08954
0.0582241 6.46757
1.37003 0.434919
1.41505 1.4488
1.18802 2.06819
1.48481 3.43227
1.24764 4.23753
1.32309 5.21122
1.43172 6.28776
2.35016 0.389508
2.28977 1.4546
2.27825 2.04689
2.4598 3.44751
2.4994 4.49087
2.38081 5.38178
2.09534 6.07784
3.12333 0.372798
3.20387 1.33385
3.37409 2.2227
3.00728 3.01519
3.37202 4.19222
3.06723 5.07563
3.14827 6.20918
4.00903 0.326071
4.21386 1.42869
4.36152 2.35082
4.00725 3.1212
4.36126 4.23261
4.37187 5.11814
4.40753 6.28484
5.4071 0.246354
5.49094 1.11205
5.1359 2.27333
5.072 3.47656
5.29141 4.46443
5.49898 5.03183
5.46747 6.36999
6.0376 0.387648
6.1088 1.04316
6.19334 2.15435
6.47231 3.45835
6.24808 4.35291
6.05315 5.29821
6.1022 6.08551
0 1 0
0 7 73
1 2 4
2 3 9
3 10 86
4 5 10
4 11 65
5 6 0
5 12 80
6 13 87
7 8 3
8 9 14
8 15 55
9 16 69
10 11 15
10 17 62
11 12 5
12 13 7
12 19 67
13 20 42
14 15 4
15 16 1
15 22 58
16 17 11
16 23 69
17 24 35
18 25 55
19 20 18
20 27 67
21 28 56
22 23 11
22 29 64
23 24 23
24 31 63
25 26 19
25 32 63
26 27 5
26 33 83
27 34 80
28 29 13
28 35 88
29 30 9
30 31 22
30 37 49
31 32 22
31 38 67
32 33 1
32 39 59
33 34 2
33 40 71
34 41 67
35 36 5
35 42 40
36 37 22
37 38 4
37 44 67
39 40 13
39 46 61
40 41 2
40 47 35
41 48 40
42 43 5
43 44 5
44 45 18
45 46 14
47 48 3
19 227 308 271 72
106 261 248 113 304
22 316 176 261 252
302 293 76 102 113
245 223 257 312 310
286 119 170 205 130
265 269 93 243 268
182 155 40 48 166
195 264 287 311 102
171 277 263 223 190
263 84 178 176 56
307 305 258 143 310
216 16 216 107 38
272 184 253 239 88
264 104 161 21 21
83 33 254 95 113
151 248 126 16 89
55 71 4 91 22
181 143 172 203 239
33 192 278 173 209
254 21 329 196 123
258 266 78 222 221
40 298 266 294 295
67 218 185 34 170
306 47 320 288 209
257 238 81 241 73
280 0 211 122 158
295 60 223 22 209
84 220 117 246 16
135 321 303 93 138
308 80 109 232 303
84 259 17 227 165
325 70 307 123 120
220 7 56 73 147
180 160 310 33 203
285 92 33 294 109
294 178 105 186 77
138 210 143 197 82
128 304 95 46 48
68 267 89 30 153
165 314 62 15 247
156 10 267 29 255
141 68 116 174 75
137 53 305 164 199
149 230 11 37 87
245 90 55 181 299
27 99 36 223 238
75 100 71 302 7
301 141 218 230 161
108 76 309 94 298
229 86 231 183 264
105 198 107 194 317
242 121 177 200 27
134 225 58 191 127
196 6 232 241 127
107 156 178 169 297
321 208 95 291 72
42 164 39 160 291
104 210 124 99 124
274 164 190 227 238
50 272 252 177 50
112 307 290 272 226
176 40 319 7 115
1 9 214 6 126
302 326 258 88 105
32 159 296 239 256
