5
820
1
25
24
0.0871784 0.0467442
0.490161 1.23972
0.0574665 2.18675
0.274829 3.25318
0.0961274 4.1651
1.44719 0.361118
1.23292 1.18406
1.40695 2.36208
1.46369 3.17277
1.49703 4.42282
2.42334 0.0310455
2.15731 1.22691
2.47871 2.03883
2.14129 3.33183
2.41189 4.47441
3.39017 0.0374392
3.28505 1.12922
3.47445 2.46997
3.37655 3.17105
3.21372 4.4575
4.35103 0.264125
4.11604 1.29352
4.14989 2.16538
4.16315 3.0828
4.23075 4.08614
0 1 25
0 5 86
1 2 27
2 7 85
3 4 11
4 9 89
5 10 62
6 7 11
6 11 58
7 8 4
7 12 68
9 14 58
11 16 71
12 17 63
13 14 17
14 19 51
15 16 7
15 20 61
16 21 53
17 18 6
17 22 43
19 24 64
22 23 1
23 24 4
107 89 16 70 73
29 45 12 59 48
70 22 35 70 110
10 64 4 86 2
40 88 115 67 22
39 12 54 81 38
107 41 20 37 55
28 73 83 15 6
48 41 11 115 115
100 51 96 22 90
119 102 24 18 76
14 52 75 8 41
2 46 24 1 61
34 96 83 22 39
34 69 103 69 62
6 83 33 64 103
1 41 18 107 52
18 41 80 85 107
116 71 54 51 45
25 13 58 14 113
42 113 65 117 73
116 8 87 119 48
85 68 79 63 94
70 97 4 3 13
