5
2490
1
49
84
0.173962 0.450781
0.182722 1.25986
0.34252 2.25039
0.233374 3.16754
0.453665 4.14376
0.105352 5.48212
0.483157 6.39159
1.47953 0.2503
1.33055 1.36191
1.31523 2.09074
1.01008 3.07252
1.33498 4.11514
1.44623 5.1034
1.10033 6.15399
2.41926 0.0185586
2.02755 1.35481
2.08682 2.35771
2.17428 3.02415
2.4686 4.04903
2.11868 5.01199
2.34183 6.39175
3.05341 0.418875
3.28529 1.27193
3.13537 2.21968
3.17455 3.17912
3.14125 4.29983
3.00932 5.11785
3.03979 6.10636
4.14899 0.258188
4.09595 1.09342
4.27339 2.37144
4.37578 3.33871
4.44239 4.23936
4.30822 5.37684
4.02195 6.1383
5.2807 0.441347
5.2003 1.04071
5.00068 2.06229
5.26843 3.47594
5.15519 4.01937
5.03139 5.10772
5.2783 6.22266
6.32962 0.37571
6.41144 1.09519
6.28669 2.2233
6.34826 3.44607
6.34439 4.15098
6.06522 5.49346
6.28728 6.06795
0 1 1
0 7 83
1 2 10
1 8 73
2 3 7
2 9 62
3 4 14
3 10 49
4 5 22
4 11 56
5 6 24
5 12 85
6 13 39
7 8 9
7 14 59
8 9 1
8 15 44
9 10 19
9 16 49
10 11 21
10 17 74
11 12 7
11 18 72
12 13 22
12 19 43
13 20 79
14 15 25
14 21 40
15 16 4
15 22 80
16 17 6
16 23 66
17 18 19
17 24 63
18 19 22
18 25 43
19 20 14
19 26 56
20 27 44
21 22 15
21 28 69
22 23 9
22 29 51
23 24 2
23 30 72
24 25 2
24 31 76
25 26 8
25 32 82
26 27 2
26 33 82
27 34 62
28 29 3
28 35 72
29 30 11
29 36 70
30 31 6
30 37 46
31 32 4
31 38 56
32 33 8
32 39 45
33 34 18
33 40 46
34 41 79
35 36 5
35 42 66
36 37 13
36 43 77
37 38 17
37 44 81
38 39 7
38 45 68
39 40 8
39 46 75
40 41 16
40 47 65
41 48 64
42 43 5
43 44 8
44 45 4
45 46 0
46 47 18
47 48 14
12 355 142 311 312
302 312 105 78 411
181 359 102 202 94
36 154 242 335 232
79 220 77 266 416
301 267 136 339 32
341 103 223 322 15
294 225 27 258 272
266 269 394 130 324
275 214 145 86 145
245 137 189 264 296
287 365 399 317 288
223 371 412 65 402
326 83 270 170 386
113 364 357 48 61
227 5 132 176 49
52 413 306 122 106
383 321 145 297 237
187 330 347 6 256
38 159 380 58 411
120 257 139 246 66
131 387 159 166 300
51 361 223 353 292
111 5 205 131 8
31 300 170 155 366
394 263 382 271 417
189 173 341 301 79
216 192 245 20 419
30 163 10 107 59
54 29 375 3 373
341 15 129 211 389
303 8 326 255 301
315 296 399 145 60
170 278 112 95 77
150 361 160 345 280
151 401 390 132 111
214 401 323 14 120
413 224 161 313 315
31 96 8 416 189
109 23 381 282 205
37 258 120 345 13
414 124 306 353 170
56 291 265 378 4
328 400 33 86 358
37 160 265 233 187
64 285 250 399 132
106 37 38 290 414
255 308 108 370 271
393 254 173 102 277
213 162 308 387 388
155 95 151 289 411
145 354 204 82 131
5 299 270 117 235
2 79 310 164 135
306 344 42 70 372
306 174 150 1 342
362 240 348 312 187
385 313 302 204 251
134 81 254 14 79
97 295 369 391 393
94 414 403 410 73
17 25 48 24 268
137 89 313 102 315
242 355 84 381 80
307 0 144 167 328
94 226 67 60 318
295 92 159 113 21
117 190 206 43 54
211 8 353 132 54
279 166 329 3 261
297 384 365 24 285
379 335 349 27 64
108 252 414 160 356
101 175 238 120 298
402 122 99 213 336
50 39 111 33 52
212 79 405 228 193
84 416 263 399 177
144 216 333 53 133
415 143 205 284 237
324 263 292 84 238
26 44 1 285 159
186 26 324 277 373
163 87 99 43 0
