10
755
0.5
49
84
0.142649 0.324351
0.00731126 1.48652
0.495105 2.08253
0.292983 3.02021
0.307561 4.4369
0.151919 5.20783
0.404938 6.27444
1.48166 0.243502
1.19029 1.17427
1.12787 2.19954
1.37643 3.4064
1.28539 4.33475
1.33419 5.32439
1.30082 6.38323
2.12877 0.434784
2.25037 1.11712
2.12073 2.09579
2.23099 3.12007
2.12473 4.0633
2.14736 5.36508
2.08174 6.35888
3.29014 0.212487
3.25442 1.1936
3.41014 2.35016
3.48155 3.275
3.43076 4.40345
3.26496 5.34604
3.25382 6.13435
4.28339 0.213838
4.23292 1.13484
4.15263 2.23626
4.41838 3.03727
4.13995 4.38559
4.44259 5.48151
4.34135 6.06581
5.12581 0.309194
5.46102 1.44876
5.32486 2.36723
5.48461 3.00848
5.11924 4.09824
5.22254 5.23283
5.13059 6.06018
6.29395 0.170797
6.02531 1.09292
6.07326 2.33236
6.40775 3.47172
6.07014 4.29126
6.10452 5.42496
6.14318 6.4128
0 1 9
0 7 85
1 2 31
1 8 75
2 3 13
2 9 40
3 4 1
3 10 69
4 5 10
4 11 62
5 6 16
5 12 75
6 13 57
7 8 18
7 14 41
8 9 4
8 15 67
9 10 16
9 16 63
10 11 6
10 17 54
11 12 3
11 18 53
12 13 2
12 19 51
13 20 49
14 15 8
14 21 73
15 16 8
15 22 64
16 17 7
16 23 82
17 18 7
17 24 79
18 19 1
18 25 83
19 20 4
19 26 71
20 27 74
21 22 2
21 28 63
22 23 10
22 29 62
23 24 5
23 30 47
24 25 3
24 31 59
25 26 10
25 32 45
26 27 1
26 33 74
27 34 69
28 29 3
28 35 53
29 30 5
29 36 78
30 31 17
30 37 74
31 32 18
31 38 67
32 33 19
32 39 62
33 34 6
33 40 49
34 41 50
35 36 21
35 42 74
36 37 9
36 43 36
37 38 10
37 44 47
38 39 23
38 45 58
39 40 7
39 46 60
40 41 6
40 47 56
41 48 64
42 43 17
43 44 3
44 45 21
45 46 21
46 47 2
47 48 2
565 137 674 137 358 111 688 565 789 329
631 260 404 546 648 278 48 631 284 491
302 334 318 573 682 334 769 839 221 46
642 229 193 376 242 296 578 401 631 448
215 814 573 205 544 670 369 156 87 765
217 799 670 334 34 17 242 730 214 661
683 268 540 156 470 512 352 519 290 213
748 733 820 769 362 208 543 668 435 683
440 740 542 600 36 828 187 537 661 251
193 419 528 92 657 281 628 749 392 297
483 252 338 139 813 713 752 375 368 292
301 650 365 759 261 437 407 486 143 805
733 525 575 62 721 45 181 570 615 174
217 312 640 56 564 722 56 55 839 288
478 239 534 542 524 525 684 131 416 187
298 570 15 827 320 796 736 500 322 16
572 33 694 373 14 514 797 400 442 535
478 815 398 373 833 715 136 660 49 421
371 120 91 222 495 663 669 452 178 332
723 242 246 266 834 635 621 366 34 217
570 746 227 831 189 437 106 299 781 158
185 239 196 279 203 474 687 830 351 213
792 485 570 758 602 685 642 206 222 485
105 73 702 665 16 0 471 334 818 300
460 755 146 339 624 832 253 533 416 613
268 214 658 442 384 301 394 84 285 726
140 646 385 30 491 498 257 391 754 58
804 529 513 760 313 398 487 191 530 213
232 377 527 705 113 381 667 774 673 204
820 80 522 22 701 679 821 422 238 377
104 141 707 710 120 356 367 817 654 605
88 86 613 367 748 30 121 513 176 538
799 365 463 599 71 756 117 487 669 829
233 562 122 6 287 134 64 565 577 121
746 704 484 620 99 400 423 821 124 139
811 655 334 5 466 258 609 484 162 260
763 740 335 512 488 58 215 163 469 366
473 446 493 125 160 508 52 64 416 39
33 563 306 360 206 542 299 285 593 27
323 94 386 588 807 274 802 143 549 449
164 475 146 450 371 258 807 285 421 71
627 156 247 735 131 568 834 456 824 192
629 507 178 624 816 484 465 621 236 172
516 81 412 593 182 613 613 708 20 696
141 669 156 306 570 705 352 33 527 399
250 342 375 817 192 823 306 573 24 729
243 724 544 37 412 635 522 799 162 380
728 125 411 263 766 272 170 74 839 355
303 232 518 202 93 257 117 622 202 212
45 149 62 108 125 758 343 44 107 218
5 789 408 247 448 436 572 273 159 402
549 84 707 768 89 612 127 320 755 210
114 137 260 543 694 307 593 402 662 752
41 458 461 77 426 728 650 217 259 44
509 408 30 255 94 221 403 141 833 342
201 196 32 303 101 585 673 617 326 465
813 713 82 256 521 134 471 538 251 430
220 49 392 5 635 30 764 404 498 116
469 366 737 501 211 519 27 263 15 828
730 446 69 355 32 619 310 545 137 474
202 199 838 392 561 588 320 99 230 555
606 74 471 749 669 821 741 27 255 134
23 167 791 49 665 788 601 673 695 307
293 574 276 114 224 739 462 539 713 185
724 499 493 684 652 751 796 126 11 300
570 354 304 236 348 566 508 151 214 157
145 656 452 306 12 645 51 645 628 55
23 410 516 295 351 572 342 56 765 645
50 7 210 190 206 487 421 733 697 440
238 667 145 360 518 273 787 770 736 355
143 759 658 688 495 680 529 781 661 605
416 641 122 136 738 631 652 405 596 304
776 549 735 824 75 658 574 601 134 705
75 664 642 466 812 75 332 97 618 489
754 447 12 726 180 752 499 573 47 42
325 511 37 258 330 96 767 368 792 640
727 625 598 666 240 132 66 425 719 227
605 291 449 90 665 834 228 53 44 665
609 34 241 142 586 39 616 792 615 839
97 314 664 532 174 648 615 47 627 54
160 719 788 371 756 782 690 189 541 81
523 544 144 556 591 737 369 66 668 47
363 766 743 723 767 800 498 639 507 197
584 293 766 629 491 200 219 386 739 518
