10
1991
1
100
180
0.0187336 0.0103241
0.364304 1.3938
0.255262 2.47863
0.143241 3.44842
0.123908 4.2295
0.246974 5.41695
0.161469 6.33735
0.0586961 7.06947
0.332194 8.32881
0.499373 9.43007
1.48425 0.00371314
1.34545 1.37345
1.02987 2.15448
1.39786 3.4034
1.14401 4.16864
1.29882 5.48617
1.14888 6.36968
1.19295 7.45266
1.2605 8.07063
1.13803 9.17808
2.05275 0.179886
2.1889 1.12614
2.27164 2.01962
2.40296 3.09829
2.43991 4.43047
2.15563 5.49707
2.12815 6.45986
2.48833 7.43781
2.0388 8.41553
2.17857 9.20804
3.22215 0.23741
3.05536 1.11073
3.36018 2.48853
3.30705 3.2122
3.10303 4.32198
3.48385 5.27908
3.01268 6.06166
3.10604 7.16258
3.01003 8.25202
3.43172 9.08662
4.1774 0.247739
4.04975 1.19516
4.18583 2.16533
4.38738 3.27662
4.39042 4.44294
4.49531 5.20676
4.32597 6.22296
4.05002 7.23896
4.42956 8.15388
4.22219 9.11917
5.3188 0.292579
5.33028 1.37631
5.21732 2.4282
5.15583 3.40306
5.44305 4.03529
5.34259 5.30589
5.24284 6.3174
5.35425 7.31011
5.18432 8.11246
5.44704 9.36306
6.11851 0.240036
6.36517 1.03678
6.36223 2.22873
6.32586 3.15212
6.28356 4.06957
6.32188 5.1098
6.24771 6.07529
6.18614 7.29604
6.39412 8.34958
6.16233 9.02976
7.06142 0.195663
7.12943 1.34111
7.34395 2.29575
7.25042 3.06642
7.00832 4.31597
7.12531 5.34412
7.16095 6.34271
7.00506 7.46076
7.12347 8.0437
7.07753 9.32139
8.07405 0.136888
8.09492 1.26073
8.13982 2.45695
8.21672 3.23102
8.23878 4.30414
8.08832 5.45755
8.11904 6.06674
8.05235 7.12762
8.17592 8.15724
8.23968 9.30119
9.4145 0.27629
9.31902 1.07371
9.01835 2.44817
9.30786 3.00297
9.27935 4.23327
9.34916 5.41919
9.48341 6.01697
9.15629 7.10527
9.49096 8.20863
9.27001 9.33827
0 1 22
0 10 93
1 2 7
1 11 62
2 3 7
2 12 49
3 4 1
3 13 79
4 5 8
4 14 65
5 6 5
5 15 67
6 7 6
6 16 62
7 8 17
7 17 72
8 9 11
8 18 59
9 19 40
10 11 9
10 20 36
11 12 20
11 21 53
12 13 23
12 22 79
13 14 16
13 23 64
14 15 10
14 24 82
15 16 9
15 25 54
16 17 3
16 26 62
17 18 4
17 27 82
18 19 8
18 28 49
19 29 66
20 21 9
20 30 74
21 22 5
21 31 55
22 23 8
22 32 69
23 24 2
23 33 57
24 25 18
24 34 42
25 26 2
25 35 84
26 27 23
26 36 56
27 28 28
27 37 39
28 29 9
28 38 61
29 39 79
30 31 11
30 40 60
31 32 19
31 41 63
32 33 3
32 42 52
33 34 13
33 43 68
34 35 24
34 44 81
35 36 30
35 45 64
36 37 6
36 46 83
37 38 6
37 47 60
38 39 27
38 48 90
39 49 50
40 41 8
40 50 72
41 42 9
41 51 81
42 43 13
42 52 65
43 44 0
43 53 49
44 45 7
44 54 67
45 46 11
45 55 54
46 47 17
46 56 58
47 48 24
47 57 82
48 49 13
48 58 48
49 59 77
50 51 1
50 60 51
51 52 7
51 61 65
52 53 4
52 62 72
53 54 18
53 63 74
54 55 6
54 64 53
55 56 6
55 65 62
56 57 7
56 66 64
57 58 11
57 67 53
58 59 17
58 68 77
59 69 45
60 61 16
60 70 60
61 62 0
61 71 48
62 63 2
62 72 62
63 64 3
63 73 58
64 65 2
64 74 46
65 66 5
65 75 51
66 67 4
66 76 58
67 68 13
67 77 52
68 69 15
68 78 46
69 79 58
70 71 4
70 80 64
71 72 14
71 81 61
72 73 6
72 82 50
73 74 15
73 83 61
74 75 7
74 84 78
75 76 2
75 85 61
76 77 10
76 86 61
77 78 7
77 87 66
78 79 3
78 88 67
79 89 74
80 81 1
80 90 85
81 82 3
81 91 77
82 83 5
82 92 56
83 84 1
83 93 69
84 85 10
84 94 66
85 86 2
85 95 80
86 87 4
86 96 86
87 88 8
87 97 70
88 89 4
88 98 83
89 99 65
90 91 6
91 92 19
92 93 18
93 94 2
94 95 4
95 96 8
96 97 21
97 98 21
98 99 14
247 1449 536 1202 1716 746 688 352 619 914
831 1661 1534 1182 650 1753 899 1686 964 1113
878 1519 1338 213 559 231 449 349 262 1494
1475 679 878 1787 567 1048 1330 816 546 398
1458 87 494 481 265 1222 740 1106 795 88
1458 1158 1572 919 347 666 533 467 10 210
1100 212 513 493 1578 79 1038 1555 77 191
407 1567 399 657 1400 1541 677 919 1473 1320
1607 1612 1717 591 78 1635 764 901 937 1231
46 1744 885 1401 199 1074 0 1258 1200 605
581 647 73 1778 692 119 1729 129 369 209
1684 1522 179 517 412 86 457 615 31 673
1169 1637 1205 209 989 1539 1563 904 73 1542
125 1446 590 1041 775 1560 888 1710 953 318
653 225 82 42 1012 609 1036 62 401 1582
994 702 819 419 953 1504 445 1374 862 922
717 1687 819 809 213 253 1764 1111 1354 375
643 961 1692 1740 36 652 1055 305 800 246
530 1339 1204 212 199 1221 1637 1186 1107 1023
438 1128 1057 1575 429 1285 1674 823 240 612
159 1429 1277 139 406 1172 1421 619 656 1517
55 1327 1125 317 238 1431 299 686 59 1640
819 62 1442 630 1030 1091 422 53 844 1477
1083 286 1403 424 445 737 495 1740 1134 1394
1378 159 1066 1355 441 1603 1766 693 1159 133
1332 1103 1547 660 1063 1192 927 1423 651 1479
315 1071 962 912 1344 314 1501 142 948 841
1341 110 1522 1325 491 47 1325 1203 779 1437
830 965 850 403 477 999 646 1437 358 265
1484 1223 1473 1537 153 199 1617 674 774 277
1511 1546 40 444 652 1779 1751 675 547 1713
748 1527 51 62 1782 657 892 108 1457 143
1162 89 1141 537 177 1033 169 1190 1613 1688
1054 714 301 840 1033 799 909 979 1687 1449
676 1466 1046 1786 308 331 1379 690 1317 1739
1599 1255 404 1774 183 124 202 740 656 156
1520 947 1127 1672 914 33 1546 382 918 868
1526 1246 1044 1324 904 809 1676 1787 975 275
1645 1364 539 2 40 920 443 1554 1596 1452
529 739 1079 309 1271 1285 196 717 1231 1769
130 932 691 1678 859 1309 1258 1213 438 462
1219 438 877 629 349 679 921 1410 403 388
1632 905 1570 1714 1390 97 487 399 1373 255
746 857 1696 1014 1511 639 1106 1352 438 282
1066 570 1071 538 706 948 729 26 673 636
1728 1367 1252 653 1281 232 897 907 1604 1368
94 1280 386 1176 409 311 1729 492 1507 257
427 1142 1330 1555 1681 463 602 843 1598 1274
83 634 1572 33 1212 1663 1437 867 92 1106
1353 1682 865 1189 244 523 1091 1122 282 1037
300 1330 492 1718 1527 1498 497 1426 804 1521
430 1775 909 586 635 1076 1524 383 1075 439
59 283 1217 1744 1451 1464 964 1447 582 598
1627 42 923 1621 1767 11 1217 939 1708 501
156 76 650 239 1267 248 61 1292 1216 151
1269 668 1032 490 1572 1443 98 1107 528 175
1716 919 1405 294 5 1555 1243 874 613 1241
1519 915 985 528 677 51 457 886 1525 453
1422 85 1568 522 1353 1551 1435 101 1374 243
1766 510 539 435 384 1604 1009 1093 206 400
392 1644 361 1670 920 599 58 1453 771 442
1484 958 439 404 387 867 1482 42 1112 1717
728 1734 1112 1769 1556 960 235 375 913 47
1404 1411 15 949 828 584 1246 1427 860 1045
1151 1594 1798 462 1142 1448 1658 319 168 3
1368 739 512 783 1182 1639 1163 118 1054 495
1755 510 1385 508 1261 106 186 1369 599 271
980 1147 1620 151 806 1087 668 921 1084 717
368 796 753 592 681 74 1231 1732 330 1185
820 969 854 882 1639 1660 885 1342 184 899
30 641 1594 1494 224 818 241 1089 1790 117
594 84 999 1201 1661 945 1069 1154 1425 1380
477 1579 415 459 974 1557 263 4 615 1097
285 873 1395 1387 1324 382 1324 1027 1001 1686
1592 1796 152 821 1307 1294 1746 1451 362 74
1519 1068 476 982 648 1288 547 1175 1524 129
1662 836 856 867 985 458 849 1639 957 1036
1039 1773 254 164 936 1120 341 990 505 1651
5 1282 57 160 1546 258 1372 115 459 469
477 1258 302 300 1344 30 355 311 42 837
1221 379 1475 607 1449 573 1259 1563 594 1133
758 327 1375 305 235 483 31 903 1256 115
619 1567 203 1062 1750 36 66 960 776 142
153 657 1199 514 1191 699 1793 1154 1490 272
1766 55 20 1565 163 59 274 795 1491 940
788 1797 146 452 56 352 1557 149 1788 451
1060 1087 583 416 781 1632 866 1057 21 1579
509 780 455 282 334 499 58 1667 903 1745
1333 360 479 649 1791 614 1413 1294 419 1556
236 1363 680 112 1579 82 54 314 111 1677
1225 798 52 1527 1251 1024 882 23 320 1662
352 1636 1504 1066 1705 494 430 42 1761 1745
1085 571 1659 584 411 507 829 1759 1524 1275
1072 993 555 418 375 1649 241 874 1418 1757
1286 306 1449 798 562 929 1094 1267 1196 604
347 1487 1306 1425 1099 837 1607 1413 990 306
1055 1159 449 11 1645 894 329 149 1264 1438
1757 1035 1390 1173 1660 1443 12 237 536 1016
547 64 482 774 1103 1375 1113 1795 1044 1679
1514 1320 529 1654 1506 1226 81 167 513 622
863 590 1655 131 1244 1323 1229 881 1129 70
240 594 75 525 664 1075 510 1787 1552 127
1390 1088 217 792 457 1182 42 1523 296 844
1633 1525 389 86 1707 1384 1059 341 642 1125
1096 55 1376 1103 582 1226 1403 356 623 708
1286 1052 391 558 182 874 548 529 1490 1488
804 1215 492 129 1747 956 1511 131 1701 567
84 432 611 1401 501 1030 140 904 145 1524
1768 576 1376 1565 1253 742 1464 1382 763 994
399 1306 1243 1460 221 1718 750 1253 257 1507
1454 382 1077 1652 261 1625 258 348 38 1176
273 858 123 1030 656 449 1734 287 1042 1395
1363 1450 229 798 970 244 882 46 721 1367
1201 944 1383 1533 696 745 677 1224 1714 1736
1160 1761 1018 464 1273 1437 1461 1300 190 791
1500 339 828 554 379 452 1375 208 560 742
1178 646 1571 1711 816 1778 1479 277 681 1382
689 1687 989 1208 1298 950 568 491 1716 1085
378 22 284 1171 26 582 644 946 961 1275
231 1659 915 129 1 229 997 1400 1786 1285
1084 1361 242 1366 1438 321 216 1600 1435 1178
1489 292 1411 610 1313 1445 757 183 1499 614
893 941 460 100 1404 537 68 826 219 1098
364 918 1250 1784 1709 1693 576 1139 1520 91
1184 873 120 762 224 363 803 614 490 596
858 744 1501 683 1519 2 576 2 619 573
128 785 481 1247 854 919 823 1375 115 1631
1563 940 1491 360 1444 328 336 877 1373 221
455 322 573 849 1175 360 1118 1484 434 708
928 425 1714 235 890 807 351 285 1290 468
1631 925 1763 136 1275 1627 1560 624 1084 1532
839 79 1095 775 873 734 1566 1102 535 136
135 782 1615 152 1466 103 1760 56 537 1469
465 692 90 1330 473 1648 187 31 885 139
1221 1588 330 740 1499 823 790 508 729 1450
624 1767 621 287 1779 1606 431 497 1211 1268
503 1785 580 1143 1280 1081 135 1153 1621 556
743 197 598 1576 366 491 1562 144 1324 28
1196 1343 5 493 1160 1291 1185 565 1285 57
1583 701 153 586 1585 1669 1077 1303 1663 999
1093 33 1041 1710 1188 235 1318 1704 1579 1179
1716 961 512 477 704 657 498 973 1214 288
850 757 1600 762 1217 732 796 898 565 1705
1110 1174 887 573 843 422 1415 412 1221 417
1127 1642 1442 1677 1577 19 834 1373 1354 942
811 1590 848 1258 523 1357 1303 390 1766 238
49 1643 1334 283 1780 996 97 546 814 760
992 1401 501 305 1527 450 1231 529 722 1241
1463 1003 100 1661 1445 1121 1672 1728 538 721
247 1457 1187 685 563 246 487 900 965 1159
91 1355 512 1545 799 548 258 179 1687 867
949 1291 1526 1163 71 1445 803 700 150 1271
335 817 779 790 1025 1185 1297 1222 1340 318
492 385 1722 102 631 1042 1177 1376 994 994
1399 298 908 1050 1113 501 811 104 1474 1576
287 260 1269 453 1191 979 1222 333 587 441
748 183 1566 539 752 839 296 465 463 5
1143 1205 1672 1744 330 684 1326 385 1457 1609
1367 1021 1593 1617 1032 588 1662 1064 755 1409
672 849 1409 367 1772 422 1023 627 687 1567
1654 553 227 31 1698 171 268 1315 914 127
237 1008 618 700 688 1679 598 272 829 1279
1057 1337 955 1273 1769 195 1139 850 42 104
1381 118 455 825 645 1056 663 137 465 29
337 99 1758 1009 1494 659 865 693 1613 484
1007 748 904 948 1563 156 1140 157 872 155
1657 1685 157 1701 1143 367 1725 1739 462 1293
1601 18 1632 644 439 141 1513 615 617 1438
97 1071 1221 1250 1190 1253 1455 1773 1496 270
472 1680 72 435 1489 734 1168 743 1525 157
660 1561 596 720 124 162 293 610 1367 1143
1764 1086 1686 832 1531 1043 1078 1666 1477 1323
372 781 1344 761 822 870 416 1074 143 10
1691 1411 1149 1436 891 718 1266 1058 463 905
952 1640 1376 1231 1127 1026 1399 1194 1526 1336
1407 446 438 1712 567 873 1623 1734 477 1052
1768 1114 1557 528 1546 702 1785 298 875 1125
1428 1596 863 143 326 1140 1673 1020 454 1489
743 797 645 416 1326 1137 289 300 1191 1734
1511 1130 242 1162 1515 1505 1492 622 207 108
