5
851
1
25
40
0.440283 0.428535
0.373751 1.47537
0.0916047 2.11458
0.254766 3.09847
0.27976 4.1255
1.17977 0.0552677
1.4501 1.10806
1.14511 2.41165
1.39854 3.27016
1.18922 4.40472
2.12769 0.454561
2.3013 1.33149
2.42386 2.39881
2.46032 3.37185
2.44215 4.20489
3.24542 0.441682
3.2107 1.14523
3.27808 2.44153
3.04024 3.13331
3.03096 4.42728
4.24503 0.364987
4.14149 1.00236
4.26708 2.18476
4.31891 3.13354
4.15697 4.06194
0 1 4
0 5 47
1 2 18
1 6 68
2 3 10
2 7 67
3 4 2
3 8 72
4 9 58
5 6 17
5 10 60
6 7 19
6 11 54
7 8 16
7 12 81
8 9 13
8 13 67
9 14 79
10 11 11
10 15 71
11 12 8
11 16 58
12 13 2
12 17 54
13 14 1
13 18 37
14 19 37
15 16 2
15 20 63
16 17 4
16 21 59
17 18 15
17 22 63
18 19 1
18 23 81
19 24 71
20 21 7
21 22 8
22 23 3
23 24 10
152 86 108 192 83
192 179 32 122 42
7 176 55 48 75
82 102 198 58 120
20 110 131 185 82
1 168 40 85 34
50 56 171 29 80
33 159 21 199 70
144 111 18 62 42
47 7 18 110 58
21 65 101 131 114
132 98 153 166 136
187 67 171 54 159
168 189 191 175 136
161 63 56 137 153
97 47 72 12 58
192 23 107 13 179
9 108 30 118 60
53 58 34 73 91
190 46 94 52 75
142 99 12 93 100
93 184 177 116 131
184 120 105 55 182
72 113 162 67 47
95 151 71 32 119
121 102 115 125 145
122 190 153 196 0
135 127 62 163 135
93 103 187 30 107
141 134 117 58 29
46 154 43 147 100
50 155 51 131 149
7 173 146 107 88
99 115 168 134 155
85 30 40 177 159
62 74 155 18 136
52 144 84 41 168
85 113 29 67 43
53 99 22 155 129
109 114 110 97 140
