10
1480
0.5
100
140
0.197722 0.283776
0.177157 1.36606
0.471382 2.04081
0.105452 3.43141
0.463238 4.42133
0.296119 5.29419
0.240546 6.4563
0.471187 7.38142
0.0478181 8.09053
0.312985 9.20613
1.4012 0.458048
1.12299 1.21819
1.36242 2.23283
1.49218 3.48766
1.32382 4.41082
1.21368 5.05082
1.40464 6.08026
1.13808 7.10471
1.21869 8.0969
1.2564 9.26858
2.09755 0.277819
2.05706 1.07958
2.30011 2.3859
2.1875 3.04033
2.03892 4.24278
2.22138 5.19546
2.03376 6.0061
2.43342 7.01418
2.43045 8.32015
2.10734 9.28489
3.21984 0.111196
3.40376 1.28472
3.07147 2.43988
3.26716 3.47498
3.29293 4.39065
3.36104 5.42302
3.45714 6.04783
3.47972 7.10105
3.31508 8.34537
3.44064 9.29505
4.38729 0.373442
4.03604 1.40477
4.2169 2.35059
4.20115 3.00625
4.44971 4.18198
4.3569 5.22138
4.35505 6.1155
4.08503 7.24166
4.05396 8.41704
4.42888 9.28186
5.38465 0.472721
5.48086 1.41358
5.49082 2.21412
5.44164 3.28386
5.11897 4.01696
5.13365 5.36612
5.49936 6.42956
5.17025 7.04825
5.05414 8.1635
5.04058 9.2772
6.20138 0.223067
6.1183 1.03895
6.10426 2.33822
6.27689 3.32176
6.23526 4.2542
6.27906 5.47926
6.35368 6.19746
6.45187 7.48727
6.22312 8.09228
6.10538 9.23389
7.42242 0.241176
7.27603 1.00447
7.33247 2.04014
7.48305 3.37227
7.44425 4.38306
7.02556 5.35464
7.17526 6.11562
7.14625 7.26412
7.20946 8.09359
7.49947 9.02138
8.39438 0.393227
8.49161 1.44756
8.35085 2.00659
8.2774 3.17194
8.20984 4.14925
8.19676 5.18173
8.28918 6.32127
8.12848 7.08966
8.44442 8.45956
8.09194 9.10614
9.03658 0.250374
9.05722 1.38208
9.05027 2.36743
9.35158 3.02729
9.49706 4.24583
9.39867 5.08137
9.04169 6.49704
9.39767 7.11008
9.22419 8.29648
9.05938 9.02358
0 1 1
1 2 19
1 11 60
2 3 23
2 12 56
3 13 88
4 5 11
4 14 54
5 6 4
5 15 58
7 8 27
8 9 17
8 18 74
10 11 18
10 20 44
11 12 15
11 21 59
12 13 8
12 22 59
13 23 44
14 15 7
14 24 45
15 16 12
15 25 64
16 17 17
16 26 40
17 18 5
18 19 2
18 28 77
19 29 54
20 21 3
20 30 71
21 22 15
21 31 85
22 32 49
23 24 9
23 33 68
24 34 79
25 26 12
25 35 72
26 27 25
27 28 0
27 37 66
28 38 56
30 31 12
30 40 74
31 32 21
31 41 40
32 42 72
33 34 2
33 43 59
34 35 4
35 36 6
36 37 1
36 46 57
37 38 10
37 47 38
38 39 8
38 48 47
40 50 63
41 42 11
41 51 91
42 43 1
42 52 81
43 44 16
43 53 78
44 45 6
44 54 42
45 55 49
46 47 17
46 56 72
47 48 2
47 57 69
48 49 24
48 58 63
50 51 6
51 52 1
51 61 40
52 53 3
52 62 39
53 54 20
53 63 53
54 55 1
55 65 72
56 57 21
56 66 54
57 58 7
57 67 81
58 59 1
58 68 74
59 69 67
60 61 5
60 70 77
61 62 1
61 71 73
62 63 11
62 72 78
63 64 3
64 65 3
64 74 76
66 67 6
66 76 52
67 68 14
67 77 44
68 69 7
70 71 9
71 72 4
71 81 77
72 82 64
73 74 2
73 83 50
74 75 26
74 84 48
75 76 9
75 85 74
76 77 2
76 86 70
77 78 4
77 87 62
78 88 78
79 89 37
80 81 6
81 82 9
81 91 36
82 92 44
83 84 4
83 93 68
84 85 1
85 86 6
85 95 76
86 87 10
86 96 48
87 88 20
87 97 80
88 89 22
88 98 49
90 91 1
92 93 19
93 94 9
98 99 10
376 1123 195 436 490 1280 802 549 454 150
61 774 1398 925 1340 522 206 1342 940 293
507 412 641 1252 466 262 120 683 85 911
444 395 1164 1149 663 124 816 931 1066 1286
800 622 1193 411 419 161 352 529 576 53
465 1171 523 337 996 221 203 131 1211 678
859 648 1189 165 50 909 1132 290 519 132
764 185 1279 699 103 1209 27 193 841 159
712 1258 159 929 587 143 394 774 228 626
490 610 474 63 384 1226 1073 809 316 1173
418 704 601 174 751 1210 500 1257 1252 680
638 1132 948 561 394 260 496 88 230 298
1279 310 442 687 679 785 1007 348 1009 661
130 307 670 1327 580 110 306 183 1218 203
803 1298 1322 159 741 232 1224 526 1013 70
1286 490 587 763 399 877 847 499 1047 403
715 285 1184 143 941 136 931 342 1051 998
196 1191 605 966 1165 1077 652 635 290 411
1171 997 99 652 1220 1134 1254 626 940 868
19 449 1117 390 624 972 575 342 667 334
123 837 1325 687 804 996 604 707 843 1375
1104 91 1073 867 681 766 388 1015 1237 1052
1376 1037 226 673 1359 1108 1108 183 1221 602
584 378 1090 1018 922 433 648 1232 1138 185
347 632 436 967 699 236 815 852 626 913
336 1020 580 274 601 1391 28 493 1097 378
597 573 422 1085 345 854 595 736 1219 1220
1242 50 1177 1099 638 988 528 173 739 1264
579 1206 1326 439 680 794 1061 455 625 1258
1127 813 557 1338 442 376 247 1172 13 1162
1095 964 1384 1066 704 398 1251 991 1121 1199
917 822 1188 23 464 1153 129 1244 862 475
1279 1093 326 1231 649 839 1317 722 488 632
136 984 1118 1002 1390 1129 1262 357 1009 820
1042 643 1373 1148 212 567 1389 721 289 385
1203 377 653 797 814 826 1035 600 1396 1156
504 81 845 524 980 401 194 599 1212 664
871 977 895 320 511 98 53 462 472 399
220 646 1162 452 1383 395 187 67 117 735
1212 379 891 584 1027 917 909 345 1023 789
1144 386 149 252 1110 1232 1281 1373 869 106
478 24 865 143 1082 1006 452 280 642 1025
1166 1008 822 1096 837 1175 514 1341 60 904
1379 1036 97 1294 1176 1319 63 885 385 324
770 790 346 115 1223 221 60 174 879 320
231 818 192 52 71 201 312 878 864 425
108 60 1091 948 203 1307 836 530 1062 1220
1156 1133 972 547 1383 309 567 290 451 578
157 407 877 1318 658 50 1225 126 734 490
918 608 1300 1381 1124 1066 1280 647 1275 1039
604 368 826 64 13 996 777 522 94 1305
4 956 904 847 1276 1277 1118 1282 637 531
1017 77 357 475 1340 316 48 721 724 380
82 614 432 1144 930 1239 259 1088 748 334
859 850 888 508 651 190 339 98 817 1336
930 1316 1190 152 182 379 969 885 537 579
580 317 509 96 1005 659 68 1335 1314 347
229 137 657 319 813 97 582 1220 796 1186
834 454 986 716 179 1070 1054 282 683 1079
869 275 1272 1114 972 751 1395 351 772 979
410 962 632 301 1024 946 461 258 313 577
572 97 739 958 56 785 710 849 150 557
540 1300 266 1301 1179 526 25 1053 1001 820
158 761 605 1235 882 517 1281 339 140 1359
971 60 58 1275 992 772 34 355 1127 362
1399 953 685 732 907 1227 559 74 646 986
1294 246 63 377 254 731 1119 1136 755 1039
479 694 896 402 423 260 1255 203 1181 73
890 863 532 1273 396 32 105 648 1148 795
637 1146 1389 130 915 571 628 914 806 265
1099 285 854 362 1296 169 993 1223 156 220
598 1208 289 890 1216 492 945 1034 1102 1211
359 455 417 498 412 1182 1170 416 1113 874
1337 1182 1111 898 77 1064 171 1377 470 517
210 142 297 754 471 175 590 692 1337 1396
1366 350 1034 1315 658 1233 1017 1030 122 405
927 759 11 1237 299 385 1122 870 905 94
922 556 894 621 838 340 414 1191 270 871
796 989 527 530 318 565 537 205 896 1371
1165 706 617 803 542 1085 73 775 576 508
377 1162 89 898 1010 476 485 1128 60 251
383 703 990 840 1379 865 65 979 886 882
602 495 1313 1349 1251 1225 552 642 744 814
77 1191 1228 938 930 1291 1150 1151 555 815
1151 1366 967 54 518 525 1076 809 821 1159
948 655 544 714 1341 222 500 1019 933 199
315 841 1032 622 834 588 1295 1113 1126 645
206 601 136 172 223 124 43 983 1063 1180
849 376 506 571 1309 1389 1196 33 1071 200
1092 580 299 1016 582 1253 536 1232 486 1227
970 995 1193 668 326 686 598 1035 563 1340
1339 1135 1026 910 1206 1201 466 196 852 1304
479 80 1130 961 389 207 631 360 804 279
230 739 1052 1146 637 1194 762 1047 649 217
568 374 1160 153 752 1341 1308 434 123 326
981 756 937 450 126 607 1357 1248 1200 285
86 795 919 319 1064 976 646 12 1388 1133
981 536 476 1081 1130 1362 1324 1065 1141 943
675 535 970 588 1074 1364 753 938 616 437
958 1158 494 909 864 99 580 853 1354 1317
1349 1135 676 952 1230 1194 648 1323 902 877
651 390 302 584 973 827 38 1013 870 488
766 780 237 1294 1387 304 1327 346 726 227
40 43 756 1135 306 465 55 1022 1019 218
1001 1041 1329 532 231 532 179 102 1215 389
683 47 220 689 733 682 1154 1367 1357 1042
1143 783 1262 1216 494 706 360 179 382 191
835 543 535 667 868 280 481 1378 531 807
78 1203 618 84 1055 722 920 615 557 388
857 326 219 940 87 18 791 933 1132 542
939 777 219 86 116 710 716 751 684 402
10 105 891 271 1120 285 758 251 535 1399
223 1384 439 527 171 535 1044 371 664 1213
1274 46 360 333 295 722 356 798 812 1274
1046 39 536 1003 514 276 791 257 1356 683
628 1206 1108 1094 561 1081 569 1301 388 1319
1332 923 147 1036 486 440 857 309 45 802
411 1119 1048 1065 1105 943 98 564 777 748
1210 798 777 204 1037 7 296 887 565 691
593 151 59 1304 235 105 1036 212 867 1064
700 1350 710 560 623 196 88 479 901 558
1290 911 997 855 658 553 86 1364 1243 488
1101 109 303 1381 1233 348 172 512 665 763
1145 15 951 1213 519 1207 1272 968 982 456
1309 663 569 211 969 962 1067 771 1141 1260
1380 322 1340 165 133 1024 163 231 128 1065
122 533 434 575 821 92 1096 238 113 1265
356 851 385 404 887 1381 792 474 186 171
626 456 1384 200 56 421 112 1014 398 1050
184 1030 145 304 224 688 739 292 862 779
803 836 545 304 81 301 479 607 1165 1361
339 1107 1297 1128 1116 478 1212 706 604 518
719 1311 1118 148 438 1305 955 1198 1118 106
955 1322 1107 1131 280 526 400 32 546 1231
677 295 294 708 1041 1378 997 432 1183 870
612 928 611 112 1253 308 881 1055 160 295
803 655 1262 877 49 652 963 144 163 871
1140 1086 339 616 380 1147 895 253 1254 1284
50 876 901 1386 52 571 1059 1019 1386 377
1062 4 1044 1128 1331 400 148 461 1135 91
