5
1853
1
49
66
0.172184 0.475935
0.340718 1.05458
0.38262 2.46697
0.315837 3.25797
0.179254 4.4662
0.214641 5.00847
0.0727515 6.45256
1.39756 0.128736
1.1608 1.13544
1.07963 2.06707
1.2051 3.00387
1.24865 4.26599
1.14961 5.46588
1.30026 6.35413
2.22616 0.456692
2.30969 1.03479
2.32374 2.44513
2.0336 3.20974
2.14287 4.37841
2.10155 5.47216
2.09753 6.3105
3.36208 0.120584
3.09128 1.13151
3.08137 2.38241
3.03997 3.11745
3.30119 4.15225
3.24613 5.01466
3.11045 6.3743
4.18049 0.327787
4.44612 1.24255
4.31197 2.10586
4.25531 3.47449
4.01003 4.40393
4.35017 5.10256
4.37211 6.37167
5.28509 0.0395052
5.2775 1.28667
5.1804 2.16346
5.42302 3.38833
5.08442 4.17855
5.31226 5.24961
5.41877 6.38997
6.41564 0.226435
6.15875 1.10464
6.11458 2.49762
6.26041 3.23703
6.38404 4.06312
6.17903 5.23268
6.07219 6.46443
0 1 11
0 7 77
1 2 3
1 8 52
2 9 44
3 10 56
4 5 2
4 11 68
5 6 9
5 12 59
6 13 78
7 8 15
8 9 5
8 15 73
9 10 8
9 16 79
10 11 3
11 12 6
11 18 57
12 13 10
12 19 60
13 20 50
14 15 5
15 16 1
15 22 49
16 23 48
17 24 64
18 19 3
19 20 0
19 26 72
20 27 64
21 22 17
21 28 52
22 23 1
22 29 86
23 24 3
23 30 78
24 31 77
25 26 3
25 32 45
28 29 17
28 35 70
29 30 8
30 31 4
30 37 55
31 32 16
31 38 74
32 33 22
33 34 1
33 40 61
34 41 66
35 36 0
35 42 72
36 43 56
37 38 15
37 44 59
38 39 21
39 40 14
39 46 82
40 41 7
40 47 55
42 43 16
43 44 3
44 45 9
46 47 13
47 48 7
30 21 220 158 277
153 171 164 31 296
224 133 190 259 184
200 190 286 235 190
243 140 140 8 103
281 259 228 85 100
224 280 9 284 168
233 298 310 26 55
221 76 135 218 47
251 280 93 35 1
127 132 53 283 81
180 176 221 147 272
327 49 171 192 80
295 190 262 50 258
34 95 140 253 289
171 102 12 273 50
197 167 49 109 141
181 57 182 89 274
236 155 151 271 131
172 258 95 245 267
261 253 35 44 43
145 279 310 42 130
34 244 63 104 236
160 235 203 99 257
73 190 146 117 26
202 263 112 228 68
60 329 71 203 35
318 301 305 54 25
228 122 259 76 126
305 80 231 256 275
98 315 251 246 75
195 144 139 228 189
196 290 128 199 182
30 64 32 134 306
316 66 324 48 15
265 0 223 69 222
105 239 87 40 162
113 127 156 64 40
109 152 175 27 117
285 319 134 144 117
104 93 83 8 184
280 117 9 188 288
142 220 91 318 5
163 179 274 142 314
213 205 289 85 74
196 135 196 238 162
296 176 77 19 328
52 328 255 262 14
205 55 53 166 37
190 154 251 80 299
24 234 230 216 103
88 265 285 268 61
26 238 185 227 304
85 137 189 234 3
255 164 65 170 107
124 225 173 319 76
215 183 290 14 283
124 103 51 155 94
287 266 292 92 98
22 125 28 48 166
53 29 32 42 121
146 288 82 138 327
178 56 321 267 104
76 153 87 244 132
321 38 80 226 64
145 171 182 238 164
