10
1077
0.5
100
99
0.480209 0.23908
0.359273 1.0451
0.360211 2.49425
0.131332 3.13276
0.300698 4.36784
0.131508 5.26655
0.360953 6.22361
0.464662 7.08504
0.182149 8.13669
0.267752 9.19765
1.33261 0.456029
1.24892 1.06006
1.3202 2.45822
1.16143 3.14876
1.07229 4.37847
1.06581 5.06875
1.26074 6.03568
1.20218 7.3882
1.26718 8.24289
1.16507 9.29234
2.29945 0.113718
2.12845 1.33436
2.46145 2.11353
2.46602 3.04397
2.08709 4.35385
2.09917 5.40059
2.18231 6.4202
2.06718 7.31578
2.28217 8.25374
2.02351 9.07641
3.45757 0.289981
3.11656 1.32429
3.34062 2.34568
3.28594 3.01907
3.08166 4.13923
3.38139 5.23673
3.46023 6.22643
3.12725 7.05708
3.13212 8.38027
3.23695 9.2372
4.34756 0.457613
4.34067 1.09768
4.24118 2.37376
4.47245 3.46103
4.11362 4.3085
4.0298 5.23983
4.32222 6.03641
4.15612 7.24092
4.30872 8.24766
4.19568 9.04686
5.33362 0.492809
5.02706 1.28665
5.33973 2.36102
5.06647 3.28309
5.0735 4.30035
5.04503 5.0227
5.19496 6.48308
5.10784 7.43681
5.18054 8.39841
5.20541 9.26782
6.19304 0.355617
6.04384 1.33795
6.24334 2.03339
6.46601 3.38244
6.23593 4.23893
6.39502 5.44479
6.19911 6.14978
6.15501 7.33133
6.0506 8.25237
6.14267 9.29212
7.1571 0.359803
7.28764 1.39135
7.12099 2.00387
7.31746 3.49483
7.22059 4.45306
7.47537 5.47636
7.18106 6.20211
7.35737 7.12765
7.40652 8.3783
7.32156 9.28181
8.23823 0.157428
8.0145 1.13473
8.40772 2.17881
8.41352 3.45321
8.10935 4.39723
8.00105 5.39905
8.30774 6.28071
8.37754 7.31228
8.44433 8.04022
8.46104 9.45216
9.48501 0.484045
9.16239 1.20578
9.08824 2.3516
9.18712 3.3004
9.24447 4.32591
9.35158 5.27482
9.49223 6.159
9.08395 7.07772
9.26014 8.21192
9.01979 9.4033
0 1 8
1 2 0
1 11 56
2 3 14
2 12 61
4 5 11
4 14 49
5 6 15
5 15 59
7 8 18
7 17 47
8 9 5
10 11 5
10 20 61
12 13 10
13 14 6
13 23 83
15 16 12
15 25 65
16 17 4
16 26 58
18 19 6
18 28 64
19 29 54
20 21 11
20 30 73
21 22 21
23 24 24
25 35 81
26 27 7
29 39 77
30 31 22
31 32 14
31 41 77
32 33 3
34 44 65
35 36 5
36 46 55
37 38 0
38 48 74
39 49 61
40 41 0
40 50 62
41 42 6
43 53 38
44 45 5
44 54 61
46 56 55
47 57 60
48 49 7
49 59 64
50 51 19
50 60 54
52 53 17
53 54 0
54 55 2
54 64 74
55 56 9
56 66 64
57 67 66
58 59 2
59 69 59
60 61 9
60 70 61
62 63 14
62 72 56
63 64 15
64 74 62
65 75 68
66 67 3
67 77 76
68 69 6
69 79 75
70 80 68
71 72 11
72 73 12
73 83 69
75 76 19
76 86 71
77 87 65
78 79 5
78 88 66
79 89 72
80 90 79
81 82 25
82 92 43
83 84 19
83 93 49
85 86 19
85 95 85
86 87 4
87 97 45
88 98 52
89 99 35
90 91 20
91 92 5
93 94 4
96 97 26
97 98 11
518 857 898 707 274 812 423 633 151 839
148 882 269 948 553 756 166 165 213 717
938 565 763 534 94 536 646 668 159 450
526 232 982 33 141 0 761 420 962 220
455 345 906 925 134 669 65 439 369 341
935 713 899 383 356 872 825 963 798 250
532 881 955 242 37 490 847 505 929 421
108 738 313 459 588 684 90 686 39 850
893 270 368 809 421 892 659 423 197 748
723 616 364 725 649 385 125 353 416 410
799 665 969 843 656 949 697 857 925 230
507 266 901 252 488 161 917 688 191 219
38 851 240 259 394 790 571 956 788 632
949 920 614 379 640 276 516 166 247 592
70 755 869 152 711 183 102 743 630 824
778 289 751 624 712 839 607 837 26 459
695 980 658 924 634 609 25 21 24 62
711 59 607 603 366 730 185 528 209 547
69 783 342 764 137 488 149 946 187 425
167 693 415 684 783 719 885 214 197 242
539 839 226 689 136 604 975 607 819 681
446 945 350 60 675 184 686 614 710 714
860 89 288 677 323 802 753 611 423 289
552 9 601 123 450 214 647 431 849 896
823 988 273 389 863 290 863 720 570 122
382 964 552 241 970 143 731 882 426 851
580 421 903 178 198 258 174 988 103 602
245 23 131 980 565 87 847 782 939 297
556 103 870 927 313 167 603 907 182 705
34 74 273 2 959 938 341 428 578 360
322 799 927 832 476 327 551 96 798 70
593 211 232 522 87 77 774 267 686 979
92 833 881 496 749 750 59 749 275 808
594 616 121 661 847 388 445 642 348 612
799 663 970 402 856 581 214 148 921 736
398 412 655 140 578 377 841 547 567 218
320 621 785 714 38 914 800 375 26 14
433 105 852 355 417 882 792 958 96 321
5 909 230 808 191 249 429 758 838 262
24 384 219 325 353 222 649 167 904 235
110 968 539 671 721 150 695 685 110 49
146 749 713 255 675 763 929 963 61 502
184 590 358 292 185 619 881 421 416 499
731 73 426 940 743 768 345 895 814 617
6 918 307 230 314 688 122 697 310 813
561 379 453 27 309 75 521 897 231 151
586 676 133 927 194 723 94 374 420 355
779 686 567 128 45 690 121 644 513 979
934 681 254 403 500 217 659 951 549 81
890 579 214 172 745 934 376 861 213 328
525 697 326 252 330 834 130 971 144 849
932 612 146 31 666 701 964 296 377 810
172 671 395 200 299 351 568 604 745 612
589 818 148 525 898 183 854 1 529 632
415 345 430 512 739 50 762 373 800 85
213 30 652 629 68 506 478 422 433 556
847 367 427 551 26 429 511 899 918 171
604 932 568 789 303 415 606 475 586 726
630 715 151 518 959 259 118 911 16 130
871 371 665 45 115 354 60 568 559 880
485 738 554 46 160 117 63 133 781 405
727 352 873 967 423 947 291 782 333 818
586 187 768 77 713 790 96 535 207 640
868 709 302 316 983 130 949 292 634 983
625 35 805 537 752 113 124 544 900 771
163 367 482 690 584 620 284 207 213 819
807 173 653 795 732 883 383 735 834 439
967 864 46 800 361 602 895 98 155 858
329 35 969 690 309 586 807 651 493 816
90 37 407 901 574 380 576 892 767 989
698 564 167 473 28 676 148 522 128 334
436 166 147 14 811 292 584 766 727 754
734 594 382 313 910 662 644 377 612 974
303 771 110 694 206 353 9 0 350 535
492 59 28 216 384 261 38 627 673 602
127 505 765 329 86 865 426 924 341 83
703 440 914 182 298 706 555 410 423 415
545 571 603 981 484 902 497 455 862 553
805 439 587 309 2 916 612 924 656 372
197 508 529 121 941 566 717 30 800 631
676 735 83 837 783 292 702 138 730 868
17 627 706 253 298 536 564 384 964 241
826 42 878 786 841 799 348 427 82 181
943 57 627 104 939 933 328 73 438 697
164 67 318 760 217 841 2 705 56 112
592 585 383 551 335 283 688 188 82 344
700 509 159 809 934 509 310 708 315 95
331 949 125 489 577 477 82 847 938 358
151 710 225 570 300 419 177 675 967 801
504 435 77 53 762 906 478 443 831 816
376 926 43 451 946 123 538 106 744 581
103 164 679 833 853 759 458 968 378 247
648 750 656 385 932 221 550 841 41 168
67 139 750 120 679 364 513 838 68 919
385 465 510 742 408 242 98 885 647 954
578 613 980 875 258 417 229 803 120 6
488 500 286 169 935 223 343 845 110 354
451 672 936 758 95 587 822 180 102 387
136 371 673 674 134 41 305 812 133 222
