10
1664
0.5
100
180
0.145369 0.134674
0.174511 1.31202
0.0318049 2.35647
0.384624 3.4717
0.352857 4.00265
0.408193 5.29422
0.463056 6.02928
0.226017 7.1563
0.0822239 8.10674
0.11024 9.13365
1.42626 0.452422
1.13876 1.26656
1.07771 2.09446
1.13267 3.26182
1.41655 4.15372
1.1727 5.27049
1.44437 6.2503
1.27417 7.03997
1.45129 8.12727
1.20735 9.28359
2.16168 0.312087
2.13498 1.48276
2.0789 2.1121
2.4158 3.05634
2.12422 4.05788
2.14065 5.00587
2.26165 6.43798
2.11892 7.2451
2.3027 8.10581
2.40925 9.07064
3.17569 0.484684
3.41706 1.06693
3.37295 2.3808
3.1093 3.36253
3.39378 4.1314
3.14019 5.03538
3.08961 6.05356
3.00824 7.09675
3.03036 8.06001
3.3991 9.14262
4.17971 0.198319
4.3385 1.47328
4.03015 2.46111
4.17559 3.00612
4.21495 4.01709
4.33809 5.20777
4.03571 6.21806
4.4088 7.00247
4.26341 8.19073
4.07283 9.0262
5.03411 0.270295
5.08105 1.23632
5.18147 2.20711
5.48195 3.06028
5.45706 4.22461
5.34086 5.47031
5.33533 6.25455
5.43634 7.39466
5.45285 8.26961
5.44326 9.01507
6.48379 0.422397
6.45677 1.48408
6.34679 2.47387
6.36359 3.14853
6.00503 4.47935
6.21417 5.31066
6.04857 6.08365
6.36316 7.18545
6.42125 8.14307
6.29819 9.04979
7.2984 0.361019
7.46154 1.08144
7.31003 2.42498
7.10977 3.4614
7.2826 4.42061
7.05516 5.44496
7.32694 6.29679
7.22732 7.2904
7.02948 8.06364
7.14502 9.4138
8.44767 0.406547
8.24282 1.40011
8.11157 2.33966
8.48168 3.19998
8.22936 4.27787
8.38648 5.18899
8.36517 6.30277
8.00949 7.2635
8.25174 8.36679
8.3313 9.24747
9.29314 0.440653
9.30019 1.29782
9.01871 2.44412
9.44822 3.16204
9.21341 4.27929
9.28355 5.21351
9.39966 6.24058
9.48493 7.00072
9.48196 8.20104
9.33562 9.47791
0 1 2
0 10 81
1 2 9
1 11 61
2 3 22
2 12 66
3 4 2
3 13 47
4 5 3
4 14 67
5 6 3
5 15 48
6 7 15
6 16 62
7 8 9
7 17 66
8 9 2
8 18 87
9 19 69
10 11 18
10 20 47
11 12 4
11 21 63
12 13 3
12 22 63
13 14 18
13 23 81
14 15 15
14 24 45
15 16 17
15 25 61
16 17 11
16 26 52
17 18 11
17 27 53
18 19 15
18 28 54
19 29 76
20 21 2
20 30 64
21 22 4
21 31 81
22 23 21
22 32 82
23 24 18
23 33 44
24 25 1
24 34 80
25 26 8
25 35 63
26 27 9
26 36 52
27 28 12
27 37 56
28 29 7
28 38 46
29 39 63
30 31 15
30 40 63
31 32 3
31 41 58
32 33 17
32 42 42
33 34 18
33 43 67
34 35 16
34 44 52
35 36 3
35 45 76
36 37 5
36 46 60
37 38 1
37 47 89
38 39 23
38 48 78
39 49 43
40 41 10
40 50 54
41 42 20
41 51 47
42 43 9
42 52 73
43 44 2
43 53 83
44 45 8
44 54 79
45 46 19
45 55 63
46 47 24
46 56 82
47 48 9
47 57 65
48 49 12
48 58 75
49 59 87
50 51 3
50 60 92
51 52 6
51 61 87
52 53 19
52 62 74
53 54 2
53 63 56
54 55 7
54 64 35
55 56 0
55 65 55
56 57 6
56 66 45
57 58 1
57 67 59
58 59 1
58 68 61
59 69 54
60 61 2
60 70 52
61 62 7
61 71 64
62 63 1
62 72 61
63 64 23
63 73 47
64 65 13
64 74 81
65 66 10
65 75 53
66 67 20
66 76 81
67 68 4
67 77 55
68 69 8
68 78 38
69 79 54
70 71 10
70 80 73
71 72 10
71 81 49
72 73 13
72 82 51
73 74 11
73 83 87
74 75 14
74 84 60
75 76 17
75 85 84
76 77 6
76 86 66
77 78 13
77 87 49
78 79 7
78 88 77
79 89 75
80 81 13
80 90 53
81 82 8
81 91 67
82 83 23
82 92 57
83 84 16
83 93 61
84 85 10
84 94 62
85 86 1
85 95 57
86 87 22
86 96 65
87 88 15
87 97 93
88 89 5
88 98 78
89 99 64
90 91 0
91 92 18
92 93 27
93 94 15
94 95 4
95 96 7
96 97 5
97 98 0
98 99 9
524 211 1420 1383 1243 34 1208 353 1121 227
791 1426 35 455 1022 787 1110 221 969 1510
1008 468 117 1573 475 901 1489 1652 601 1095
1767 26 377 110 963 1220 609 1619 1777 312
829 783 1394 501 366 689 880 1477 1055 393
1191 84 1381 1473 624 201 144 606 318 198
972 1477 1005 1054 1008 1428 329 1128 402 1008
637 876 1524 1299 760 1502 1499 891 1448 1480
601 720 1151 100 1562 448 102 1757 892 1691
641 1152 639 1246 880 308 951 79 369 1366
1409 1224 1299 1191 1415 479 1531 1724 845 263
1438 433 1265 1612 143 541 593 1019 522 1420
147 1331 1791 1583 770 1422 924 671 628 786
247 1163 1574 69 596 1283 1102 1437 1551 750
538 1062 744 930 1113 315 362 602 1465 1796
1120 1002 155 1627 1329 1092 223 196 1607 1413
1018 171 608 434 74 1594 183 584 359 112
1017 1503 105 440 1402 847 948 1094 1096 995
586 429 1512 1265 1407 759 1486 654 1334 461
172 1363 601 132 779 993 517 1471 1013 1158
1074 1544 1212 1230 460 1134 1048 1765 79 184
278 817 393 963 367 393 1221 237 352 766
990 42 109 506 1000 48 1013 985 1379 446
521 349 563 1760 347 774 492 1441 529 421
1086 1322 1118 154 795 1533 358 1078 263 1738
1592 171 18 838 289 160 1658 1256 1468 1178
249 662 293 333 1116 104 16 217 29 1080
550 1002 179 1281 939 427 503 998 890 704
504 1740 1050 13 427 1228 50 1365 1460 1424
1502 7 1300 1273 382 812 758 1323 1621 1670
427 1041 462 565 946 247 683 1307 1508 1635
786 12 1178 970 1023 306 651 672 1793 117
1232 651 1133 1058 1198 1230 1124 376 1377 960
663 790 1161 1226 844 890 1559 475 1028 480
337 26 1591 883 1326 636 1717 1783 290 1203
362 869 85 1556 1020 1480 40 887 352 1390
1344 674 1344 174 1258 984 228 1612 165 1156
233 85 468 1058 129 425 1177 823 1073 1557
389 1005 576 1562 1652 1372 1397 631 495 152
362 71 1450 179 1074 346 255 881 216 1053
441 1706 1490 1731 298 492 499 1399 1301 36
110 102 1006 686 1290 1081 727 1425 563 175
174 1784 436 928 824 1106 464 216 1269 1589
1769 1613 19 1103 493 590 1305 959 810 1728
1185 1348 612 1014 1135 1141 990 496 752 115
1692 1504 782 1494 919 1648 9 1625 953 490
383 1214 295 1279 1036 280 718 885 746 1369
1583 768 1271 1171 613 1398 1230 1372 758 179
1775 363 237 1003 1020 1066 74 1558 674 771
1535 1503 493 1086 1063 76 803 983 1628 743
1471 452 845 1283 1269 307 1081 1509 821 820
1238 1555 1375 812 231 151 702 1456 135 269
1174 1555 1310 397 377 514 1573 615 973 142
1054 1519 745 790 1486 763 1201 14 263 869
1209 1378 1726 1444 715 154 1785 881 1621 1370
163 828 1144 717 1467 1098 628 1322 1043 215
961 241 590 154 420 166 1309 1142 1621 420
941 302 100 97 1375 1662 875 1270 440 847
621 213 1692 253 774 1287 455 1003 1066 1659
1589 185 1206 1561 367 402 1262 1727 901 600
1154 1218 1517 319 1497 1450 1667 1712 357 51
266 1654 990 1342 1327 771 1111 238 1327 1590
1484 241 101 172 1201 1514 1468 1441 743 77
951 292 843 1782 489 127 923 377 1166 503
1277 119 1312 530 722 682 426 6 1460 1678
445 1374 511 315 453 1501 413 291 15 1331
173 1479 1119 657 1138 1406 768 44 421 1166
474 1675 1700 470 1558 187 389 511 570 451
1490 938 1664 432 1219 493 17 1702 347 982
1168 420 555 4 839 482 741 1112 100 1440
628 1607 196 1019 1631 370 360 557 1117 1701
1382 498 1785 47 1234 1442 323 1599 895 290
548 1577 259 41 225 1056 1636 163 793 748
47 735 731 1409 695 420 780 1728 1638 712
597 225 717 434 1767 1399 1023 157 1011 1080
1063 1098 1003 1430 1377 251 291 495 1695 338
1159 1484 868 907 1616 342 1208 380 48 1657
479 1477 1315 791 1653 1788 1429 1182 312 4
243 387 1227 888 1304 69 64 930 577 1011
558 533 1612 81 75 341 803 249 168 1744
1541 1093 1781 1294 87 1273 1690 1305 226 1715
1413 1283 1219 666 1489 1007 1398 1357 1027 34
805 1255 451 1392 1735 1043 1431 1080 1597 1782
743 1203 223 1763 1220 1294 751 1759 802 623
485 1773 1050 308 1004 901 1154 1746 1061 1590
1171 1341 1249 440 440 347 175 1149 249 1790
1735 1095 656 585 1444 194 480 182 1573 1224
126 1009 152 391 1309 1133 1221 1224 610 1562
364 176 1232 154 1406 891 617 994 934 336
554 1000 934 1243 908 684 72 1108 954 307
347 1167 1207 1566 76 934 915 1702 818 1143
191 1410 208 406 18 351 814 902 614 133
1778 1448 571 1114 985 540 1229 801 847 655
817 1050 170 1188 1131 1133 422 1505 1539 463
1387 276 195 527 1281 364 1200 1432 1183 560
258 930 726 1692 1703 1540 1153 237 1121 1028
630 661 324 1790 1285 284 150 1187 1487 1771
1534 1172 1052 1226 503 1314 1192 500 1590 544
1419 939 91 1307 563 1145 1163 1652 1626 26
1375 910 745 926 363 1676 375 1393 708 737
595 1596 1287 1371 302 681 1479 1611 785 1245
491 906 1659 400 515 640 929 1317 489 1264
1441 1403 1287 1016 1450 1379 1783 868 961 1768
936 1299 1745 1191 1719 92 970 913 1762 86
584 790 1549 1795 874 1519 138 46 257 887
621 972 652 970 1717 996 1088 184 1643 1468
1006 568 871 296 911 580 963 4 852 1448
1739 336 100 595 885 1377 411 1309 1447 989
975 702 1561 1711 373 1593 1532 284 485 1208
1649 1631 1378 1218 53 1293 507 387 887 1729
1702 1757 415 280 1703 1513 307 752 821 811
943 1487 365 637 1033 326 905 786 690 263
1235 995 985 1487 1161 490 102 322 1790 869
1416 91 317 268 849 1455 1352 1104 386 1629
500 161 82 718 26 843 1495 568 970 722
414 211 1650 886 1503 557 794 586 1234 28
661 1728 37 606 824 244 555 1592 1132 644
274 220 312 1265 950 482 1041 885 1479 1363
1532 1669 1783 1261 1496 1056 276 1366 286 803
585 508 1338 1370 326 1530 898 1735 703 662
356 1322 837 423 466 842 1612 425 1516 712
321 579 1669 1497 1261 1126 688 1650 1277 1727
1170 1737 1577 287 434 1130 655 512 869 794
1483 1054 361 248 1064 923 1487 1227 1145 1408
930 1458 1075 485 1426 178 1143 1392 327 1062
1 1240 833 97 1411 1619 459 1421 1251 158
6 1726 1548 1453 1024 1395 895 40 539 1264
769 640 1067 71 605 1515 1317 1766 1375 328
1161 230 463 1539 979 113 578 1187 251 1696
678 1263 242 823 1046 1416 1783 495 333 1207
977 1416 187 1009 1207 1166 881 616 1682 859
555 361 716 831 1456 1588 1366 199 432 1288
607 1781 157 1334 1205 213 393 829 1276 920
1148 42 1496 822 1121 671 1646 1779 890 410
708 139 479 1231 1535 1605 569 1299 1096 806
1580 987 913 293 1193 657 962 506 1387 1727
1160 339 1050 1690 62 1357 43 1224 1693 876
410 585 1437 361 59 23 1644 1377 491 105
54 1637 953 1319 486 8 339 641 977 1163
1116 462 982 1460 985 502 182 748 1338 876
1792 1238 1282 1436 1198 514 201 1230 1591 391
1680 349 204 483 429 1421 194 521 1577 865
3 575 113 781 152 1411 170 1342 525 564
877 933 402 933 1665 616 598 706 1276 943
548 69 83 925 945 1054 460 1678 704 1792
1145 540 892 13 107 382 1160 1167 357 1047
427 1469 666 1762 167 593 1030 1108 629 690
1641 615 1668 1432 10 329 389 339 652 1469
1298 742 137 397 1117 1159 637 1533 800 627
1495 391 584 960 845 563 132 333 1496 51
429 1551 183 478 814 1400 1707 1197 270 1291
596 1357 871 1558 1239 571 1591 725 399 1630
204 118 569 1112 1636 560 1197 497 1267 459
1066 345 479 1650 642 890 1527 1280 932 233
428 658 883 1265 932 1068 175 504 189 1575
1469 1780 1437 1686 55 1320 269 1599 894 14
1707 650 1747 1432 1747 593 1215 202 26 654
116 1686 571 207 868 48 487 1710 1792 126
631 961 715 757 735 819 802 1003 1207 1082
1112 935 1512 513 256 834 1453 1351 1766 1622
346 274 971 296 1670 630 1200 270 1285 898
666 848 1641 364 997 37 59 1667 1337 1430
1027 612 338 135 836 67 427 48 1243 707
750 989 70 1740 1386 1348 1259 976 1334 378
132 431 82 272 1758 1085 1051 936 682 1257
78 453 545 831 159 919 1718 516 136 549
783 1202 1783 825 1243 419 1021 710 1507 480
759 632 985 660 1366 1655 1027 477 114 610
850 1666 907 1403 1368 1164 1021 161 1731 1506
1099 1658 315 1514 531 885 947 1682 498 165
294 1183 653 886 795 1303 1258 914 366 134
225 929 72 1666 699 1322 448 1460 1466 230
1150 1553 728 202 1419 1490 506 247 253 1251
1249 1374 23 1605 308 1606 1300 118 33 322
1024 1717 1779 1294 1610 361 1738 1527 280 1367
1127 1038 222 968 1142 1442 821 342 1775 962
983 1699 21 1074 1250 1308 1416 707 443 991
673 553 1291 1739 995 314 1645 1208 1640 1599
1380 1702 903 151 908 829 1517 1208 988 179
778 1030 1033 1300 647 447 512 379 960 976
