5
1968
1
100
99
0.478202 0.375811
0.211317 1.0252
0.145607 2.34503
0.257171 3.0228
0.4331 4.45739
0.133577 5.1679
0.346733 6.10738
0.420797 7.34912
0.429538 8.23296
0.193259 9.49529
1.18648 0.248731
1.45079 1.403
1.31589 2.15309
1.40418 3.05744
1.22415 4.18285
1.10692 5.15261
1.31941 6.32111
1.12803 7.09269
1.39629 8.45258
1.39048 9.37312
2.0486 0.183921
2.35413 1.14704
2.42413 2.06675
2.42169 3.06303
2.39121 4.11762
2.37408 5.40479
2.05737 6.3798
2.45241 7.05415
2.40992 8.12153
2.09086 9.03397
3.43805 0.443577
3.35084 1.2314
3.22264 2.4319
3.25443 3.32937
3.23934 4.37772
3.1656 5.43603
3.09732 6.49078
3.09052 7.46431
3.20511 8.03945
3.2897 9.43684
4.16963 0.33239
4.21135 1.33107
4.19226 2.29399
4.10071 3.45054
4.42406 4.24773
4.45369 5.2844
4.28762 6.48322
4.16894 7.09069
4.27805 8.41252
4.32766 9.26563
5.45727 0.400053
5.22105 1.06796
5.21091 2.09697
5.00641 3.25124
5.44925 4.45805
5.01254 5.05092
5.34457 6.29226
5.2381 7.23581
5.25917 8.22912
5.09769 9.25812
6.18624 0.309787
6.40945 1.3355
6.15743 2.15634
6.37166 3.46091
6.311 4.379
6.17891 5.3077
6.37488 6.26054
6.03668 7.29796
6.0764 8.32698
6.3333 9.2175
7.21408 0.0567103
7.4939 1.10721
7.43484 2.4931
7.16299 3.05749
7.02692 4.4432
7.00483 5.28032
7.40534 6.42234
7.25864 7.23705
7.47531 8.21239
7.30067 9.09466
8.1234 0.390798
8.28222 1.14867
8.00569 2.24685
8.10784 3.19813
8.40475 4.00785
8.2513 5.15793
8.05603 6.17769
8.45035 7.21926
8.05228 8.463
8.40104 9.25743
9.02624 0.391477
9.14935 1.47515
9.08216 2.45881
9.06691 3.02775
9.32866 4.45018
9.39725 5.0974
9.34553 6.22702
9.3008 7.16152
9.28122 8.11795
9.31917 9.46387
0 1 17
0 10 45
1 2 4
3 4 11
4 5 19
5 15 62
6 16 62
7 8 1
7 17 45
8 9 15
10 11 17
10 20 55
11 12 9
13 14 11
13 23 64
15 16 13
16 17 12
16 26 47
18 19 0
19 29 44
20 21 19
21 22 4
22 32 51
23 24 2
24 34 54
25 35 50
26 27 25
27 37 40
28 29 20
29 39 76
30 31 6
30 40 46
31 32 8
33 34 1
34 35 5
34 44 75
35 36 4
35 45 81
36 37 0
37 47 68
38 39 5
39 49 66
40 50 81
41 42 1
42 43 6
43 53 57
44 54 65
46 56 67
47 48 7
48 49 3
49 59 49
50 51 15
51 52 1
51 61 75
53 54 28
54 55 28
55 56 21
55 65 74
57 58 1
58 59 10
58 68 52
59 69 78
60 61 14
60 70 65
62 63 14
62 72 81
63 64 4
64 65 8
65 66 12
65 75 52
66 76 65
67 68 3
68 78 88
69 79 61
70 71 18
70 80 58
71 72 4
72 73 17
72 82 36
74 84 87
76 77 9
77 87 75
79 89 70
80 90 57
81 82 17
82 92 68
83 93 61
84 85 10
84 94 58
85 86 12
86 87 25
87 88 25
87 97 54
89 99 58
90 91 8
92 93 1
95 96 3
96 97 3
97 98 1
275 470 291 63 201
270 45 405 405 366
86 487 347 353 21
29 53 329 154 399
314 225 121 477 311
439 19 221 124 295
437 473 77 63 350
240 90 194 406 29
177 12 87 204 47
167 94 140 390 294
124 17 413 157 415
206 173 274 435 33
119 364 98 340 81
314 55 340 307 446
61 252 87 475 248
227 6 178 182 211
355 228 420 4 25
153 240 6 483 303
315 489 200 301 187
475 277 131 283 75
233 404 66 359 117
221 36 399 174 87
408 259 36 342 396
138 152 221 195 448
215 4 460 284 151
268 157 352 90 128
316 138 295 450 109
140 185 7 236 361
387 425 467 371 128
221 327 202 423 464
408 52 39 356 310
75 143 5 130 265
406 72 299 199 478
197 186 49 309 391
53 330 373 254 196
455 352 147 54 333
445 451 69 112 337
55 180 466 159 73
456 155 457 415 264
153 162 381 485 334
211 83 53 44 208
113 332 374 165 158
362 72 0 388 279
302 465 113 16 295
226 460 25 80 34
398 338 260 245 484
44 445 424 344 437
183 292 469 106 125
113 214 329 266 217
26 393 143 318 479
290 183 484 184 1
362 131 410 330 330
266 377 180 48 336
278 355 299 378 474
425 278 351 10 433
482 78 284 390 210
484 101 33 357 135
138 363 326 83 237
23 378 472 29 348
263 168 70 71 357
285 454 391 324 255
312 195 53 422 56
79 429 29 125 5
104 12 168 467 438
231 353 446 111 381
206 21 399 200 160
281 69 371 145 346
163 284 32 42 128
112 216 37 97 57
67 37 385 8 397
482 481 47 340 12
310 222 426 361 257
210 416 327 327 312
357 466 283 27 403
273 39 185 10 7
181 283 253 240 274
349 28 402 400 282
281 300 31 324 220
188 130 103 443 338
482 14 318 111 5
441 124 165 363 403
288 263 294 350 372
59 136 225 116 10
242 235 118 202 135
241 290 196 435 92
172 396 267 202 58
145 48 42 291 449
305 25 366 157 222
437 249 46 300 102
288 123 453 229 469
367 182 62 476 445
309 138 396 115 165
80 492 48 25 225
303 79 198 393 353
318 217 283 437 259
166 313 277 409 371
437 57 486 135 75
167 91 288 68 143
156 210 182 488 331
