10
1593
1
100
140
0.167906 0.235382
0.493466 1.43809
0.496939 2.19144
0.191405 3.26449
0.0867924 4.26643
0.317145 5.15592
0.242264 6.04342
0.357039 7.05451
0.246737 8.12574
0.297309 9.45427
1.32258 0.067988
1.11957 1.01611
1.36553 2.23488
1.06984 3.4083
1.10894 4.27028
1.15084 5.38996
1.45876 6.06167
1.23868 7.04881
1.49729 8.32449
1.49449 9.00285
2.06228 0.215861
2.28189 1.46091
2.3735 2.49941
2.4573 3.24214
2.3037 4.18179
2.43753 5.0256
2.04005 6.30454
2.15626 7.10497
2.21709 8.33289
2.25806 9.20827
3.41044 0.236763
3.31843 1.34886
3.4316 2.49088
3.02537 3.23526
3.35433 4.16377
3.35415 5.21277
3.29944 6.42734
3.40728 7.35382
3.24592 8.35231
3.29242 9.06514
4.35735 0.0364969
4.32283 1.35818
4.08925 2.02046
4.49266 3.42365
4.442 4.0765
4.09457 5.40809
4.01189 6.45524
4.26062 7.30382
4.35232 8.15457
4.03552 9.29303
5.25981 0.447842
5.30197 1.46556
5.23843 2.01935
5.12488 3.33771
5.12547 4.49863
5.2333 5.34838
5.46989 6.12385
5.16644 7.22297
5.07946 8.03058
5.43048 9.40716
6.3243 0.228317
6.20478 1.13842
6.13635 2.36315
6.02285 3.39699
6.30103 4.23365
6.08829 5.28836
6.15484 6.03762
6.19152 7.4434
6.39589 8.45699
6.31483 9.39603
7.09689 0.115912
7.07237 1.07304
7.18986 2.34433
7.2392 3.22295
7.4825 4.10741
7.19796 5.13263
7.48979 6.00388
7.00407 7.33759
7.41842 8.01832
7.43828 9.03187
8.27806 0.0813227
8.46272 1.38945
8.46837 2.07817
8.4085 3.38395
8.06559 4.01399
8.0547 5.40802
8.3704 6.25083
8.48156 7.12813
8.02217 8.32497
8.45866 9.17228
9.11334 0.206896
9.07949 1.36208
9.01422 2.39333
9.24636 3.24698
9.11567 4.11882
9.41676 5.15364
9.48762 6.243
9.05465 7.09644
9.28804 8.17926
9.4928 9.19494
0 1 21
0 10 73
1 2 0
1 11 40
2 12 55
3 13 56
4 5 15
4 14 65
5 6 5
5 15 53
6 7 7
7 8 7
7 17 56
8 9 3
8 18 79
9 19 76
10 11 13
10 20 47
11 12 16
11 21 74
12 13 19
13 14 2
15 16 19
15 25 81
16 17 14
16 26 37
17 18 16
17 27 58
18 28 46
19 29 48
20 21 14
20 30 85
21 22 6
21 31 66
23 24 10
24 25 8
24 34 66
25 26 25
25 35 58
26 27 7
26 36 80
27 28 4
27 37 79
28 29 3
28 38 65
29 39 65
30 31 6
30 40 60
31 32 7
31 41 64
32 33 26
33 34 21
33 43 93
34 35 0
34 44 69
35 36 3
35 45 47
36 46 45
37 38 10
38 39 3
39 49 47
40 50 57
41 51 62
42 52 73
43 44 3
43 53 40
44 45 22
44 54 43
45 55 72
46 47 16
46 56 92
47 57 57
48 58 46
49 59 88
50 51 3
50 60 67
51 52 4
51 61 57
52 53 7
52 62 57
53 54 0
53 63 57
54 55 7
54 64 74
55 56 15
55 65 54
56 66 43
57 58 6
57 67 65
58 59 22
58 68 83
59 69 56
60 61 8
60 70 49
61 62 4
61 71 55
62 63 7
62 72 67
63 73 77
64 74 75
67 68 13
67 77 51
68 69 5
69 79 71
70 71 2
70 80 75
71 72 7
71 81 88
72 73 3
72 82 81
73 74 15
73 83 74
74 84 37
75 76 18
75 85 54
76 77 31
76 86 56
77 78 26
77 87 93
79 89 65
80 81 12
81 82 0
82 83 4
82 92 35
83 93 53
84 94 66
85 86 20
86 96 71
87 88 29
87 97 36
88 89 28
89 99 65
90 91 2
91 92 4
92 93 15
93 94 8
94 95 19
95 96 4
96 97 27
98 99 13
503 813 859 296 1238 325 329 45 1265 268
1240 1102 228 901 868 1380 1079 140 388 643
686 925 934 1339 1298 609 1315 1387 383 545
977 1368 748 1154 506 584 1197 1127 1121 474
274 1318 374 370 1130 1099 676 1072 1069 711
1179 1196 520 992 1350 511 1183 925 1025 877
926 589 984 1193 763 1251 373 692 1381 1311
901 44 349 574 1006 294 1121 888 1357 1132
120 492 290 1387 479 569 468 1304 1344 526
672 115 753 481 707 967 836 652 742 1332
1300 914 129 1061 865 459 194 806 931 577
380 106 254 721 1005 743 1248 562 162 434
1160 775 1304 1395 277 647 258 1019 644 658
222 939 963 339 383 759 1127 1317 689 142
1329 1164 330 256 303 581 1341 232 315 783
313 1350 96 761 1339 683 881 292 611 486
459 916 215 263 1154 621 1243 608 621 120
230 875 45 395 1241 1159 942 814 204 332
1347 1040 878 913 974 1102 297 340 1077 1253
388 1163 1099 886 22 403 803 1165 1049 1076
786 886 834 517 1243 862 612 745 230 1143
1169 754 979 1089 1309 483 1375 605 1241 763
506 740 1257 339 920 224 441 513 944 906
480 1057 675 24 863 267 1357 624 189 691
129 1383 264 164 899 742 731 728 70 422
751 307 11 396 1017 746 73 91 348 337
557 680 644 600 1214 1055 821 541 457 1339
1004 271 286 442 615 1131 359 311 139 49
808 934 1343 399 1222 1297 1344 305 142 1202
529 38 588 82 1261 251 1324 879 622 1273
292 402 1257 562 529 970 504 1334 340 787
536 1287 73 45 63 346 152 183 523 693
559 215 332 1337 1239 64 759 598 727 1289
1148 1156 1192 568 719 244 1172 175 217 309
161 366 421 786 891 236 526 400 1292 1295
1070 331 693 1097 59 595 734 48 832 28
1305 1027 875 562 646 248 1094 171 663 236
41 874 565 953 760 875 1337 1248 1127 541
1168 541 101 1061 1159 517 1277 1233 167 1373
138 450 932 1296 347 775 663 465 195 1080
586 1379 1352 629 301 17 1251 421 130 1371
1359 1015 1319 353 171 45 1336 927 202 1272
956 1067 803 356 1345 1267 262 1079 1302 1046
1276 394 298 1357 1378 328 462 302 19 82
724 413 535 395 800 208 79 253 327 270
358 915 707 617 1100 980 1056 728 1399 672
914 944 368 620 991 315 894 1377 28 721
924 491 193 378 43 1085 2 353 110 977
999 447 778 403 1392 647 718 530 937 1139
78 885 494 868 196 118 319 1301 258 1128
412 735 1390 1187 257 1006 35 1099 626 1180
900 1079 1342 489 585 647 662 945 1120 45
384 78 1277 956 450 831 337 499 854 789
39 822 996 1256 770 968 665 622 829 441
520 1005 35 873 752 214 1227 1379 651 1060
928 1342 566 660 826 686 511 1384 729 419
158 181 1099 310 175 154 1294 1055 543 151
114 390 1031 180 353 1108 1074 373 516 213
158 1245 878 1370 1239 441 1344 434 60 625
1395 1272 1287 8 251 966 1269 194 746 252
1284 805 1186 267 665 203 826 141 1249 164
651 281 443 736 1039 1363 599 776 1144 716
1306 1000 624 677 1140 739 1100 1085 1163 1171
765 849 591 1220 224 427 805 106 220 1311
1073 94 538 541 38 473 943 1278 1378 109
216 649 120 1207 896 252 612 969 577 190
314 376 1250 798 671 303 477 223 284 176
621 943 110 199 528 1379 1234 896 931 196
1205 140 694 1035 618 183 366 1057 1062 804
630 357 525 542 149 283 575 1397 587 893
639 991 539 242 816 889 1243 1146 390 702
914 933 322 435 1284 1001 1366 1290 398 782
272 1322 474 170 911 988 1367 371 423 830
1268 1272 1112 721 53 593 1136 755 1084 886
1176 1295 1107 1292 562 360 867 770 1201 899
1346 1021 562 1286 577 1037 127 1023 1364 137
795 1245 778 735 1369 636 1180 965 915 445
648 1286 1237 104 372 1118 464 840 109 329
1116 201 1048 1096 692 650 337 181 1056 387
1050 1238 679 678 212 1129 1353 1253 1250 895
97 584 987 214 353 519 1277 227 1176 575
1236 1027 338 1314 5 753 1027 1148 765 1349
834 325 986 1398 260 664 863 140 1062 564
930 882 148 907 516 277 526 656 330 40
718 406 482 439 880 730 275 1179 1079 1082
258 700 62 574 1289 811 442 26 970 15
796 978 81 283 982 334 9 363 414 729
56 268 1175 196 908 459 248 402 1357 70
1158 70 957 655 659 602 19 399 1130 1377
1312 1188 971 679 1375 1106 577 814 573 301
922 851 207 1013 160 876 617 1138 1346 501
987 789 759 947 911 145 1255 1189 12 960
491 855 1378 175 794 212 764 182 649 451
500 640 6 179 504 417 159 410 622 104
353 1174 339 750 722 1387 1320 382 1369 651
597 1007 990 493 1335 1216 1323 54 853 22
665 1290 1108 1040 1254 147 621 1116 745 394
1256 819 856 1309 1205 45 1235 536 1148 1217
968 166 1002 28 1057 1114 818 869 305 908
15 714 1354 194 248 306 59 308 1175 157
1309 33 299 803 1346 691 273 275 565 661
792 799 836 991 351 306 1049 104 1122 1194
43 1248 828 354 705 1125 168 523 360 136
88 445 968 1308 569 731 404 192 947 386
868 335 1064 636 862 1256 710 1241 335 1091
1190 373 555 1116 626 605 673 619 259 460
773 134 1387 465 240 1352 559 445 1058 296
1129 1252 565 854 602 583 1035 514 223 334
1256 363 1368 777 1188 109 1353 442 1237 1243
1106 1372 967 519 705 882 382 1342 1390 564
116 934 605 286 159 660 946 550 325 966
1094 697 402 28 1240 488 1086 381 588 219
1011 94 1262 824 434 403 531 1004 1090 198
932 522 1201 1320 837 1003 525 865 404 64
46 828 594 340 83 34 1253 643 1334 81
196 594 754 1210 542 570 1309 735 607 1182
171 105 1285 280 98 523 708 1121 937 1028
1329 119 1098 975 650 1306 160 772 128 1316
561 1002 828 238 166 73 582 691 49 599
631 1374 1392 54 885 890 284 933 175 123
795 421 97 1193 1293 545 962 1191 163 482
711 475 1367 0 821 1117 1005 1088 913 210
567 116 29 358 500 247 1212 100 827 1283
967 277 629 408 1068 120 144 977 1010 101
353 573 1178 1253 842 796 616 550 1002 741
1124 1188 605 61 75 120 1002 1228 628 1239
1279 571 1208 1194 964 223 275 748 379 410
429 701 606 386 1335 53 1184 163 35 518
1238 1055 897 65 664 236 789 567 1069 710
904 984 889 1157 785 681 1335 131 373 69
907 1054 955 894 720 37 10 137 984 40
337 412 877 1147 582 562 7 945 344 241
1097 306 952 118 424 1399 824 780 544 1157
912 202 431 853 1386 622 708 55 104 261
1112 38 895 21 423 66 740 1062 847 118
979 333 1086 1363 412 451 1219 1331 147 488
72 388 1192 1172 1040 136 843 1355 402 85
359 299 220 540 119 1013 377 96 835 716
523 411 437 80 511 853 854 86 567 739
196 14 272 1354 26 416 1094 267 1244 860
