10
456
0.5
25
40
0.256041 0.132398
0.478586 1.2778
0.311941 2.2351
0.0622359 3.21878
0.0355331 4.3127
1.3377 0.166914
1.06324 1.30324
1.27354 2.37404
1.02968 3.32844
1.21251 4.27852
2.11586 0.211778
2.43221 1.22615
2.34412 2.32478
2.39707 3.0629
2.47654 4.27196
3.20177 0.0814273
3.07051 1.46121
3.25803 2.31127
3.311 3.45881
3.13633 4.08067
4.49691 0.0206305
4.27618 1.24419
4.22539 2.23619
4.49313 3.26404
4.09357 4.37645
0 1 14
0 5 68
1 2 11
1 6 37
2 3 16
2 7 61
3 4 2
3 8 61
4 9 74
5 6 17
5 10 49
6 7 13
6 11 87
7 8 15
7 12 68
8 9 12
8 13 86
9 14 80
10 11 20
10 15 69
11 12 6
11 16 40
12 13 3
12 17 58
13 14 5
13 18 58
14 19 42
15 16 8
15 20 82
16 17 12
16 21 76
17 18 3
17 22 61
18 19 11
18 23 75
19 24 61
20 21 14
21 22 3
22 23 17
23 24 25
175 50 339 178 389 217 107 128 55 154
106 114 132 234 63 78 241 225 94 175
321 108 165 133 342 53 149 204 108 5
173 328 101 202 230 211 392 14 207 308
295 10 281 364 22 113 2 336 297 304
223 9 348 11 294 278 65 138 355 194
213 253 347 294 238 39 211 52 87 156
51 203 256 326 371 385 383 323 244 12
43 318 107 346 43 392 359 179 326 376
387 25 170 234 159 209 71 59 227 340
73 21 125 378 94 374 47 251 138 97
398 223 300 10 51 225 265 396 101 355
301 315 246 36 346 89 279 175 323 153
46 337 121 303 31 11 161 145 11 277
311 30 2 117 83 122 60 235 76 369
144 177 87 322 345 39 96 6 152 5
54 280 84 52 269 15 0 23 262 40
94 3 168 303 316 391 126 29 77 192
308 53 94 387 310 32 385 191 83 343
199 337 274 369 347 294 222 47 299 220
60 5 338 70 179 102 143 246 249 376
343 306 347 131 159 18 135 259 398 3
195 200 58 127 5 71 260 125 166 306
368 125 25 229 265 349 87 61 94 386
263 221 335 373 278 52 47 99 7 20
271 313 345 19 337 222 101 292 6 352
235 179 139 223 78 363 311 145 358 330
247 72 395 276 28 214 99 56 107 285
105 360 184 110 341 42 183 135 294 48
394 155 128 83 137 286 97 303 94 362
312 354 146 107 302 17 201 58 358 307
219 57 167 162 330 315 83 282 168 329
11 15 175 327 303 361 317 348 3 302
309 334 237 394 49 286 73 243 313 127
393 236 311 142 286 241 367 134 391 240
84 272 339 209 123 171 318 238 118 151
135 181 253 167 222 100 263 241 334 16
176 226 10 239 381 230 75 80 264 136
116 101 107 26 29 390 201 295 87 310
127 396 70 308 124 233 378 100 260 337
