5
1790
0.5
100
99
0.010873 0.0786813
0.165277 1.43768
0.415997 2.26485
0.193629 3.3676
0.235938 4.03322
0.299419 5.14151
0.338071 6.00865
0.409591 7.44058
0.0454486 8.48797
0.169447 9.27499
1.04968 0.301989
1.09329 1.13144
1.46814 2.25843
1.10604 3.03656
1.28567 4.00102
1.46119 5.40858
1.35663 6.2821
1.26662 7.08797
1.17956 8.31351
1.45754 9.02644
2.33854 0.206441
2.19144 1.41632
2.23854 2.05076
2.22652 3.44417
2.08397 4.15118
2.06144 5.12311
2.15853 6.4181
2.10876 7.44426
2.05145 8.22197
2.40316 9.45894
3.15517 0.463271
3.48748 1.17557
3.0122 2.1706
3.30461 3.039
3.01294 4.23815
3.48877 5.42599
3.49322 6.40888
3.38283 7.10294
3.25798 8.20839
3.1706 9.11569
4.15405 0.218828
4.23455 1.08696
4.40934 2.48898
4.05312 3.48256
4.411 4.3079
4.19165 5.2077
4.36961 6.42926
4.00694 7.22421
4.22198 8.04711
4.21456 9.22706
5.33346 0.431717
5.24204 1.39313
5.12954 2.05919
5.26217 3.49205
5.04158 4.43624
5.43277 5.49708
5.23709 6.28457
5.27155 7.05703
5.26553 8.43458
5.21272 9.32228
6.4079 0.349588
6.13714 1.09333
6.13131 2.30789
6.24825 3.28973
6.49464 4.21633
6.2052 5.32596
6.4531 6.20209
6.49998 7.10692
6.08613 8.49637
6.23455 9.09864
7.40424 0.429721
7.01559 1.24125
7.32411 2.40005
7.19914 3.03733
7.47853 4.47422
7.10996 5.10079
7.29239 6.17829
7.30201 7.47191
7.36158 8.44553
7.05543 9.29738
8.15913 0.356416
8.40436 1.38286
8.11062 2.3021
8.40219 3.19566
8.30002 4.21081
8.11001 5.26507
8.41005 6.08655
8.11082 7.08377
8.10033 8.21138
8.31204 9.2161
9.46841 0.388272
9.11066 1.47137
9.4679 2.15914
9.20976 3.43104
9.33993 4.34006
9.26758 5.40753
9.24421 6.32301
9.35547 7.17441
9.47294 8.18232
9.00236 9.07754
0 10 66
1 2 16
1 11 59
2 12 67
3 4 3
3 13 58
5 6 2
5 15 73
6 16 64
7 17 54
8 9 8
9 19 81
10 11 3
10 20 82
13 14 11
13 23 71
14 15 11
15 25 38
16 17 6
16 26 51
17 18 6
17 27 53
18 19 18
18 28 55
20 21 9
20 30 52
21 22 3
22 32 49
23 33 68
24 34 59
27 37 81
29 39 49
30 40 63
31 32 30
31 41 47
32 33 18
33 34 18
34 35 30
35 36 0
36 46 55
37 38 8
38 39 6
41 42 11
42 52 46
43 53 76
44 45 14
45 55 78
46 47 23
46 56 55
47 57 80
48 58 66
49 59 63
50 51 6
50 60 68
51 52 7
51 61 57
52 53 8
54 55 25
55 56 12
57 58 0
59 69 65
61 62 0
61 71 56
63 64 16
63 73 60
64 65 18
65 66 16
66 67 3
67 68 26
68 69 9
69 79 52
70 80 48
71 72 20
72 73 8
72 82 50
73 74 18
73 83 76
74 84 52
75 76 12
76 86 71
77 78 4
77 87 51
78 88 47
79 89 79
80 81 16
81 82 19
84 94 66
85 95 73
86 96 53
87 97 79
90 91 23
91 92 23
92 93 16
93 94 8
94 95 5
95 96 1
96 97 7
97 98 7
98 99 30
356 274 147 452 223
237 269 338 5 161
238 179 306 234 69
15 438 394 168 128
19 216 416 2 74
310 231 260 397 361
402 152 241 159 157
240 260 111 129 491
312 88 345 158 195
124 464 480 239 100
22 280 204 86 198
147 217 400 250 132
22 236 490 437 188
190 119 82 489 365
272 12 361 337 23
461 243 81 444 101
46 31 449 477 103
223 413 242 314 304
364 380 11 273 11
321 486 319 15 129
249 42 393 316 13
195 382 362 17 449
350 460 49 450 454
355 274 21 409 0
405 131 317 115 33
9 223 19 463 108
274 405 206 307 417
247 26 45 20 493
450 478 168 294 193
179 454 126 473 260
380 176 180 268 70
64 278 260 239 420
196 23 124 333 203
263 317 154 248 175
443 277 36 9 455
423 392 465 211 334
431 29 309 97 72
71 470 232 186 33
390 64 219 14 384
176 176 111 385 23
261 127 466 424 465
273 261 228 167 4
223 23 462 358 173
258 231 469 82 362
15 376 346 45 379
249 152 365 485 403
458 355 250 394 452
373 105 378 118 124
116 375 357 282 50
121 106 111 177 492
343 18 87 182 430
66 460 380 107 281
362 253 362 425 442
422 84 8 51 360
105 228 63 467 240
191 22 240 255 473
406 236 218 473 291
180 76 47 181 493
421 341 67 163 325
193 469 365 428 85
102 51 342 477 455
151 431 104 327 160
6 7 191 67 180
416 295 382 114 60
291 434 156 287 67
352 451 447 199 358
203 447 445 400 61
106 84 431 54 292
335 337 181 390 373
483 246 411 108 88
171 162 341 238 131
111 282 269 20 180
208 44 239 244 53
232 25 174 188 305
286 190 32 191 311
458 0 47 300 174
339 251 447 306 416
230 437 361 276 40
461 187 9 166 451
287 144 56 470 425
412 358 352 120 133
461 343 481 85 227
42 57 281 220 5
206 381 437 98 124
415 168 236 281 245
360 87 13 290 225
73 479 472 377 420
462 391 446 212 348
29 84 342 103 129
479 122 193 83 345
256 327 13 413 343
12 329 443 180 33
307 388 211 157 124
394 364 420 229 162
139 112 42 179 284
7 472 319 425 54
2 481 154 276 123
90 449 320 344 473
341 66 127 382 107
