10
415
1
25
24
0.345858 0.0402664
0.101019 1.31132
0.269677 2.16154
0.0692156 3.0551
0.00148831 4.39659
1.19424 0.0815913
1.31434 1.21044
1.13276 2.39735
1.00072 3.25219
1.07955 4.35771
2.41128 0.24852
2.08946 1.21233
2.44739 2.08748
2.28776 3.47141
2.19363 4.208
3.16473 0.0509758
3.18661 1.09495
3.45969 2.46748
3.15942 3.35006
3.10082 4.3012
4.34004 0.232441
4.08292 1.23831
4.4387 2.18926
4.44783 3.35794
4.23679 4.12236
0 5 54
1 6 77
2 7 55
3 8 59
4 9 68
5 10 77
6 11 49
7 8 8
7 12 83
8 13 81
9 14 70
10 11 20
11 16 69
13 18 55
14 19 57
15 16 1
16 17 17
17 18 19
17 22 62
18 19 4
20 21 16
21 22 23
22 23 1
23 24 13
65 14 212 21 43 123 88 230 86 138
77 181 124 29 136 47 127 120 65 103
2 131 140 173 58 149 59 216 11 164
236 104 197 10 107 6 223 151 100 204
57 79 42 143 39 56 28 189 69 219
100 73 47 166 95 53 0 16 34 228
224 220 90 212 205 46 71 30 50 165
200 81 114 113 187 186 69 61 236 43
48 213 16 201 13 9 84 174 226 189
172 236 134 226 195 88 188 24 109 61
118 94 225 26 57 237 84 153 222 187
149 111 92 14 174 51 128 51 122 115
16 93 80 50 220 162 58 37 204 15
52 181 129 63 215 181 41 128 26 34
80 13 187 169 133 15 209 92 158 100
110 193 101 184 199 21 114 163 150 22
31 189 39 106 4 92 114 15 25 155
220 4 203 102 173 98 128 205 135 190
68 52 92 2 9 200 182 2 216 138
13 46 204 84 238 64 5 84 237 161
146 202 67 73 224 66 211 4 18 115
152 132 179 14 173 224 221 90 83 143
107 151 235 149 9 4 215 119 130 233
66 44 127 153 10 132 149 185 37 15
