5
996
1
25
32
0.314076 0.110522
0.492669 1.05196
0.400899 2.11065
0.481187 3.10694
0.127601 4.12922
1.08468 0.381525
1.41472 1.19929
1.12398 2.10513
1.18301 3.1147
1.48008 4.1002
2.24063 0.338791
2.00955 1.25808
2.32472 2.32267
2.46161 3.07236
2.40069 4.23903
3.18022 0.434344
3.48275 1.41516
3.16777 2.03682
3.3488 3.42163
3.07929 4.49414
4.48415 0.160499
4.21381 1.42526
4.22553 2.30863
4.01453 3.43622
4.07166 4.04598
0 1 11
0 5 49
1 2 6
1 6 58
2 7 46
3 4 22
3 8 44
4 9 86
5 6 21
6 7 18
6 11 38
7 12 76
8 9 19
9 14 58
10 11 15
10 15 59
11 12 20
11 16 93
12 13 9
12 17 53
13 18 56
14 19 43
15 16 19
15 20 82
16 17 20
16 21 46
17 22 67
18 19 17
19 24 63
20 21 17
21 22 1
22 23 13
45 48 114 58 66
47 142 153 157 7
78 141 149 19 8
125 3 97 61 110
67 80 124 120 81
83 126 65 120 128
134 154 35 96 51
156 11 39 64 146
131 107 109 20 110
90 92 149 64 132
124 92 118 12 119
137 53 44 72 56
65 63 6 28 137
121 136 63 151 46
139 62 64 157 18
144 139 135 135 127
45 104 56 157 133
19 12 89 147 14
99 146 41 61 42
16 51 24 156 158
123 105 102 138 51
86 99 49 55 74
156 70 110 71 108
30 126 159 5 92
133 72 76 47 28
99 148 140 124 102
56 25 98 131 21
138 159 96 153 141
15 51 143 159 81
44 117 2 129 5
83 133 88 123 27
79 72 104 109 65
