10
351
1
25
32
0.0186587 0.247509
0.449234 1.17212
0.044418 2.11247
0.03921 3.0308
0.377511 4.34009
1.23991 0.171394
1.38173 1.13334
1.34753 2.10253
1.03971 3.02289
1.35233 4.31051
2.12441 0.133458
2.31275 1.14246
2.27295 2.2029
2.22119 3.06521
2.12733 4.17828
3.0873 0.370136
3.01933 1.36658
3.39754 2.29686
3.38013 3.10563
3.49154 4.05636
4.4216 0.22119
4.34216 1.23084
4.4771 2.09039
4.34275 3.14629
4.15195 4.36873
0 1 27
0 5 77
1 2 26
1 6 59
2 3 0
2 7 82
3 4 21
3 8 63
5 6 9
5 10 56
6 7 2
8 9 20
8 13 75
9 14 49
10 11 12
10 15 61
11 12 3
12 13 3
12 17 71
13 14 6
14 19 86
15 16 4
15 20 84
16 17 24
16 21 84
17 18 1
17 22 68
18 19 7
18 23 61
21 22 9
22 23 8
23 24 12
111 245 293 207 247 203 211 13 133 141
149 72 88 306 29 58 100 103 118 105
176 14 215 24 241 260 30 297 68 210
291 25 36 64 314 169 276 62 183 188
243 6 57 138 156 87 199 121 177 185
163 112 160 147 87 281 17 130 71 6
33 245 311 30 118 181 134 18 315 126
204 114 172 201 171 158 234 213 159 68
109 240 297 179 62 242 19 134 207 61
209 295 295 281 156 32 296 173 100 142
233 281 148 286 161 152 25 206 285 105
285 232 233 251 18 265 274 86 5 149
162 31 318 218 201 90 107 188 42 254
191 29 318 30 288 160 9 89 142 88
261 128 125 311 245 300 147 230 66 89
144 31 136 289 15 305 113 189 170 190
65 305 250 148 266 261 66 79 81 255
122 152 8 124 220 186 91 298 65 31
78 250 31 310 69 32 264 179 212 35
18 288 123 193 17 122 154 256 106 17
84 100 172 141 263 255 49 159 198 15
222 225 264 244 209 54 145 28 41 129
126 70 146 188 254 101 211 304 210 303
100 259 157 35 7 119 95 227 19 272
68 174 208 284 209 71 305 162 80 22
46 26 172 81 71 298 160 212 199 123
148 282 198 307 221 96 56 311 309 293
308 4 177 272 319 192 303 16 190 223
264 67 313 76 142 9 240 284 308 17
236 26 278 290 219 226 85 231 237 123
65 143 183 292 45 154 318 212 206 74
213 224 114 232 121 242 281 45 111 208
