5
2858
1
100
140
0.228095 0.305314
0.0789471 1.14497
0.0869771 2.01883
0.0906513 3.31047
0.456126 4.23328
0.215568 5.07143
0.0169926 6.0527
0.442378 7.19273
0.227501 8.20717
0.141097 9.45328
1.24189 0.391292
1.00169 1.01841
1.00782 2.45104
1.19914 3.28784
1.21875 4.14203
1.15073 5.43421
1.10417 6.08778
1.02359 7.44859
1.29505 8.48935
1.28591 9.28879
2.12549 0.122743
2.15355 1.39208
2.16403 2.38032
2.20299 3.39264
2.19249 4.21521
2.08643 5.32481
2.2539 6.19654
2.2384 7.07868
2.20511 8.35836
2.2354 9.1215
3.48817 0.376315
3.12726 1.45777
3.19853 2.08639
3.16153 3.11831
3.0546 4.37808
3.35157 5.46958
3.18939 6.44991
3.39449 7.13055
3.17393 8.17128
3.37094 9.44701
4.27942 0.17709
4.16196 1.25612
4.24799 2.36997
4.41327 3.40083
4.14687 4.17751
4.21199 5.49866
4.39318 6.43406
4.40999 7.03625
4.47944 8.03735
4.42241 9.36689
5.17146 0.113974
5.21224 1.15495
5.24299 2.3003
5.28924 3.35813
5.1418 4.02659
5.45522 5.04821
5.17748 6.22887
5.33948 7.24428
5.41259 8.43471
5.49615 9.23378
6.36259 0.20313
6.38162 1.04373
6.10006 2.17005
6.10066 3.19725
6.48774 4.26599
6.20445 5.46716
6.33658 6.05252
6.26015 7.05587
6.07825 8.37437
6.31584 9.25126
7.43633 0.0922838
7.22292 1.13758
7.40523 2.25385
7.39297 3.38076
7.18544 4.06328
7.02404 5.28116
7.41912 6.30435
7.1318 7.38006
7.13488 8.41978
7.06693 9.10717
8.03409 0.413757
8.27443 1.43222
8.23118 2.25035
8.17218 3.11376
8.04485 4.29648
8.25721 5.10755
8.44642 6.30879
8.09619 7.09521
8.08622 8.03135
8.47467 9.0194
9.03239 0.0177051
9.11876 1.12188
9.10033 2.15506
9.3293 3.37476
9.2129 4.34941
9.09409 5.20247
9.46021 6.10138
9.02415 7.10051
9.03552 8.21355
9.27233 9.03899
0 10 64
1 11 58
2 3 0
2 12 58
3 4 23
4 5 15
4 14 48
5 6 13
5 15 59
6 7 27
7 17 37
8 9 5
8 18 68
10 20 56
11 12 0
11 21 73
13 14 1
14 15 4
15 16 3
15 25 59
16 26 73
18 19 1
18 28 58
19 29 60
20 21 2
20 30 86
21 22 1
21 31 62
22 23 2
22 32 65
23 24 1
23 33 61
24 25 7
24 34 55
25 26 11
25 35 80
26 27 1
26 36 59
27 28 2
27 37 73
28 29 2
28 38 61
29 39 72
30 31 23
30 40 50
31 32 5
31 41 65
32 33 2
32 42 66
33 34 7
33 43 79
34 35 19
34 44 69
35 36 10
35 45 54
36 37 13
36 46 76
37 38 14
37 47 64
38 39 12
38 48 83
39 49 67
40 41 7
40 50 56
41 51 66
42 43 10
43 53 55
44 45 4
44 54 63
45 46 11
45 55 79
46 47 1
46 56 50
47 48 4
47 57 59
48 49 4
48 58 59
49 59 68
51 52 2
51 61 74
52 53 3
53 54 9
53 63 51
54 55 20
55 56 18
55 65 47
57 58 5
57 67 58
58 59 5
60 61 1
61 62 18
61 71 53
62 63 0
62 72 83
63 64 24
63 73 82
64 65 18
64 74 44
65 66 8
65 75 52
66 67 5
66 76 68
67 68 12
68 69 15
68 78 67
69 79 48
70 71 13
71 72 12
72 82 52
73 74 13
73 83 49
74 75 10
74 84 54
75 76 25
75 85 78
76 77 18
77 78 0
79 89 89
80 90 63
81 82 3
81 91 53
82 83 4
83 84 8
84 85 13
84 94 74
85 86 12
85 95 53
87 88 1
88 89 25
88 98 60
89 99 50
90 91 5
91 92 1
92 93 14
93 94 7
94 95 8
95 96 23
96 97 28
97 98 1
98 99 15
353 359 507 183 608
103 353 402 372 592
391 291 215 690 260
616 517 174 521 692
382 151 47 677 647
136 100 568 635 577
625 655 38 396 253
575 361 619 335 626
268 221 537 65 307
317 641 290 574 162
680 676 173 63 379
471 294 532 32 678
242 55 507 169 562
315 226 129 318 437
179 325 456 359 37
123 698 76 471 218
274 588 123 567 241
554 696 437 493 424
186 557 445 1 446
464 110 171 340 292
159 54 98 344 1
698 557 640 502 399
549 582 252 150 70
642 475 535 351 266
104 614 500 603 179
427 158 408 535 626
695 225 228 152 187
337 462 5 16 181
221 552 477 409 227
649 6 563 591 187
278 280 673 506 125
586 146 291 517 277
221 196 534 226 23
143 379 21 395 473
684 28 149 146 231
368 253 533 686 638
485 379 596 428 126
431 380 628 398 152
416 581 462 290 279
626 77 696 298 115
653 624 280 101 432
230 86 516 64 524
40 499 512 673 252
112 398 583 324 85
693 115 638 273 471
354 564 0 558 241
58 182 127 122 345
544 302 7 343 461
278 583 689 66 314
133 482 652 503 660
298 278 249 656 289
139 210 692 610 580
404 205 256 188 22
264 7 192 187 657
76 682 169 661 409
167 263 37 68 395
328 350 526 189 247
192 246 303 524 316
99 381 85 111 360
163 429 585 414 545
693 113 433 323 228
295 447 380 3 446
398 182 456 337 46
3 385 673 159 245
319 273 214 570 626
632 50 307 159 368
303 252 445 154 694
634 381 654 442 100
591 685 601 261 459
177 631 365 33 307
6 358 587 377 540
434 424 341 611 406
685 257 411 230 32
456 307 403 311 553
255 370 86 451 135
405 71 153 457 279
27 634 400 366 599
667 48 689 417 502
390 438 404 403 119
122 629 469 242 219
94 551 627 254 630
416 664 368 278 468
680 383 614 410 262
29 104 558 478 541
599 504 292 182 8
355 502 109 357 383
555 367 407 448 340
406 550 268 652 224
415 483 621 692 89
269 658 38 101 509
303 477 350 357 75
505 210 187 653 202
643 658 639 81 654
504 344 79 501 383
39 333 59 256 681
307 372 578 259 567
128 227 264 440 136
509 150 155 677 172
295 630 617 626 58
356 623 532 659 83
547 212 415 687 528
41 621 678 593 500
425 282 528 519 87
591 53 272 105 465
380 193 450 659 661
239 663 108 44 548
606 201 305 597 480
679 192 212 41 432
657 697 72 509 411
312 111 379 277 275
201 328 151 272 286
649 3 382 549 151
518 415 111 201 576
102 477 624 429 232
278 226 183 450 199
382 664 47 679 542
553 335 83 605 476
103 224 594 94 565
543 182 667 133 39
226 413 354 150 398
364 568 563 490 317
304 538 489 101 84
571 252 550 55 125
383 176 660 631 627
313 306 291 418 577
117 196 447 652 49
337 657 327 14 272
22 258 285 274 461
448 88 263 339 243
334 35 215 268 124
644 216 112 309 515
313 113 111 503 185
289 396 60 541 1
287 696 6 522 69
188 246 689 513 285
654 215 453 70 56
408 393 289 11 16
51 195 344 294 445
245 133 283 392 626
449 250 486 187 568
