5
1522
1
49
66
0.211368 0.407223
0.409682 1.31833
0.00417843 2.23919
0.438638 3.21332
0.0824165 4.31703
0.443826 5.33476
0.277567 6.26426
1.08279 0.152428
1.18912 1.37608
1.145 2.06612
1.44639 3.08194
1.49624 4.18393
1.16633 5.10457
1.39306 6.34236
2.17072 0.241431
2.48355 1.45713
2.00885 2.13053
2.22175 3.35729
2.37709 4.17075
2.01955 5.39684
2.28948 6.37991
3.31521 0.142281
3.19502 1.46988
3.42654 2.49203
3.34384 3.26466
3.22003 4.49463
3.48189 5.10714
3.04048 6.4302
4.15761 0.348663
4.39132 1.07053
4.39808 2.19479
4.46235 3.17456
4.34174 4.21347
4.48812 5.46818
4.44169 6.01239
5.1855 0.396892
5.13048 1.32081
5.29175 2.49849
5.39349 3.10618
5.08847 4.48433
5.0158 5.06642
5.2871 6.32377
6.32238 0.332596
6.10261 1.28535
6.48844 2.23628
6.04138 3.47666
6.37954 4.04349
6.20591 5.38609
6.049 6.04095
0 1 13
0 7 55
1 8 49
2 3 27
2 9 72
3 10 64
4 5 23
5 6 11
5 12 46
6 13 71
7 8 7
7 14 69
8 9 3
8 15 82
9 10 19
9 16 55
10 11 3
10 17 49
11 12 21
11 18 56
12 13 14
12 19 54
13 20 57
14 15 20
14 21 72
15 16 30
16 17 13
16 23 90
17 18 10
18 25 53
19 20 17
19 26 92
20 27 47
21 22 8
21 28 53
22 23 15
22 29 76
23 24 5
23 30 61
24 31 71
25 26 17
25 32 71
27 34 89
28 29 15
28 35 65
29 30 0
29 36 47
30 31 4
30 37 57
31 32 8
32 33 9
33 34 3
33 40 33
34 41 53
35 36 3
36 43 61
37 38 6
37 44 76
39 40 5
39 46 82
40 47 75
41 48 48
42 43 14
45 46 21
46 47 11
47 48 10
47 114 95 106 148
137 255 306 233 226
129 125 216 24 89
248 101 265 311 311
156 207 320 225 241
214 30 277 137 307
96 31 90 14 83
305 106 1 323 86
318 39 57 249 167
168 139 3 142 196
162 66 22 251 226
119 127 112 50 243
28 35 260 120 174
225 265 33 217 79
125 312 316 96 272
210 113 279 156 23
265 179 97 161 90
93 296 200 244 3
173 177 121 178 116
4 29 89 82 22
93 191 81 193 82
31 13 49 198 115
144 127 327 244 292
75 2 275 231 125
154 200 232 184 208
265 327 71 128 284
167 153 289 188 155
25 5 286 209 33
272 30 296 217 206
241 62 239 102 82
235 6 47 145 180
190 193 24 126 203
217 245 268 315 306
262 225 113 76 260
170 106 270 194 296
216 84 4 140 313
233 242 300 271 193
311 10 66 319 231
164 147 218 323 63
81 255 195 298 247
84 141 102 272 264
151 103 325 202 10
2 136 244 106 306
263 119 52 202 182
14 302 295 207 221
148 260 171 188 229
93 132 181 177 182
305 314 9 113 45
73 251 153 65 250
101 324 69 262 9
208 124 31 56 152
48 316 150 263 59
189 238 289 73 69
85 1 6 25 252
325 272 24 83 279
270 152 205 294 11
248 323 147 227 105
207 115 19 256 161
9 181 276 62 162
290 286 25 158 101
202 86 36 148 1
112 214 67 179 40
1 209 216 229 224
301 35 184 248 311
316 46 22 273 273
270 34 33 13 121
