10
1047
1
49
66
0.370658 0.408685
0.211781 1.24233
0.246834 2.37776
0.016973 3.03228
0.0807485 4.41787
0.291758 5.25183
0.323278 6.23524
1.38799 0.335852
1.37615 1.35663
1.19258 2.05957
1.33975 3.09506
1.45012 4.43945
1.04137 5.00658
1.29913 6.39868
2.36713 0.335893
2.18046 1.43325
2.13671 2.04113
2.14269 3.17744
2.16032 4.02649
2.21733 5.30771
2.22443 6.35386
3.2585 0.0964713
3.30412 1.08055
3.40052 2.47645
3.3229 3.01433
3.28661 4.17555
3.06217 5.00574
3.01706 6.02236
4.27734 0.380828
4.27115 1.29781
4.24647 2.27857
4.11643 3.08237
4.10325 4.09879
4.46114 5.18292
4.20665 6.04293
5.05246 0.292863
5.48317 1.09487
5.15964 2.23189
5.20377 3.05781
5.12341 4.36442
5.24997 5.35363
5.30514 6.07869
6.02457 0.375408
6.39163 1.28473
6.37546 2.37366
6.3099 3.29431
6.35658 4.00632
6.3514 5.22387
6.46273 6.18089
0 1 10
0 7 64
1 2 2
1 8 74
2 3 15
2 9 60
3 4 4
3 10 84
4 5 13
5 6 2
6 13 62
8 9 12
8 15 51
9 16 60
10 17 51
11 12 26
12 19 74
13 20 59
14 21 56
15 16 3
15 22 71
16 17 0
16 23 80
17 18 1
17 24 75
18 25 71
19 26 53
20 27 50
21 22 3
21 28 64
22 23 6
22 29 61
23 24 5
23 30 54
24 31 50
25 32 52
26 27 3
26 33 88
27 34 75
28 29 0
28 35 49
29 30 2
29 36 77
30 31 8
30 37 58
31 32 1
31 38 69
32 33 23
32 39 65
33 34 16
34 41 69
35 36 27
35 42 61
36 43 57
37 38 3
37 44 77
38 39 5
38 45 70
39 40 8
39 46 78
40 47 70
41 48 73
43 44 1
44 45 4
45 46 3
46 47 0
236 363 431 479 328 643 232 334 129 274
44 492 457 164 303 472 110 58 240 88
80 79 643 94 2 0 596 616 102 39
85 556 388 146 245 283 24 199 226 71
326 414 113 357 465 101 600 311 577 493
504 313 149 273 346 190 219 633 350 213
356 354 552 146 571 517 177 491 242 541
260 468 472 378 204 98 353 10 476 517
327 45 510 238 220 342 603 252 353 565
120 348 341 352 162 228 653 179 214 376
217 37 312 397 658 192 450 216 220 543
237 236 537 641 136 25 246 598 289 353
104 598 124 103 199 320 503 511 191 488
343 76 590 403 327 177 70 151 516 364
434 653 40 80 550 292 288 127 507 284
170 563 139 236 456 494 424 594 238 344
136 8 568 228 195 63 501 523 174 70
346 413 111 257 362 21 368 228 274 630
292 210 408 54 342 48 481 657 457 157
400 599 391 99 367 635 376 305 473 622
614 126 486 308 309 504 626 294 279 108
286 601 65 458 94 350 312 490 377 144
116 42 497 502 78 19 549 194 599 637
266 598 198 271 13 119 109 500 16 564
656 412 228 248 387 139 613 459 178 489
544 448 559 163 407 636 141 490 191 565
490 184 378 92 469 109 249 528 50 451
195 521 647 75 234 53 2 49 195 553
282 262 442 179 565 125 29 9 33 151
426 455 257 626 127 92 61 571 269 428
17 202 63 382 564 210 492 617 557 448
345 650 249 264 555 31 82 151 284 213
250 7 321 35 30 133 655 117 55 115
564 392 654 438 221 538 643 15 428 62
637 578 301 485 231 28 491 594 489 333
6 23 229 157 619 130 11 404 159 464
425 315 100 172 423 521 245 310 318 401
66 14 165 84 64 552 284 174 509 80
353 194 280 219 573 508 578 577 432 290
1 647 598 252 274 250 118 183 452 350
413 623 2 307 253 259 517 458 640 366
188 569 40 472 2 522 72 316 254 132
247 104 475 623 267 637 462 582 656 179
22 131 315 593 633 605 38 281 415 568
356 624 124 138 442 153 426 370 549 145
328 392 248 228 125 290 488 214 641 157
609 468 295 615 379 540 396 423 62 455
387 76 410 61 487 516 315 613 611 220
119 394 545 43 172 212 37 555 509 317
421 442 372 373 434 414 310 460 494 84
435 502 48 427 425 321 204 582 189 657
247 299 504 600 301 393 447 186 85 70
302 614 57 656 275 472 636 534 354 263
45 370 586 583 258 105 627 1 636 55
463 142 152 631 463 204 343 349 337 333
475 650 345 409 457 165 149 196 8 79
545 380 165 546 92 116 479 67 375 170
378 137 105 359 287 195 432 18 509 472
562 255 388 342 436 652 14 208 21 123
460 260 330 52 221 507 480 30 81 475
198 629 205 181 114 340 446 485 229 113
440 545 404 461 215 344 658 341 550 40
42 46 76 591 169 645 654 482 585 210
212 369 535 371 409 397 83 631 574 101
534 484 335 141 377 452 168 71 476 513
385 495 449 99 571 259 503 138 143 494
