5
492
0.5
25
24
0.0669053 0.440908
0.0570588 1.26862
0.351437 2.0227
0.195204 3.22127
0.461926 4.20414
1.31747 0.168187
1.13748 1.01576
1.05612 2.24883
1.25716 3.23219
1.19829 4.0299
2.31698 0.108241
2.20078 1.00455
2.28898 2.11397
2.09501 3.40893
2.02742 4.41801
3.22248 0.0355048
3.17616 1.36453
3.26435 2.12094
3.46383 3.04454
3.14412 4.43123
4.37637 0.469204
4.16026 1.34218
4.22354 2.46619
4.19836 3.31912
4.1939 4.14555
0 5 79
1 6 68
2 7 45
3 4 17
3 8 67
4 9 47
5 6 11
6 7 5
6 11 67
8 13 53
10 11 7
10 15 57
11 16 62
12 13 12
13 14 4
13 18 87
14 19 71
15 20 73
16 17 6
16 21 62
17 18 13
19 24 66
21 22 4
23 24 0
39 51 78 46 73
57 4 76 23 93
81 33 12 85 47
105 104 111 79 33
87 54 60 16 65
6 78 82 117 40
23 115 84 47 57
15 46 9 74 46
48 39 85 27 88
28 116 3 25 74
28 33 73 73 17
27 16 69 91 26
99 95 3 55 112
72 93 76 73 85
10 21 41 80 4
12 78 39 106 33
57 25 39 10 30
27 66 86 20 37
56 8 56 61 22
100 32 57 16 39
76 94 89 53 94
98 24 46 43 87
107 85 42 116 73
103 18 38 106 17
