5
1073
1
25
40
0.369204 0.482651
0.372238 1.20893
0.301174 2.23326
0.395842 3.35292
0.279521 4.14656
1.48769 0.055617
1.40603 1.30157
1.41078 2.31971
1.25498 3.29174
1.11448 4.00966
2.353 0.295354
2.3816 1.08543
2.46852 2.32501
2.27218 3.18869
2.12717 4.1896
3.04598 0.456285
3.26145 1.33189
3.21302 2.03405
3.07991 3.23827
3.15448 4.13429
4.17141 0.224891
4.14933 1.48673
4.38959 2.00831
4.00791 3.39629
4.00878 4.4931
0 1 0
0 5 71
1 2 4
1 6 65
2 3 6
2 7 70
3 4 7
3 8 54
4 9 53
5 6 5
5 10 55
6 7 0
6 11 62
7 8 10
7 12 67
8 9 9
8 13 64
9 14 64
10 11 2
10 15 44
11 12 5
11 16 56
12 13 12
12 17 47
13 14 9
13 18 51
14 19 65
15 16 14
15 20 71
16 17 3
16 21 56
17 18 8
17 22 74
18 19 5
18 23 59
19 24 54
20 21 1
21 22 15
22 23 24
23 24 0
103 172 103 188 24
2 4 9 180 121
30 5 126 176 46
32 159 175 98 92
80 82 9 16 144
172 118 106 102 143
96 106 93 159 53
102 144 15 139 186
1 154 148 20 87
192 108 138 50 3
34 45 94 149 116
50 176 29 84 170
170 120 65 1 72
156 172 148 101 17
45 6 9 8 40
3 88 187 175 145
123 151 186 96 191
86 86 19 96 97
29 110 144 40 24
50 129 145 23 55
192 45 34 77 91
190 197 41 182 95
193 71 54 77 108
60 194 199 60 131
24 104 196 61 153
28 92 15 35 100
126 118 79 46 175
31 183 48 84 195
58 85 186 183 169
102 166 104 1 113
86 121 159 60 144
128 20 193 66 123
50 188 100 91 7
60 139 171 166 180
18 32 175 42 141
123 176 193 144 53
191 88 192 166 2
25 105 14 86 15
116 48 169 184 142
106 99 99 123 73
