10
257
0.5
25
24
0.380143 0.133414
0.0359801 1.43338
0.133317 2.24857
0.477847 3.313
0.104866 4.37461
1.22782 0.0320763
1.35026 1.08694
1.22026 2.33944
1.38176 3.0273
1.37363 4.2758
2.05246 0.219389
2.22812 1.08846
2.23204 2.377
2.15858 3.15672
2.30512 4.23063
3.48273 0.443448
3.34776 1.10287
3.457 2.485
3.04739 3.46414
3.21518 4.03407
4.315 0.0500235
4.40149 1.0709
4.45702 2.1861
4.18044 3.0538
4.19378 4.09931
0 5 54
1 2 6
2 7 69
3 4 24
4 9 80
5 6 8
5 10 52
6 11 56
7 8 10
7 12 64
8 9 1
8 13 49
11 12 0
12 17 77
14 19 58
15 20 53
16 17 7
16 21 67
17 18 26
17 22 63
18 19 11
20 21 5
22 23 17
23 24 1
73 7 135 57 108 204 72 26 204 208
192 137 75 207 212 187 64 161 36 131
51 151 20 232 46 16 213 133 212 232
199 193 155 9 177 181 220 171 203 221
136 29 158 29 131 7 171 115 101 178
167 107 218 92 228 66 47 225 125 125
76 3 186 84 38 235 12 143 11 60
138 95 103 108 71 146 58 178 135 199
74 22 60 115 218 110 12 20 156 205
220 53 236 73 142 102 71 0 121 141
95 139 202 55 113 214 66 35 163 128
203 3 125 29 85 54 35 82 48 109
233 63 11 125 24 199 53 29 195 166
204 227 235 30 8 183 175 54 94 208
144 163 42 138 77 234 56 232 138 126
35 157 111 23 196 28 0 77 102 54
205 125 119 24 77 77 163 225 84 70
14 195 205 221 114 145 95 130 47 225
198 235 220 118 32 50 12 138 236 221
45 99 10 25 185 81 14 48 210 200
230 152 149 140 146 183 98 87 126 186
145 26 207 114 47 45 0 26 152 50
186 25 141 8 207 140 209 6 144 82
194 189 231 63 72 24 123 211 24 179
