10
738
0.5
49
66
0.258311 0.0168741
0.305215 1.18318
0.162243 2.11448
0.0856173 3.15252
0.1187 4.40645
0.0497194 5.15883
0.173777 6.31128
1.43039 0.345193
1.49539 1.40008
1.4845 2.34896
1.24638 3.11267
1.15786 4.21443
1.45147 5.00735
1.14089 6.46666
2.02926 0.287001
2.22322 1.30335
2.35043 2.24424
2.34116 3.08373
2.05398 4.42115
2.20084 5.0407
2.29179 6.07942
3.16639 0.181319
3.31458 1.05446
3.46686 2.31645
3.05668 3.40543
3.16301 4.27489
3.40601 5.48517
3.38079 6.22056
4.18323 0.135919
4.16756 1.34667
4.244 2.34227
4.20313 3.29498
4.04269 4.37077
4.11617 5.38756
4.13926 6.22082
5.15147 0.365711
5.10605 1.2311
5.044 2.38274
5.28232 3.47462
5.27885 4.30927
5.00856 5.43097
5.44461 6.32169
6.08608 0.452553
6.16493 1.12377
6.38732 2.08884
6.36848 3.08246
6.21618 4.0459
6.48059 5.25401
6.30936 6.34492
0 7 74
1 2 9
1 8 75
2 3 5
2 9 84
3 4 2
3 10 73
4 5 4
4 11 66
5 6 8
5 12 89
6 13 61
7 8 4
7 14 38
8 9 1
9 10 15
9 16 55
10 11 6
10 17 69
11 18 57
13 20 73
14 15 12
14 21 72
15 22 69
16 17 1
17 18 18
17 24 45
19 20 6
19 26 76
21 22 9
21 28 64
22 23 10
22 29 54
23 24 26
23 30 49
24 31 73
25 26 15
25 32 56
26 27 2
26 33 45
27 34 48
28 29 1
28 35 61
29 30 5
29 36 59
30 31 3
31 32 10
31 38 68
32 33 5
32 39 78
33 40 56
34 41 83
35 36 3
35 42 59
36 37 4
36 43 67
38 39 0
38 45 69
39 40 17
39 46 59
40 41 28
41 48 55
43 44 14
45 46 10
46 47 17
47 48 11
124 254 619 229 577 103 331 561 371 624
112 51 362 390 200 188 577 189 83 407
605 265 107 152 471 313 442 144 519 540
372 57 533 586 428 201 142 357 572 319
162 108 337 616 382 580 258 517 461 2
316 507 652 321 246 624 177 274 564 82
23 26 132 557 379 118 623 358 194 201
582 564 205 643 274 105 530 72 504 425
95 443 81 72 416 81 125 215 103 71
516 412 433 99 13 398 427 167 54 212
45 75 108 336 192 332 31 224 637 430
499 231 361 277 59 105 387 459 430 642
61 584 659 130 548 402 635 131 546 400
71 604 429 157 413 381 93 83 341 313
451 410 35 413 375 198 406 436 148 252
260 367 415 296 467 88 464 416 571 387
302 508 270 515 432 383 332 93 359 505
275 624 576 499 450 212 81 162 22 301
89 489 638 128 384 518 48 603 611 169
515 310 190 512 104 97 270 200 593 509
371 189 10 268 108 217 35 9 583 201
194 558 395 613 618 544 199 344 554 592
484 654 554 419 572 487 64 270 499 473
654 435 557 319 178 541 315 604 261 227
553 358 343 420 307 6 344 387 405 414
312 541 69 546 385 483 445 37 321 92
371 369 557 354 563 65 445 577 219 482
647 133 218 181 475 395 655 345 358 651
249 467 95 248 175 228 421 382 300 650
324 249 462 114 433 600 310 306 543 176
99 403 306 61 492 607 363 395 170 500
631 193 495 601 262 191 464 611 145 42
516 578 141 141 320 285 524 81 79 290
68 265 442 136 524 77 419 638 199 548
27 36 65 349 51 93 384 647 115 332
530 119 17 655 232 197 360 122 451 214
495 227 245 105 202 423 479 572 103 32
231 144 97 383 40 86 336 295 468 430
383 653 402 159 268 269 658 644 260 188
559 119 298 59 24 611 474 605 316 635
533 7 361 195 659 19 158 194 434 633
198 649 505 169 369 416 450 342 227 194
528 577 108 404 55 595 33 522 508 251
212 89 98 29 612 629 71 12 645 644
98 505 85 47 609 322 395 395 614 127
67 596 186 33 573 639 326 270 183 533
464 49 240 46 573 167 278 407 532 645
9 632 319 528 71 122 340 15 325 500
256 414 524 102 428 335 37 337 234 220
423 617 481 575 409 301 458 600 4 266
301 238 489 627 457 33 169 424 57 255
321 527 499 165 508 348 494 481 659 486
383 521 345 75 260 118 92 152 446 48
6 245 347 374 656 212 73 237 314 499
620 438 114 116 657 356 471 122 144 187
155 656 149 655 120 195 573 232 438 502
612 307 54 396 302 239 251 497 198 659
132 225 482 623 591 214 601 138 298 75
398 515 3 136 105 31 409 385 104 426
357 423 3 87 169 576 35 326 294 78
461 264 381 639 290 124 607 400 7 195
490 391 612 378 341 577 595 30 596 550
427 659 132 472 160 657 341 484 195 20
274 604 259 653 565 250 159 588 594 617
598 619 241 405 464 151 609 463 307 524
245 530 172 35 527 653 44 113 597 639
