5
1050
0.5
49
48
0.17746 0.116164
0.17118 1.45671
0.0627148 2.22783
0.0949763 3.29314
0.113856 4.11199
0.258139 5.04868
0.149898 6.38263
1.28414 0.49032
1.43007 1.02113
1.3125 2.47918
1.28088 3.34183
1.36326 4.13697
1.12032 5.47849
1.45451 6.4326
2.33654 0.463481
2.0207 1.32278
2.4017 2.11454
2.26421 3.27375
2.44378 4.21713
2.08426 5.08939
2.28608 6.19922
3.08979 0.0115755
3.13481 1.39759
3.00499 2.06766
3.28882 3.38045
3.07595 4.36558
3.13894 5.25396
3.27015 6.24292
4.21578 0.315107
4.10223 1.13958
4.07779 2.35991
4.33819 3.08766
4.15815 4.24539
4.17993 5.40364
4.4113 6.2466
5.04303 0.111858
5.32968 1.28542
5.32106 2.35224
5.27638 3.11735
5.37587 4.46562
5.08964 5.28812
5.10457 6.03804
6.4996 0.383048
6.22436 1.36778
6.24769 2.17166
6.00035 3.34428
6.34802 4.17973
6.49126 5.35615
6.39185 6.08475
0 1 0
1 2 7
2 3 2
2 9 79
4 11 79
5 6 7
5 12 55
7 8 9
8 9 7
8 15 37
9 10 2
10 11 5
11 18 68
12 13 21
13 20 53
14 15 20
14 21 48
15 22 70
16 23 38
17 18 11
19 20 13
20 27 62
21 28 71
22 23 8
22 29 61
23 24 18
24 31 66
25 26 4
25 32 68
26 33 66
27 34 72
28 35 52
29 30 2
30 37 79
32 39 77
33 34 15
35 36 18
35 42 92
37 38 3
38 39 6
38 45 46
39 40 18
40 47 89
41 48 81
43 44 1
44 45 16
45 46 22
47 48 6
156 2 89 169 186
44 89 227 111 47
192 144 179 10 75
176 136 198 77 119
222 201 113 225 172
165 109 151 180 126
132 38 87 22 164
38 56 20 153 162
227 203 19 181 204
142 87 161 28 222
55 187 8 134 29
222 118 206 201 220
108 193 33 214 41
119 19 66 179 200
80 160 9 162 237
157 79 15 43 83
238 34 54 149 145
66 182 79 83 142
203 47 24 226 37
11 155 44 204 56
5 40 55 35 8
31 40 56 102 29
23 229 166 218 174
152 175 97 106 33
183 179 182 44 144
103 102 138 235 84
169 19 115 131 14
163 138 164 149 135
104 100 22 142 94
58 152 128 231 95
15 123 82 38 73
112 184 116 170 75
114 155 178 42 162
208 168 214 4 37
126 193 152 132 78
225 196 26 174 127
66 219 59 3 23
100 180 28 185 114
26 61 9 207 162
136 96 157 191 204
1 140 129 63 160
177 228 205 203 53
197 180 210 136 50
130 31 212 95 221
95 211 142 163 51
113 196 120 218 96
110 105 130 210 42
159 71 190 93 40
