10
596
1
25
40
0.246691 0.484372
0.472325 1.12003
0.0136928 2.03858
0.302679 3.28563
0.365815 4.37473
1.39136 0.113153
1.22915 1.19959
1.2211 2.34336
1.48426 3.18319
1.136 4.32502
2.47325 0.211805
2.13919 1.28764
2.0095 2.07021
2.09114 3.49632
2.47595 4.00905
3.14292 0.154115
3.20382 1.19987
3.31788 2.44751
3.44691 3.41195
3.15608 4.00035
4.13633 0.340229
4.0429 1.19555
4.03861 2.20393
4.46521 3.05041
4.30234 4.02326
0 1 14
0 5 72
1 2 29
1 6 48
2 3 18
2 7 76
3 4 4
3 8 75
4 9 49
5 6 10
5 10 68
6 7 1
6 11 58
7 8 17
7 12 50
8 9 22
8 13 38
9 14 85
10 11 21
10 15 42
11 12 8
11 16 67
12 13 5
12 17 83
13 14 24
13 18 86
14 19 43
15 16 4
15 20 63
16 17 7
16 21 53
17 18 8
17 22 46
18 19 18
18 23 64
19 24 72
20 21 6
21 22 0
22 23 27
23 24 10
105 321 261 385 260 228 187 344 383 214
175 84 217 139 295 92 146 220 147 111
391 346 245 246 289 114 111 254 41 289
81 40 241 117 367 88 374 185 50 247
58 371 110 273 51 98 34 101 40 207
172 305 208 292 172 5 314 355 119 109
44 20 276 65 35 383 46 336 37 34
132 189 391 340 17 362 244 104 296 271
139 66 48 71 5 52 212 248 157 393
370 303 334 305 353 236 356 344 203 230
6 326 31 393 192 253 210 375 347 153
286 239 37 187 17 29 53 256 230 231
164 361 64 202 180 200 172 150 274 313
386 266 209 250 210 249 15 99 305 105
207 197 64 319 373 386 309 301 139 265
72 164 158 85 96 154 99 56 77 157
7 221 11 92 211 7 371 228 182 129
217 290 392 297 25 389 130 115 102 373
156 385 198 166 365 98 191 359 74 300
359 367 11 127 198 161 15 253 198 86
280 368 56 3 94 61 0 132 179 349
148 191 304 226 142 248 123 130 380 380
33 77 244 163 297 48 147 219 181 297
279 240 106 360 49 201 140 78 302 200
298 27 295 329 99 260 382 322 84 104
196 289 165 17 119 173 326 27 274 143
81 37 90 227 251 387 270 305 2 151
352 204 175 391 213 305 107 336 204 259
285 1 296 232 117 51 255 48 176 106
112 88 35 399 340 258 163 138 0 378
240 172 377 108 383 364 197 225 223 116
81 283 306 197 392 132 320 132 300 29
138 373 367 15 279 353 389 6 159 398
257 148 190 51 32 173 110 268 262 172
361 99 194 168 359 374 241 294 79 2
177 329 260 392 222 399 77 158 108 327
182 10 383 126 261 245 1 111 223 250
20 127 338 22 308 68 167 234 178 172
251 96 226 251 261 22 299 104 382 257
52 340 171 284 191 65 397 311 278 250
