5
830
0.5
25
40
0.435733 0.0205762
0.176514 1.2821
0.468297 2.44999
0.154696 3.46298
0.435784 4.25188
1.26068 0.209516
1.27877 1.21454
1.42948 2.06366
1.253 3.27698
1.25175 4.13396
2.31841 0.422839
2.26714 1.42056
2.27066 2.19291
2.25069 3.33209
2.12417 4.22361
3.09432 0.23797
3.10476 1.04269
3.20689 2.35357
3.07984 3.06045
3.17621 4.45955
4.0952 0.0338321
4.14132 1.07165
4.30055 2.32607
4.36848 3.27109
4.29736 4.05475
0 1 16
0 5 52
1 2 18
1 6 70
2 3 20
2 7 61
3 4 18
3 8 69
4 9 52
5 6 1
5 10 67
6 7 10
6 11 63
7 8 11
7 12 53
8 9 0
8 13 63
9 14 55
10 11 3
10 15 49
11 12 0
11 16 53
12 13 1
12 17 59
13 14 8
13 18 52
14 19 67
15 16 1
15 20 63
16 17 6
16 21 66
17 18 8
17 22 69
18 19 6
18 23 82
19 24 71
20 21 3
21 22 10
22 23 4
23 24 4
37 174 11 39 117
107 172 172 39 79
175 119 151 66 38
38 12 177 189 99
128 50 104 13 80
72 141 86 111 90
103 89 36 17 140
141 140 113 19 122
121 5 183 125 178
7 151 149 110 186
21 118 189 59 46
197 118 107 183 34
34 112 121 62 73
37 176 107 68 100
99 89 73 119 4
94 81 197 5 51
179 16 19 83 128
145 146 189 115 151
59 112 110 42 146
138 184 175 106 27
90 174 47 18 61
168 57 156 66 139
93 18 24 199 67
173 97 136 127 153
145 63 140 97 66
128 51 189 83 68
11 105 97 181 21
193 40 195 128 122
103 143 126 28 79
69 58 48 97 30
182 186 88 196 11
113 183 183 101 49
196 22 173 156 73
0 64 66 188 195
162 115 179 197 136
198 156 132 108 194
10 173 73 104 67
121 129 135 147 121
51 18 90 187 159
88 158 19 184 162
