10
796
1
49
48
0.0364002 0.0761423
0.391415 1.17987
0.247808 2.18477
0.106699 3.29307
0.452604 4.02606
0.453001 5.00986
0.44757 6.32551
1.20529 0.337834
1.2591 1.29856
1.0589 2.43936
1.4396 3.35324
1.04337 4.47475
1.14294 5.48695
1.30835 6.36519
2.3598 0.155825
2.42282 1.01827
2.42153 2.36074
2.17151 3.38597
2.21532 4.09284
2.03718 5.31035
2.38174 6.11731
3.00082 0.271125
3.12932 1.38335
3.49778 2.22333
3.23746 3.1545
3.28887 4.13563
3.01899 5.39569
3.24447 6.17905
4.34169 0.0258042
4.39599 1.3921
4.02532 2.12217
4.25558 3.30036
4.3646 4.40665
4.38754 5.07435
4.28772 6.21474
5.41664 0.098524
5.1839 1.49776
5.18777 2.19545
5.12603 3.06433
5.1574 4.33294
5.01214 5.23952
5.49808 6.16955
6.18612 0.231578
6.07029 1.09545
6.43139 2.40665
6.04182 3.29413
6.20753 4.0783
6.36018 5.23404
6.41194 6.19738
0 1 22
0 7 74
2 3 9
3 10 84
4 5 0
4 11 37
5 6 0
5 12 44
6 13 54
7 14 73
8 15 74
9 10 24
9 16 86
10 11 25
11 18 74
12 19 57
14 15 4
14 21 41
15 22 45
16 17 16
16 23 68
19 26 62
20 27 55
22 23 23
23 24 16
23 30 33
24 31 64
25 26 17
25 32 68
26 33 87
27 34 66
28 35 68
29 36 50
30 37 74
33 34 6
33 40 40
35 36 15
36 37 0
37 38 4
37 44 79
38 45 58
39 40 9
40 47 85
41 48 58
42 43 7
43 44 23
45 46 10
47 48 3
285 323 77 182 239 269 191 134 148 421
416 181 303 98 41 284 107 223 80 49
362 473 19 128 283 467 399 237 5 91
110 145 463 278 262 209 368 182 437 201
389 219 229 78 19 379 211 194 375 264
469 152 178 70 473 203 173 314 249 12
10 120 259 359 357 287 229 381 286 465
301 3 291 140 201 208 369 297 136 418
404 72 37 446 15 246 254 210 442 139
166 109 256 459 441 194 451 240 87 79
95 387 117 422 30 30 297 296 315 277
98 191 465 457 288 229 313 201 409 155
60 56 368 123 229 212 152 19 160 348
153 174 194 159 282 159 303 442 128 18
377 461 230 186 224 319 344 22 230 345
378 141 235 351 104 68 340 471 436 351
274 374 341 31 473 150 294 474 376 321
125 374 59 370 45 97 11 262 455 118
85 393 92 117 468 76 267 251 101 108
387 222 289 223 415 388 377 177 275 301
240 4 421 422 11 101 386 386 243 314
180 258 450 233 212 340 221 144 87 234
438 317 196 225 60 118 78 320 375 7
437 464 336 378 57 206 261 92 3 247
124 53 13 159 430 86 443 374 173 126
308 294 117 402 47 171 141 272 118 172
382 74 159 317 42 382 474 19 438 162
248 334 234 4 7 403 71 132 428 30
421 466 200 353 332 395 97 213 249 34
324 323 403 284 198 158 189 174 287 358
2 184 17 363 89 406 100 370 86 247
211 477 405 385 274 95 179 308 0 215
109 284 324 332 82 210 448 30 208 299
398 28 196 131 248 143 378 11 400 448
419 436 257 27 431 261 197 208 464 163
118 245 140 201 471 50 451 144 36 444
116 77 110 87 414 269 157 97 324 368
360 200 339 456 426 33 115 420 283 260
451 203 76 133 150 169 313 266 261 367
42 459 219 330 23 352 469 244 309 476
110 457 101 103 217 462 317 424 379 302
67 212 261 52 107 174 421 102 340 460
327 65 432 300 280 465 124 27 403 307
378 220 435 244 19 68 276 217 53 397
300 21 336 140 60 358 236 189 126 429
158 474 129 297 49 390 425 245 479 168
249 160 425 94 269 137 173 195 174 133
473 361 252 469 36 338 199 362 58 360
