5
789
1
25
32
0.475339 0.304408
0.097904 1.45497
0.392954 2.04043
0.225958 3.11821
0.00207226 4.34968
1.0274 0.138296
1.37056 1.14293
1.3337 2.21129
1.28322 3.24923
1.34829 4.01023
2.12787 0.0615703
2.25784 1.09375
2.36542 2.16256
2.42319 3.25476
2.41481 4.43816
3.31217 0.321968
3.02351 1.39149
3.47558 2.07095
3.43611 3.06376
3.26687 4.09587
4.4123 0.267078
4.13019 1.1519
4.03067 2.24644
4.17567 3.00817
4.4468 4.26432
0 1 24
0 5 35
1 2 19
1 6 80
2 7 59
3 4 14
3 8 67
4 9 85
5 6 22
5 10 70
6 7 2
6 11 56
7 12 65
8 9 4
8 13 72
9 14 67
10 11 8
11 12 7
11 16 48
12 17 70
13 14 1
13 18 64
15 20 70
16 17 29
16 21 70
17 22 35
18 23 47
19 24 75
20 21 18
21 22 6
22 23 9
23 24 17
48 75 80 117 108
129 98 111 101 59
145 3 74 53 135
67 34 35 156 14
122 76 25 115 69
74 48 24 17 92
129 132 115 69 159
103 70 121 132 78
91 56 128 58 85
16 23 71 19 3
25 78 58 55 42
108 16 77 87 36
63 38 154 94 68
54 16 66 98 20
135 28 123 26 139
58 54 48 151 53
32 29 82 18 92
114 143 59 45 10
71 137 5 54 18
59 136 110 133 95
129 123 122 94 113
3 15 37 113 145
121 34 15 19 107
16 13 152 53 140
131 8 113 87 16
44 90 46 98 128
45 137 57 0 12
11 121 136 31 136
118 109 8 84 108
108 147 31 90 71
12 41 131 91 146
136 63 116 120 17
