10
915
1
49
84
0.423983 0.428142
0.257438 1.24338
0.106314 2.05013
0.225837 3.22714
0.465201 4.30487
0.111477 5.08121
0.160743 6.26213
1.30774 0.173053
1.40637 1.08959
1.24537 2.23078
1.35595 3.131
1.21966 4.11828
1.36329 5.1687
1.12356 6.21415
2.31792 0.128207
2.29548 1.32268
2.30382 2.19108
2.30346 3.19812
2.40814 4.29368
2.32958 5.08474
2.48852 6.48504
3.17172 0.444894
3.37406 1.25407
3.08889 2.03597
3.46343 3.06189
3.0598 4.23559
3.06297 5.39435
3.14546 6.07286
4.34169 0.258642
4.25252 1.28044
4.18258 2.1159
4.38573 3.25656
4.18044 4.24658
4.08662 5.4191
4.33639 6.35299
5.42589 0.010042
5.04945 1.35823
5.05807 2.13158
5.01555 3.37913
5.20897 4.41668
5.38651 5.15946
5.21965 6.08714
6.1192 0.386571
6.23162 1.23813
6.39878 2.37233
6.18932 3.27842
6.11859 4.22237
6.29214 5.38543
6.05723 6.07706
0 1 11
0 7 56
1 2 10
1 8 73
2 3 8
2 9 72
3 4 15
3 10 71
4 5 22
4 11 48
5 6 3
5 12 79
6 13 61
7 8 6
7 14 64
8 9 10
8 15 56
9 10 7
9 16 67
10 11 9
10 17 60
11 12 9
11 18 75
12 13 15
12 19 61
13 20 86
14 15 1
14 21 54
15 16 1
15 22 68
16 17 0
16 23 50
17 18 7
17 24 73
18 19 5
18 25 41
19 20 10
19 26 46
20 27 42
21 22 13
21 28 74
22 23 18
22 29 56
23 24 24
23 30 69
24 25 26
24 31 58
25 26 0
25 32 71
26 27 5
26 33 65
27 34 75
28 29 6
28 35 69
29 30 4
29 36 50
30 31 13
30 37 55
31 32 13
31 38 40
32 33 6
32 39 65
33 34 16
33 40 82
34 41 56
35 36 24
35 42 44
36 37 1
36 43 75
37 38 3
37 44 85
38 39 12
38 45 74
39 40 11
39 46 58
40 41 11
40 47 57
41 48 53
42 43 7
43 44 11
44 45 13
45 46 4
46 47 11
47 48 15
216 812 137 235 92 100 173 604 611 41
340 506 463 492 480 530 669 688 580 623
482 48 296 465 774 465 119 146 295 377
376 254 555 666 732 429 50 320 132 312
28 310 383 38 658 824 709 107 834 524
22 477 318 542 117 322 500 582 704 192
308 750 370 441 513 24 285 269 356 31
802 754 127 589 387 450 560 471 345 553
491 72 259 460 595 399 797 585 680 725
346 266 182 729 136 82 438 102 664 528
357 175 82 318 417 828 603 304 467 602
61 831 718 208 778 229 385 534 605 84
329 101 55 663 22 712 355 624 586 819
781 344 377 550 650 772 522 737 790 350
325 710 677 345 687 714 461 658 485 539
825 467 143 68 78 71 713 773 745 733
15 4 710 821 417 799 693 477 219 240
186 229 479 180 704 788 87 24 363 812
520 80 581 666 406 558 541 113 464 491
238 775 781 74 455 307 72 244 17 227
316 202 281 680 756 694 4 2 247 15
248 101 830 642 416 488 342 51 479 607
711 277 26 135 446 204 215 668 174 417
591 50 90 478 254 557 610 6 176 14
220 469 757 763 509 608 286 443 280 795
731 311 485 179 121 492 23 402 776 225
104 242 473 823 616 28 745 553 222 381
770 406 336 750 426 15 456 723 230 216
275 648 353 536 543 452 526 687 152 735
772 216 659 290 23 143 613 747 29 807
753 95 109 410 237 631 594 39 727 431
87 699 659 647 700 0 706 219 313 798
739 101 227 746 344 41 72 241 517 614
550 777 578 17 413 35 394 103 504 374
381 142 89 53 829 662 15 668 622 821
264 616 556 74 96 569 780 554 812 463
42 796 737 805 402 311 683 297 525 492
237 50 757 58 122 29 301 92 720 602
311 485 308 619 497 159 804 327 619 309
182 682 186 416 588 613 423 801 233 801
204 460 183 728 700 413 205 95 549 655
553 643 714 193 207 68 302 38 696 286
164 327 808 377 609 579 621 513 446 783
315 187 331 409 179 499 567 234 320 509
68 348 527 94 415 365 750 170 634 141
141 406 28 251 110 70 629 755 699 42
777 325 48 201 213 770 601 143 560 110
729 636 279 594 768 434 293 745 317 838
722 20 229 593 493 595 278 13 208 91
423 31 4 608 256 555 569 631 355 618
652 140 791 317 492 598 378 715 585 776
35 609 617 829 764 486 486 672 612 50
54 600 303 824 205 265 817 723 515 759
679 317 264 813 154 163 419 47 467 421
71 296 573 359 242 209 188 626 416 191
214 1 262 767 696 173 652 767 600 278
604 465 799 399 185 61 158 582 222 474
540 562 334 358 352 555 588 732 839 99
76 17 227 255 1 420 403 824 700 435
662 312 707 597 754 503 208 27 404 414
453 592 744 767 213 182 803 107 634 184
284 195 377 453 429 280 396 276 678 441
355 335 139 138 17 198 164 97 615 813
550 60 763 236 333 294 735 676 550 238
0 655 554 359 784 30 459 589 796 44
231 478 206 18 420 495 570 25 611 329
621 303 85 684 618 360 719 780 199 648
555 586 571 79 37 137 546 317 113 761
4 345 71 26 504 595 41 698 744 214
566 204 236 715 371 536 602 609 304 369
663 101 229 743 262 709 700 838 561 764
71 445 492 37 355 662 681 279 273 592
243 33 392 299 631 532 448 253 805 378
342 262 826 644 355 396 88 38 711 423
807 154 333 537 750 311 58 108 21 598
286 512 422 40 793 219 207 588 228 130
234 809 250 507 617 789 281 411 426 763
648 555 605 262 244 478 633 435 452 2
343 795 204 739 569 111 606 720 71 302
230 478 445 114 238 780 523 706 335 774
30 71 293 269 746 117 625 355 193 294
397 587 165 394 153 438 534 471 325 690
799 234 98 463 337 145 572 145 402 329
262 83 353 573 768 722 529 263 577 175
