10
432
1
25
40
0.328654 0.475608
0.449266 1.32064
0.223505 2.17121
0.292269 3.0119
0.483194 4.24373
1.20736 0.484218
1.30901 1.29634
1.13613 2.07266
1.3014 3.34705
1.18802 4.06248
2.39404 0.043909
2.02361 1.29886
2.31355 2.33382
2.32819 3.42908
2.48961 4.19629
3.07212 0.00483354
3.42081 1.37293
3.3191 2.26297
3.1231 3.13387
3.25332 4.13816
4.32519 0.282541
4.49373 1.10649
4.15545 2.19008
4.06547 3.11214
4.1198 4.37846
0 1 8
0 5 56
1 2 14
1 6 54
2 3 4
2 7 58
3 4 12
3 8 64
4 9 45
5 6 6
5 10 75
6 7 11
6 11 45
7 8 10
7 12 74
8 9 7
8 13 65
9 14 82
10 11 23
10 15 43
11 12 18
11 16 88
12 13 1
12 17 64
13 14 10
13 18 50
14 19 48
15 16 22
15 20 79
16 17 6
16 21 68
17 18 12
17 22 53
18 19 8
18 23 60
19 24 55
20 21 11
21 22 21
22 23 6
23 24 3
273 97 270 128 272 91 326 226 350 30
328 242 113 14 223 94 26 295 186 299
153 87 278 391 374 185 125 8 298 194
275 272 196 171 214 218 369 317 271 44
86 167 76 394 260 258 171 187 370 71
175 51 1 225 75 39 298 221 179 396
364 390 207 13 315 385 161 304 18 278
132 113 94 52 242 269 396 121 96 172
357 76 308 233 153 199 265 132 302 106
40 278 316 294 318 232 132 87 101 97
45 209 113 176 294 90 98 369 356 332
41 379 393 113 150 48 247 59 29 316
239 241 122 373 160 316 309 392 357 110
211 373 127 373 348 360 370 336 103 395
126 377 194 246 357 47 96 51 70 165
238 237 210 188 253 140 96 86 219 321
256 13 260 124 289 379 313 394 380 103
68 78 316 183 90 9 363 15 248 34
273 116 31 19 29 132 96 351 374 218
115 8 65 104 153 76 287 243 341 22
142 34 304 305 260 308 318 8 384 256
153 332 38 228 361 73 126 180 131 200
95 184 340 294 267 202 75 302 227 53
102 261 268 342 152 369 66 24 268 79
213 277 89 397 189 123 40 28 107 98
240 46 273 329 217 237 29 241 214 10
290 7 253 345 15 269 82 175 47 330
41 339 245 165 363 379 384 110 137 350
194 17 280 61 339 101 101 79 254 185
177 394 57 99 275 367 203 183 166 88
314 355 130 139 372 106 297 223 65 64
31 374 32 356 313 74 255 81 21 205
382 267 57 271 119 282 384 17 137 337
76 99 160 236 210 200 216 222 187 89
172 256 282 146 16 184 338 358 189 30
55 46 162 231 349 170 169 298 65 302
350 56 198 384 272 177 284 89 93 96
38 298 166 102 211 382 115 65 364 4
134 276 175 253 58 92 195 342 369 62
300 160 203 47 86 7 34 388 329 226
