10
498
1
25
32
0.26298 0.470957
0.17234 1.02834
0.375875 2.262
0.485836 3.34718
0.300366 4.15148
1.30314 0.184154
1.24896 1.19376
1.13344 2.04879
1.10359 3.04289
1.01049 4.20721
2.35351 0.0680036
2.28967 1.42695
2.04902 2.31455
2.16251 3.22332
2.14791 4.1254
3.28854 0.0635981
3.09755 1.34938
3.21943 2.08073
3.39887 3.27881
3.32909 4.41476
4.29083 0.438421
4.45176 1.10369
4.29887 2.43404
4.32819 3.01948
4.44593 4.09692
0 5 66
1 2 13
1 6 68
2 7 48
3 4 12
3 8 39
4 9 45
5 6 3
5 10 66
6 7 7
6 11 66
7 8 2
8 9 6
8 13 67
9 14 72
10 15 59
11 12 15
11 16 51
12 17 74
13 14 1
14 19 75
15 20 63
16 17 8
16 21 86
17 18 11
17 22 68
18 19 4
18 23 59
19 24 71
20 21 10
22 23 2
23 24 7
173 130 117 94 173 158 100 199 238 61
61 102 185 18 31 220 299 240 185 107
245 33 122 48 156 39 300 112 77 178
117 198 128 31 296 125 176 216 298 91
76 243 306 202 298 23 315 24 263 129
207 46 234 176 285 292 133 115 151 287
116 211 267 175 257 227 230 30 206 200
85 3 98 116 64 217 78 235 103 146
59 71 189 299 264 182 227 278 204 283
295 103 108 46 154 154 281 264 242 279
107 74 82 153 127 309 197 319 11 99
234 179 305 92 197 12 90 295 240 309
169 79 265 225 11 160 120 245 2 44
188 89 19 94 191 183 246 34 295 315
276 308 26 76 133 148 306 295 52 310
101 86 44 174 9 190 257 207 40 300
94 116 161 29 292 172 289 200 174 60
114 308 164 267 30 241 232 76 159 309
5 291 59 51 16 194 190 148 94 50
280 111 72 71 120 130 281 122 29 51
236 238 209 163 254 219 205 121 81 289
313 248 105 2 27 60 36 35 173 273
98 227 261 20 257 29 48 175 163 46
238 169 160 200 192 32 122 162 261 132
113 41 286 278 132 243 101 98 225 118
271 269 278 293 217 31 20 300 232 278
232 132 117 308 174 4 127 7 290 62
45 14 51 172 178 145 92 92 215 216
152 133 255 264 204 242 15 247 75 10
76 9 261 37 31 79 64 266 70 208
141 260 120 245 113 265 141 295 5 40
73 188 79 133 137 25 132 76 183 53
