10
905
0.5
100
99
0.103777 0.0688832
0.473686 1.0675
0.494762 2.08585
0.344729 3.23074
0.0139664 4.26091
0.255418 5.48343
0.0314784 6.45749
0.0511418 7.3466
0.317797 8.11357
0.480647 9.03969
1.29893 0.322083
1.01196 1.02262
1.00774 2.31522
1.07462 3.34584
1.27358 4.032
1.24236 5.12906
1.24701 6.29889
1.32403 7.37629
1.25679 8.24985
1.38784 9.21001
2.01554 0.163387
2.26556 1.15223
2.19374 2.32623
2.35071 3.21158
2.42843 4.37494
2.23694 5.04537
2.09132 6.14591
2.25682 7.15961
2.13455 8.17807
2.18676 9.06535
3.3031 0.382584
3.4835 1.39224
3.08266 2.38679
3.40602 3.4267
3.28058 4.00789
3.13691 5.29414
3.47273 6.44444
3.26577 7.24967
3.27938 8.37176
3.07033 9.48526
4.24713 0.439527
4.17594 1.28287
4.46972 2.34962
4.29888 3.14856
4.10346 4.29327
4.27672 5.43031
4.47937 6.33559
4.17102 7.28252
4.01378 8.17362
4.15881 9.38551
5.45391 0.106122
5.15207 1.40857
5.14292 2.0876
5.00506 3.23139
5.3964 4.34486
5.46328 5.04692
5.14281 6.22681
5.23226 7.16073
5.30881 8.48268
5.11256 9.2963
6.04388 0.49151
6.43229 1.0296
6.10748 2.31371
6.43647 3.05946
6.25024 4.0272
6.20071 5.45812
6.06993 6.25757
6.09868 7.12988
6.24145 8.33878
6.34051 9.18275
7.19788 0.150933
7.26038 1.49032
7.25202 2.30992
7.19106 3.2424
7.32885 4.14689
7.48688 5.41623
7.03677 6.29182
7.02876 7.27986
7.36657 8.35968
7.06074 9.12759
8.01234 0.106165
8.04707 1.27533
8.36021 2.05785
8.24162 3.04671
8.4944 4.10266
8.45295 5.43232
8.35897 6.44182
8.34202 7.47731
8.45645 8.36862
8.26201 9.45391
9.27623 0.296243
9.24642 1.41917
9.40207 2.49848
9.23796 3.25575
9.09972 4.09922
9.3715 5.21623
9.00973 6.17984
9.32933 7.00176
9.0806 8.225
9.46464 9.03943
0 1 23
1 2 1
2 12 32
3 4 21
3 13 46
5 6 14
6 7 1
6 16 77
7 8 17
8 9 10
8 18 59
10 11 18
11 21 79
12 13 4
12 22 75
13 14 13
13 23 81
15 25 63
17 18 4
18 28 56
19 29 51
20 30 81
21 22 5
21 31 77
22 32 56
23 24 5
23 33 67
24 25 12
26 27 10
26 36 87
27 28 8
27 37 64
28 29 3
30 31 11
31 41 44
32 42 88
33 34 8
35 36 21
35 45 72
36 46 64
37 38 1
39 49 69
40 41 5
42 43 11
42 52 43
43 53 45
44 54 82
45 55 75
46 47 20
46 56 42
48 49 9
49 59 60
50 51 19
51 52 1
51 61 81
53 63 91
54 64 54
56 57 6
57 67 55
58 59 12
58 68 59
59 69 78
60 61 25
62 72 72
63 64 12
63 73 48
65 66 8
65 75 81
66 67 2
66 76 61
68 78 71
70 71 4
70 80 52
71 72 1
72 73 4
73 74 9
73 83 66
74 75 10
76 77 1
76 86 84
77 78 21
79 89 76
80 90 80
81 82 20
82 83 8
83 84 16
84 94 38
85 86 6
85 95 58
86 87 1
87 88 7
87 97 62
88 89 12
88 98 39
89 99 76
90 91 2
91 92 10
93 94 9
95 96 23
377 886 850 384 882 171 348 349 573 81
433 773 614 594 589 337 943 624 721 970
965 258 788 586 871 968 920 900 893 928
197 887 43 940 945 829 556 105 53 771
521 442 249 748 855 688 600 141 186 140
957 856 699 701 783 356 413 513 695 49
762 915 866 621 704 329 421 500 657 117
713 784 535 954 677 789 262 738 420 794
415 149 768 840 221 413 820 497 852 705
887 464 516 895 199 355 636 864 895 53
847 318 75 650 624 865 319 496 721 806
814 782 534 548 774 51 453 469 223 511
355 193 976 362 824 558 530 464 439 565
398 852 645 221 182 288 786 390 652 303
571 162 554 159 327 98 805 693 242 506
836 42 503 818 294 16 17 653 750 944
420 244 970 770 836 439 811 241 304 526
261 106 43 293 364 394 38 812 823 614
728 849 576 807 25 164 840 556 364 623
441 527 387 863 285 532 876 680 507 873
509 803 607 853 481 401 356 806 975 296
402 949 736 824 950 121 547 863 848 19
71 450 347 273 493 691 672 632 73 961
29 56 856 379 40 155 100 340 246 624
637 520 668 35 263 890 667 175 172 85
988 447 597 346 761 805 435 262 932 66
252 656 149 671 769 610 984 971 545 698
797 265 212 877 986 972 675 286 199 228
412 385 55 441 860 831 617 56 750 875
65 700 30 649 643 528 331 454 378 69
70 939 582 758 74 697 962 251 702 384
891 581 919 920 618 462 559 346 140 908
377 969 798 14 710 966 571 629 354 414
916 572 273 949 603 527 794 686 590 142
40 810 53 645 329 219 602 542 791 73
780 583 327 950 214 408 142 398 233 161
541 389 845 574 140 574 212 438 197 68
966 540 954 736 552 104 319 777 804 942
9 636 432 16 560 385 632 679 887 724
880 2 762 922 757 931 5 967 115 274
140 127 672 115 735 510 5 48 364 724
704 8 929 127 525 212 638 475 415 766
339 449 350 228 905 589 978 194 361 857
784 111 650 154 358 958 566 566 556 356
563 942 346 903 471 613 518 533 769 578
824 136 290 855 303 641 901 216 200 31
230 16 405 317 310 741 738 461 634 113
408 732 910 746 432 362 526 537 643 876
513 765 877 989 438 76 309 274 236 314
836 652 368 488 398 485 734 819 914 905
306 618 245 752 655 404 937 382 170 153
963 194 760 756 323 674 294 500 328 725
251 890 410 122 563 815 974 351 480 865
10 972 516 785 445 935 549 781 691 365
976 582 425 378 61 306 520 80 107 987
481 394 573 565 61 259 414 845 56 830
512 715 285 18 777 501 99 696 939 386
577 664 908 952 115 849 919 986 11 257
967 983 145 164 259 396 59 761 170 220
806 79 497 473 308 87 748 94 337 882
902 338 15 514 744 19 8 198 194 149
216 814 440 540 902 811 340 766 775 617
866 403 924 978 141 615 549 769 927 274
385 566 345 749 440 581 707 269 553 615
233 761 589 131 2 158 268 151 124 718
945 594 592 810 958 671 358 789 68 362
796 989 750 441 519 330 123 454 778 926
229 942 288 594 754 672 794 114 349 965
599 409 496 308 705 185 133 375 667 167
645 838 931 368 352 45 922 49 202 483
462 71 936 872 926 341 854 59 175 974
155 690 576 327 232 793 430 385 553 815
942 481 711 272 305 319 151 747 223 945
809 514 446 762 119 373 192 363 63 686
12 891 498 64 47 507 412 922 162 265
759 819 796 883 574 293 75 60 1 66
341 367 930 616 85 252 185 541 897 633
292 425 795 761 811 23 620 896 736 736
203 166 588 442 348 224 94 87 452 698
732 684 851 10 227 279 504 593 824 162
723 537 232 193 295 531 896 82 535 932
125 126 144 238 154 839 238 49 236 613
272 413 368 964 383 53 43 398 941 584
181 614 608 929 158 371 478 371 109 874
774 442 461 720 633 393 592 151 845 347
652 981 392 576 202 446 611 454 667 198
182 451 887 105 809 828 596 918 796 345
10 870 754 174 704 629 596 439 179 818
823 20 544 151 552 556 857 416 705 386
117 400 147 863 268 217 620 263 844 521
19 567 758 455 538 448 798 117 291 114
848 70 167 167 279 287 620 501 539 545
613 192 824 971 563 48 641 582 228 936
122 460 841 673 879 20 214 857 231 113
65 462 193 921 863 855 451 916 415 114
832 895 888 466 385 467 407 739 250 647
172 652 524 365 284 91 218 55 135 47
914 499 577 71 496 288 940 688 922 226
350 953 352 232 573 603 884 457 818 705
