5
1428
0.5
49
66
0.052565 0.120564
0.0358567 1.26234
0.133771 2.48823
0.284943 3.40761
0.356168 4.34094
0.387223 5.46687
0.442303 6.4094
1.49684 0.351597
1.44668 1.34883
1.22518 2.31648
1.41851 3.06504
1.24392 4.13658
1.02384 5.0431
1.12705 6.18309
2.04133 0.394959
2.33825 1.12623
2.12271 2.43732
2.45028 3.28118
2.07259 4.40761
2.2018 5.22359
2.46127 6.29651
3.34411 0.0330363
3.43928 1.14282
3.47812 2.2221
3.21802 3.48976
3.11637 4.2486
3.23871 5.42469
3.41187 6.48353
4.06393 0.446707
4.08199 1.18436
4.21426 2.13937
4.15211 3.06614
4.31503 4.28088
4.24227 5.28608
4.13135 6.3558
5.11398 0.0980676
5.10377 1.17623
5.21724 2.31923
5.3929 3.42521
5.30713 4.04239
5.14182 5.05437
5.10098 6.09577
6.17914 0.349397
6.39331 1.35454
6.34102 2.27873
6.31771 3.3747
6.39376 4.49339
6.24837 5.13844
6.43459 6.07997
0 1 1
1 2 6
1 8 89
2 3 10
2 9 69
4 11 56
5 6 3
5 12 40
7 8 3
7 14 34
8 9 14
8 15 56
9 10 12
10 11 11
10 17 65
11 12 14
11 18 52
12 13 7
12 19 75
13 20 84
15 22 70
16 17 21
16 23 86
17 18 24
17 24 49
18 19 8
18 25 66
19 20 16
19 26 66
20 27 60
21 22 6
21 28 46
22 23 2
22 29 41
23 24 16
23 30 47
24 25 6
24 31 59
25 32 76
26 27 11
26 33 63
27 34 46
28 29 1
28 35 66
29 30 8
29 36 65
30 31 4
31 32 10
31 38 78
32 39 63
33 34 7
33 40 57
36 37 7
36 43 82
37 38 11
38 39 5
38 45 58
39 40 10
39 46 69
40 47 70
41 48 84
42 43 14
43 44 3
44 45 1
46 47 9
47 48 12
210 274 138 315 106
92 37 152 149 107
75 121 54 258 264
215 154 321 257 216
301 168 164 163 80
48 165 156 72 281
329 287 93 241 134
31 62 283 318 234
225 290 101 52 301
53 24 128 65 201
283 210 11 41 41
13 245 306 247 296
266 281 322 238 114
316 40 167 83 216
53 158 43 165 310
140 160 324 38 312
57 259 214 32 219
33 88 76 279 169
275 323 259 179 65
200 15 287 77 31
314 283 262 114 182
25 236 123 30 288
100 306 50 10 82
213 30 8 291 282
48 306 202 112 27
145 287 199 242 192
263 89 82 237 55
6 250 19 28 98
185 303 112 284 217
95 283 296 58 29
309 235 324 151 31
184 21 189 308 203
212 293 132 188 132
49 206 300 51 256
208 310 43 219 220
172 205 239 124 300
289 12 26 319 192
251 308 91 224 97
65 29 288 82 148
38 97 166 126 284
315 147 222 254 102
120 275 277 227 172
209 227 6 121 143
97 201 33 81 193
78 32 128 170 214
240 203 229 96 45
23 143 70 12 186
189 65 114 158 0
99 196 224 284 70
181 242 133 261 182
142 1 90 269 154
31 141 243 25 3
281 196 152 164 267
295 139 86 307 288
232 315 27 167 243
228 329 230 77 119
178 308 85 19 32
142 20 196 267 328
84 2 189 21 215
8 67 168 230 68
155 3 254 283 325
69 56 31 291 206
5 276 92 205 215
128 250 302 276 7
212 118 311 2 192
201 198 304 238 203
