5
1526
1
49
48
0.412103 0.245793
0.418337 1.06699
0.0832676 2.28778
0.270934 3.05789
0.0887044 4.33157
0.221041 5.27676
0.450463 6.24816
1.19197 0.0791712
1.40161 1.36196
1.4485 2.295
1.29158 3.0826
1.39411 4.38619
1.23889 5.30197
1.2418 6.16223
2.14532 0.25764
2.40474 1.29872
2.09686 2.40836
2.30714 3.4324
2.15406 4.10326
2.38321 5.19082
2.25043 6.22971
3.19405 0.301697
3.48167 1.25666
3.1667 2.26969
3.46673 3.33942
3.07187 4.05076
3.39613 5.39783
3.20653 6.07562
4.24289 0.194152
4.326 1.37304
4.42225 2.41824
4.26554 3.41862
4.02258 4.19098
4.12524 5.17929
4.21373 6.00151
5.32858 0.45706
5.22863 1.2003
5.48673 2.20249
5.23685 3.45399
5.21188 4.18371
5.24544 5.06353
5.08367 6.03319
6.31863 0.124463
6.48307 1.29722
6.19868 2.09718
6.09493 3.40239
6.27163 4.10254
6.0903 5.17605
6.35901 6.23148
0 1 0
0 7 49
1 2 21
2 3 12
3 4 12
3 10 65
4 5 8
5 6 15
5 12 64
6 13 50
8 9 3
9 16 41
10 11 6
11 18 48
12 19 72
14 15 16
15 16 19
15 22 68
17 18 10
17 24 73
19 20 8
20 27 60
21 22 18
21 28 66
22 23 20
22 29 53
23 24 19
23 30 79
25 32 60
26 33 46
27 34 64
28 35 69
29 36 57
31 38 61
32 33 6
33 40 71
34 41 55
35 42 63
36 37 16
36 43 79
37 38 16
37 44 45
38 39 2
38 45 54
39 46 67
40 41 10
41 48 81
46 47 11
116 74 143 197 5
119 22 140 42 135
239 108 85 28 98
36 49 153 72 32
112 49 1 236 149
218 38 60 95 123
42 228 39 40 129
186 200 140 214 171
144 21 94 141 80
45 106 216 116 113
100 152 26 29 30
36 37 182 123 49
47 138 233 152 51
217 139 139 178 10
125 225 112 1 143
175 201 30 77 111
155 220 167 134 165
160 122 113 188 112
201 182 105 110 106
141 101 206 7 134
199 16 50 228 48
77 200 37 91 159
159 129 19 222 21
209 69 17 225 100
22 222 44 125 68
171 196 62 188 184
111 224 203 100 23
59 58 129 63 102
9 4 65 198 44
89 206 38 32 184
102 29 171 108 150
145 202 11 175 51
162 231 77 170 80
65 211 159 173 175
194 220 137 139 202
51 188 151 159 145
26 133 7 227 87
107 28 81 55 123
40 112 9 98 206
119 193 125 120 41
21 133 139 43 42
197 197 213 30 28
0 167 127 138 64
143 187 159 214 34
149 88 224 119 151
13 171 35 208 132
132 194 14 31 63
15 20 157 25 171
