10
446
0.5
49
48
0.228107 0.227411
0.315514 1.04779
0.0837346 2.31386
0.172882 3.41899
0.174179 4.32203
0.0290934 5.28198
0.162633 6.35289
1.46016 0.0331502
1.14064 1.34484
1.38086 2.21482
1.07484 3.02562
1.20819 4.36139
1.14575 5.03862
1.0948 6.20668
2.30119 0.33367
2.11401 1.25784
2.06529 2.15459
2.19037 3.38508
2.37229 4.41845
2.01827 5.42034
2.46809 6.2115
3.30651 0.256897
3.47167 1.11921
3.32404 2.06214
3.02294 3.05229
3.2607 4.47393
3.4355 5.46984
3.35233 6.18098
4.44231 0.342898
4.48535 1.01054
4.28769 2.19345
4.44278 3.15403
4.00085 4.24728
4.08992 5.26973
4.14891 6.0241
5.36192 0.256851
5.46558 1.283
5.39862 2.12431
5.0871 3.00362
5.29884 4.37467
5.29627 5.14808
5.20613 6.49869
6.10264 0.280434
6.1419 1.11542
6.48936 2.40431
6.33826 3.10909
6.03767 4.39967
6.04068 5.41243
6.2452 6.47799
0 1 6
0 7 78
1 2 15
2 3 6
3 10 57
4 5 9
4 11 65
5 12 71
6 13 59
8 15 62
9 10 19
9 16 43
12 13 3
13 20 87
14 21 64
15 22 86
16 17 8
17 18 12
17 24 53
19 26 90
20 27 56
21 22 10
22 29 64
23 24 19
23 30 61
24 31 90
25 26 11
26 27 5
27 34 50
28 29 3
28 35 58
29 30 13
30 37 70
31 32 28
31 38 41
32 33 6
34 41 67
35 36 7
35 42 47
37 44 69
39 40 0
39 46 47
40 41 6
43 44 22
44 45 10
45 46 19
46 47 0
47 48 13
313 315 397 423 287 314 170 335 416 382
211 173 71 155 476 92 452 133 265 383
42 85 31 330 376 36 434 141 392 392
225 68 15 446 143 177 455 259 350 384
440 186 252 391 182 179 360 442 448 131
29 318 2 332 361 199 343 412 419 224
101 386 219 318 256 190 164 219 104 434
130 400 469 278 213 286 270 470 375 315
328 358 430 26 278 30 419 205 458 158
452 189 180 64 214 288 479 307 376 330
392 294 433 472 403 392 132 0 215 35
381 153 205 12 202 401 59 6 217 335
78 363 83 178 191 192 387 192 457 95
304 128 236 308 39 453 242 235 410 391
314 445 35 59 288 10 62 62 277 315
444 5 6 39 380 61 432 400 162 237
159 50 458 406 176 278 102 7 421 403
38 305 246 337 81 372 138 293 53 335
121 354 275 106 299 148 340 105 415 199
192 250 426 227 403 1 295 210 195 236
174 265 419 470 359 180 201 244 173 201
401 90 352 29 458 290 375 308 477 305
358 103 361 60 460 126 179 30 406 145
148 374 158 93 365 180 396 443 223 83
288 114 449 261 347 227 250 428 339 8
114 244 26 240 423 285 49 405 185 16
461 432 70 26 466 196 85 175 474 164
393 230 274 297 209 420 60 226 17 168
380 140 207 423 340 250 261 289 233 241
375 477 451 467 73 321 462 427 276 267
60 23 213 321 92 23 270 332 100 455
235 34 39 236 134 273 355 138 282 94
139 180 242 453 346 437 81 389 372 206
385 2 50 317 371 262 194 59 220 239
412 171 198 477 7 274 414 7 149 120
12 17 258 372 219 476 136 204 292 195
146 281 309 296 22 4 85 21 379 365
351 116 107 96 260 348 372 9 100 296
248 446 296 471 157 18 267 258 259 237
109 195 343 214 252 463 268 144 174 69
0 229 77 433 414 383 330 207 315 438
117 369 116 228 365 274 115 41 41 340
162 339 59 45 245 309 329 51 269 323
478 325 423 168 406 176 270 335 463 233
185 144 339 37 320 17 332 250 240 459
142 410 124 59 464 418 473 416 282 205
310 314 215 116 254 414 446 161 124 407
471 5 15 113 231 328 479 257 308 203
