5
2152
0.5
100
99
0.285303 0.204926
0.0984578 1.22111
0.276696 2.3542
0.488924 3.49077
0.291465 4.13535
0.0466304 5.17761
0.271528 6.35714
0.113351 7.20814
0.333593 8.30962
0.348751 9.2473
1.41774 0.136323
1.21344 1.13597
1.10594 2.25889
1.18528 3.32209
1.49325 4.49414
1.1639 5.00503
1.30077 6.18574
1.46249 7.00946
1.25527 8.22193
1.11511 9.0848
2.43409 0.0224865
2.0213 1.48112
2.07826 2.40131
2.17765 3.47922
2.00454 4.15228
2.46228 5.03784
2.25254 6.17714
2.29673 7.31607
2.10832 8.43516
2.15491 9.0305
3.44547 0.0059379
3.45034 1.00703
3.06662 2.23811
3.06514 3.37808
3.32178 4.05972
3.45385 5.26751
3.20769 6.34522
3.32697 7.15154
3.2147 8.43735
3.14495 9.30268
4.06727 0.0573687
4.31609 1.1043
4.23255 2.4548
4.36928 3.44351
4.31611 4.22447
4.42752 5.17207
4.38535 6.13894
4.16752 7.22717
4.12994 8.07589
4.02268 9.08805
5.10596 0.328574
5.12951 1.07282
5.28816 2.31961
5.30437 3.25797
5.17753 4.35479
5.15612 5.04103
5.04643 6.48972
5.15895 7.16775
5.31197 8.1493
5.0046 9.40503
6.0449 0.0120194
6.44905 1.09023
6.41227 2.10249
6.17479 3.24117
6.26342 4.29805
6.33173 5.49159
6.24964 6.34867
6.17849 7.40159
6.31504 8.16439
6.45041 9.37024
7.41128 0.066762
7.00931 1.21185
7.00913 2.07613
7.27023 3.25822
7.13568 4.12362
7.1278 5.00939
7.46337 6.06266
7.46246 7.18385
7.26272 8.15175
7.43502 9.39055
8.09625 0.112777
8.10845 1.26135
8.23262 2.39597
8.49293 3.34681
8.33988 4.44511
8.19944 5.2802
8.1214 6.06074
8.28419 7.31637
8.26731 8.4741
8.41868 9.36141
9.37811 0.336057
9.48399 1.36473
9.23747 2.00877
9.4469 3.11346
9.02577 4.18577
9.04239 5.09172
9.00792 6.3794
9.2371 7.11947
9.28192 8.12782
9.39173 9.04334
0 1 12
1 2 11
1 11 71
3 13 44
4 5 15
5 6 14
5 15 71
6 7 10
7 17 85
8 18 58
9 19 48
10 11 13
10 20 64
11 21 51
12 22 61
13 14 19
14 15 21
14 24 32
15 16 9
15 25 82
16 26 60
18 19 9
18 28 54
19 29 66
21 22 4
21 31 90
22 23 6
22 32 63
23 24 11
24 34 83
26 36 60
27 28 12
27 37 65
29 39 63
30 40 39
31 41 55
33 34 16
34 44 63
35 36 16
38 39 4
38 48 58
40 41 16
42 43 9
43 44 3
44 45 7
44 54 54
45 46 3
45 55 46
47 48 2
48 58 75
49 59 62
50 60 59
51 52 10
52 62 71
53 54 8
54 64 69
55 56 7
56 66 76
57 58 10
58 68 63
59 69 91
60 70 86
61 62 2
62 72 38
63 64 6
64 65 4
64 74 55
66 67 4
67 68 9
67 77 81
68 69 9
68 78 60
69 79 62
70 80 43
71 81 70
72 73 17
72 82 77
74 75 0
76 77 0
76 86 42
77 87 52
78 88 64
79 89 62
80 81 1
81 82 8
81 91 87
82 83 16
83 84 10
84 85 9
85 95 53
86 96 56
90 91 7
92 93 13
93 94 27
94 95 1
95 96 2
96 97 14
97 98 3
98 99 7
309 109 379 197 353
409 108 58 278 364
296 384 250 270 114
109 413 61 296 298
30 78 430 406 365
249 169 63 291 407
423 471 224 76 393
48 435 378 224 16
467 360 40 362 107
105 226 443 189 150
397 215 21 6 401
369 137 349 36 474
323 209 18 249 475
436 279 131 342 396
266 314 485 135 235
32 400 220 192 178
31 219 48 73 178
136 480 494 413 470
148 183 419 71 422
299 461 167 192 449
250 297 399 300 194
165 183 457 463 155
374 431 410 40 454
244 426 281 4 384
66 225 175 269 149
459 187 429 446 381
488 47 283 460 188
131 57 19 387 182
429 155 125 86 77
458 6 475 205 338
92 447 394 289 68
187 488 138 398 422
84 349 244 439 215
404 280 37 179 425
448 62 236 7 233
26 210 457 162 295
177 491 416 213 330
46 65 298 82 456
198 154 178 243 40
203 322 308 205 426
373 464 213 329 438
401 423 388 203 429
60 274 3 337 247
125 470 217 177 107
117 185 1 242 385
8 49 189 255 416
282 457 93 423 310
472 93 299 414 273
410 87 295 460 163
233 24 36 370 488
90 358 273 320 287
272 301 77 378 246
427 249 25 334 440
377 9 428 331 366
104 133 370 199 233
143 336 367 150 146
257 378 279 397 482
14 44 123 239 493
484 316 494 49 189
160 23 210 220 366
114 169 303 400 378
461 441 132 428 470
200 447 456 282 349
201 439 132 219 179
90 41 323 232 257
77 437 360 180 400
32 22 473 281 478
400 161 56 207 171
260 477 469 223 293
300 258 263 478 251
99 69 246 443 111
344 110 184 243 297
97 336 167 415 38
97 348 299 240 211
477 28 405 62 435
303 293 167 217 138
434 277 109 428 472
138 115 305 463 55
461 141 432 397 40
299 40 13 246 313
270 127 292 268 311
142 221 60 120 326
313 304 99 230 297
486 489 24 439 254
417 451 461 77 356
309 79 360 335 332
213 243 443 76 96
7 190 102 87 17
415 251 487 464 271
368 464 303 64 420
96 466 467 236 353
389 279 388 291 236
286 400 374 206 85
121 244 336 336 406
181 199 333 388 235
405 488 332 377 145
221 15 329 457 454
295 97 74 43 467
424 278 16 437 301
