10
1322
0.5
100
140
0.37847 0.0578317
0.409031 1.39673
0.246309 2.1144
0.283085 3.12767
0.315116 4.36921
0.204737 5.07989
0.34212 6.40656
0.00534395 7.19936
0.282535 8.1417
0.379125 9.08494
1.4193 0.202344
1.02007 1.11344
1.05908 2.23523
1.04836 3.39521
1.26465 4.12684
1.38344 5.16602
1.41373 6.41894
1.20816 7.15346
1.33997 8.29063
1.26171 9.49993
2.47199 0.147971
2.20805 1.40758
2.47861 2.38785
2.04878 3.19587
2.32999 4.4128
2.26916 5.24272
2.41942 6.04288
2.42286 7.07591
2.36119 8.2545
2.10041 9.40796
3.27131 0.153926
3.37598 1.36088
3.0088 2.38709
3.34423 3.01114
3.38919 4.11945
3.00916 5.02699
3.40601 6.36469
3.19172 7.06453
3.33998 8.07759
3.31158 9.44452
4.14884 0.169405
4.11033 1.15039
4.2417 2.45873
4.06816 3.16344
4.46252 4.17494
4.06523 5.19548
4.47096 6.20883
4.24054 7.06993
4.08882 8.04966
4.32652 9.10048
5.00412 0.065244
5.31765 1.46286
5.109 2.25819
5.30917 3.32197
5.41121 4.25028
5.14428 5.14615
5.41484 6.2771
5.23531 7.11042
5.34926 8.45143
5.13548 9.41083
6.07459 0.211156
6.49544 1.08328
6.29502 2.24998
6.35206 3.35142
6.23088 4.44353
6.36312 5.29228
6.06223 6.14138
6.35258 7.13878
6.15214 8.0647
6.49664 9.17898
7.44332 0.339843
7.37085 1.43943
7.09824 2.29176
7.02704 3.16305
7.28853 4.03854
7.24246 5.16979
7.0075 6.12859
7.28 7.23071
7.25321 8.03365
7.11036 9.44756
8.19486 0.157876
8.17347 1.19593
8.03309 2.21646
8.4295 3.43793
8.45888 4.33801
8.16192 5.11229
8.47661 6.02291
8.22281 7.00528
8.09089 8.27609
8.30358 9.47155
9.08654 0.366351
9.21237 1.38896
9.15526 2.1395
9.2329 3.17768
9.24408 4.38381
9.27171 5.0189
9.11717 6.29803
9.10645 7.44809
9.451 8.40774
9.31197 9.18538
0 1 2
0 10 66
1 2 10
1 11 39
2 3 2
2 12 51
3 4 2
3 13 48
4 14 60
5 6 9
5 15 75
6 7 21
6 16 68
7 8 18
8 9 6
8 18 67
9 19 56
10 11 25
10 20 67
11 12 2
11 21 75
12 22 90
14 24 67
15 16 2
15 25 56
16 17 13
16 26 64
17 18 8
18 19 5
19 29 53
20 21 17
20 30 51
21 22 17
21 31 74
22 23 27
22 32 34
23 24 18
23 33 82
24 25 4
24 34 67
25 26 10
25 35 47
27 28 4
27 37 49
29 39 77
30 31 7
30 40 55
31 41 46
32 33 21
32 42 78
33 43 46
34 44 68
35 36 25
35 45 67
36 37 14
36 46 67
37 38 9
38 39 2
40 41 2
40 50 54
41 42 8
42 52 55
43 44 25
43 53 78
44 45 25
44 54 60
45 46 26
45 55 68
46 47 15
46 56 60
47 48 10
48 49 15
48 58 80
49 59 51
50 51 20
50 60 68
51 52 13
51 61 74
52 53 13
52 62 75
53 54 6
53 63 66
54 55 17
54 64 52
55 56 17
55 65 77
56 57 11
56 66 41
57 58 7
57 67 71
59 69 86
60 61 27
60 70 87
61 62 13
62 63 4
62 72 51
63 64 8
63 73 43
64 65 8
64 74 67
66 67 18
66 76 60
67 68 13
67 77 59
68 69 22
68 78 70
69 79 39
70 71 5
70 80 48
71 72 17
71 81 51
72 82 59
73 74 17
74 75 3
74 84 74
75 76 15
76 86 93
77 78 2
77 87 60
78 79 9
78 88 53
79 89 75
80 81 1
80 90 56
82 83 25
83 84 2
83 93 51
84 94 50
85 86 20
85 95 70
86 96 41
87 97 56
88 89 13
88 98 86
89 99 64
90 91 8
91 92 4
92 93 5
93 94 1
95 96 10
1230 1137 380 359 234 42 1376 1132 532 1371
1284 925 58 1016 191 473 407 597 1106 377
580 303 1229 1087 515 1174 944 499 417 993
500 538 977 523 966 400 7 633 846 95
158 1135 103 122 184 905 411 1233 1232 395
229 1297 17 548 264 1298 197 720 1098 1367
972 236 634 645 706 272 444 868 594 951
434 1301 328 764 583 279 981 1109 882 1101
24 1229 1058 184 802 919 617 730 340 567
259 793 95 272 224 34 820 1381 238 616
48 155 642 415 1359 525 251 512 1391 1190
1220 822 378 1277 1322 5 1103 861 397 217
140 935 1028 1127 331 1342 811 570 689 15
1271 714 1221 253 236 1358 593 18 553 910
1304 566 372 422 1285 424 338 657 1319 84
1051 438 1251 949 338 1150 38 160 686 135
306 1302 184 994 311 1364 756 1136 248 822
1257 1104 1373 466 102 821 1391 1166 386 417
98 229 279 35 736 498 832 561 488 1360
295 398 1261 1049 587 818 989 107 1224 1064
558 322 333 99 707 898 54 1200 577 397
386 584 1303 970 638 61 368 982 566 620
1393 1113 841 1153 1355 1239 10 276 1229 569
407 38 1147 1057 560 558 385 169 1263 838
164 1347 112 594 422 665 543 466 860 1344
523 1080 1141 1088 63 239 509 1075 204 377
159 1299 1033 1027 394 917 644 586 827 113
1054 1250 1230 1016 896 139 1048 869 516 670
913 225 164 125 56 294 54 279 799 903
581 1036 1316 516 1175 922 484 720 1159 80
326 282 614 419 1246 131 579 245 167 1185
1101 764 1396 12 356 295 979 751 1223 1269
750 618 981 821 469 754 910 122 684 766
182 770 1319 183 177 618 1018 663 928 229
813 1388 613 1280 24 214 164 1254 170 1164
1385 387 887 905 1008 1012 1326 882 25 539
1087 1312 546 904 191 1084 1155 263 940 269
317 152 1054 258 488 59 1278 1205 207 1382
976 1191 811 885 991 120 1229 81 1143 1113
932 1266 756 264 225 135 813 847 178 417
101 360 392 510 1073 144 1205 1177 1274 777
502 1064 326 698 694 1344 1359 346 1396 853
181 1259 461 635 173 329 1362 367 1013 27
1381 500 1319 109 43 848 933 12 1227 656
924 1224 548 378 975 535 179 958 1095 665
620 1046 1220 390 998 495 662 363 419 949
321 333 944 548 748 1087 616 1287 1237 1060
802 139 1332 663 608 202 1007 1248 1250 654
781 393 297 1229 178 260 105 1379 613 922
720 386 1211 657 467 932 1338 1298 443 868
241 159 156 529 544 583 444 728 400 303
1157 1062 465 779 65 159 560 715 526 1172
1249 889 398 182 656 368 1260 1162 185 550
1285 596 548 208 76 769 877 197 645 502
1325 1214 747 511 878 1135 901 544 823 432
1381 811 676 648 217 1253 644 178 1349 882
661 483 314 323 26 594 545 1324 438 755
1379 41 877 541 1064 1048 433 1023 1214 1094
480 680 717 529 1261 664 658 705 290 1337
171 1103 90 1031 695 553 278 410 55 772
1386 1222 1336 1088 1072 942 605 180 1379 771
420 134 883 1369 410 1271 538 1187 407 955
1306 425 1312 1049 1332 1378 205 250 258 64
752 1043 877 1052 691 1344 1051 36 47 1040
999 1263 242 1301 138 1237 1013 810 730 1162
216 847 39 261 54 565 182 1298 1065 474
806 798 75 448 204 1290 608 1267 897 172
1332 1337 1134 276 1266 632 768 433 606 344
1299 600 1076 930 501 1315 1289 274 516 893
237 812 770 1393 433 1129 831 1234 233 829
1258 854 24 707 61 1236 128 1232 1108 1086
782 900 95 395 419 1273 412 732 249 285
718 197 712 689 774 654 1324 518 539 1002
1148 227 229 802 349 675 225 813 900 621
469 467 300 837 1016 956 1144 1338 1137 329
1054 1300 991 1314 347 1345 831 136 312 1107
1108 116 1205 959 893 901 1160 1334 233 433
982 141 1267 966 680 357 94 363 289 857
118 737 65 1148 407 874 244 675 422 379
1104 830 978 244 938 1343 226 203 1080 902
181 365 512 569 1124 722 788 535 963 592
1062 82 1365 748 1022 1377 165 686 197 437
363 859 1223 579 946 85 95 318 217 677
544 682 1174 390 347 525 1162 176 1064 1069
579 966 712 1367 1382 744 886 381 359 321
1238 362 747 1103 205 427 686 95 1350 568
1391 160 205 592 67 428 91 351 552 1297
295 1193 1039 1135 81 282 556 1090 837 209
618 75 576 1371 732 1264 1164 628 90 18
1315 341 402 598 439 990 798 1148 121 399
1137 255 228 791 710 1023 1061 347 1124 448
565 339 124 182 90 1213 1363 629 284 1028
614 24 987 1310 1275 627 1392 943 761 530
651 1360 166 398 543 1130 181 627 847 486
709 1124 1166 597 126 1043 232 29 359 757
1037 705 1230 435 41 826 422 1276 1288 347
1071 306 596 437 457 985 1381 971 587 1096
687 825 86 1252 128 859 367 542 1094 981
1172 736 1071 517 473 620 363 1032 605 283
971 131 533 579 521 754 1293 224 552 1078
1218 290 394 185 979 95 272 935 1384 513
142 1141 258 1395 466 922 1040 1036 1050 60
1378 1179 1008 88 709 613 1341 294 1040 509
286 504 573 482 218 913 1354 181 19 221
815 1343 1219 299 663 7 1092 1062 75 62
6 439 591 249 383 838 174 622 138 564
254 1268 549 1319 583 939 1193 1131 1330 1273
895 1072 1016 62 460 1026 542 68 317 296
447 148 450 1132 1024 1008 405 1277 723 531
870 521 9 1093 161 90 546 1241 103 1250
937 588 51 232 825 494 664 126 433 1316
693 652 991 439 621 1305 794 610 683 865
774 1252 1219 1133 1180 397 957 755 142 933
66 359 1191 167 580 651 785 1166 1131 311
343 740 1240 710 897 538 719 474 622 148
1152 1268 1075 639 64 550 73 168 72 622
836 260 1252 824 737 1282 1313 938 1002 1140
591 197 1021 575 435 498 170 854 736 326
709 309 985 561 464 49 267 419 942 627
614 769 1017 47 543 1060 582 772 294 780
502 1106 1039 755 749 1313 9 969 940 344
202 861 896 1113 997 1388 680 1253 445 446
171 143 877 659 153 846 542 1303 903 904
1052 1084 438 1142 63 1181 880 267 909 1316
441 708 183 1061 460 783 295 572 77 647
637 779 990 463 137 535 814 814 169 86
667 29 707 617 698 919 26 1210 400 917
62 241 1310 751 1267 1316 392 846 238 330
1393 200 704 1260 577 523 990 533 625 23
522 425 609 478 760 62 348 527 901 105
222 533 1278 938 1318 1082 309 920 230 299
276 65 1005 619 352 770 633 1365 213 1197
563 824 418 171 1037 220 1016 345 682 477
956 1229 1151 162 1260 457 979 1012 840 621
901 781 504 1356 834 1291 1093 506 729 1236
164 1175 1258 636 1184 981 12 1238 1165 1286
271 28 704 728 789 150 625 942 420 7
1010 577 544 614 777 629 609 292 53 1089
230 29 257 1114 892 930 1126 966 155 1226
1030 1399 230 415 972 694 1158 1175 646 1153
