5
2652
0.5
100
140
0.0511194 0.243706
0.223642 1.17524
0.209506 2.33777
0.47346 3.2959
0.294247 4.11491
0.0834704 5.47819
0.0877944 6.13074
0.189325 7.31893
0.138393 8.37575
0.0478713 9.33833
1.22958 0.0703646
1.09951 1.33746
1.27604 2.28565
1.22095 3.35315
1.2807 4.33992
1.18895 5.42759
1.39586 6.33469
1.14342 7.03007
1.34138 8.40492
1.30704 9.2321
2.46339 0.0139473
2.36579 1.0772
2.13997 2.19983
2.16785 3.08191
2.35979 4.47146
2.19324 5.13627
2.00387 6.41122
2.01512 7.25234
2.38333 8.00985
2.24052 9.33848
3.32371 0.0836925
3.4443 1.41151
3.08704 2.05583
3.27611 3.42497
3.171 4.47306
3.39905 5.38978
3.04183 6.19458
3.30421 7.1841
3.4016 8.20744
3.32556 9.13178
4.03866 0.0872834
4.03865 1.00081
4.22165 2.46972
4.00057 3.00657
4.04037 4.47992
4.08043 5.09911
4.38585 6.02764
4.31134 7.3997
4.05686 8.2069
4.37767 9.15506
5.40974 0.372076
5.23412 1.284
5.26582 2.35616
5.12007 3.41142
5.00974 4.12434
5.38821 5.08684
5.41723 6.36617
5.08005 7.15733
5.22087 8.3701
5.4996 9.45608
6.42329 0.289372
6.30164 1.37897
6.40552 2.39154
6.35469 3.32112
6.17354 4.30918
6.23357 5.27804
6.22693 6.22294
6.35242 7.4124
6.34617 8.02321
6.00098 9.17927
7.01544 0.425325
7.43172 1.2344
7.18287 2.28221
7.28596 3.42505
7.4713 4.44684
7.20879 5.44935
7.15616 6.40113
7.32635 7.31085
7.04246 8.26028
7.45302 9.33989
8.04981 0.156996
8.25096 1.47531
8.38767 2.22675
8.23607 3.4964
8.14095 4.49299
8.45793 5.40321
8.21586 6.07078
8.06189 7.46623
8.05452 8.18124
8.23529 9.30402
9.13616 0.122322
9.00171 1.0262
9.44937 2.47911
9.42864 3.19375
9.01291 4.41618
9.33752 5.27499
9.32164 6.27922
9.18804 7.20197
9.16606 8.42499
9.26507 9.06049
0 10 75
1 2 1
1 11 55
2 12 67
3 4 11
4 14 62
5 6 0
5 15 70
6 16 83
7 8 3
8 9 6
8 18 76
9 19 80
10 11 8
10 20 78
11 12 11
11 21 80
12 22 55
13 14 4
13 23 60
14 15 6
14 24 68
15 16 13
15 25 64
16 17 16
16 26 38
17 18 13
18 19 2
18 28 66
19 29 59
20 21 6
20 30 54
21 22 14
23 24 12
23 33 70
24 25 11
24 34 51
25 26 12
25 35 76
26 27 1
26 36 66
27 28 23
28 29 9
28 38 64
30 31 8
30 40 45
31 32 23
31 41 38
32 33 12
32 42 72
33 34 7
33 43 46
34 44 55
35 36 23
35 45 43
36 37 17
37 38 6
37 47 64
38 39 5
39 49 67
40 41 0
40 50 87
41 42 12
41 51 76
42 43 14
42 52 66
43 53 71
44 45 3
44 54 61
45 46 19
45 55 83
46 56 65
47 48 16
48 58 74
49 59 71
50 60 64
51 52 2
52 53 9
52 62 72
53 54 7
53 63 78
55 56 2
55 65 53
56 57 21
56 66 51
57 58 9
57 67 80
58 59 18
58 68 71
59 69 32
60 70 37
61 62 7
61 71 71
63 73 59
64 65 4
64 74 82
65 75 62
66 67 8
66 76 59
67 68 0
67 77 62
69 79 92
70 71 26
70 80 65
71 72 16
71 81 52
72 73 7
73 74 12
73 83 60
74 75 17
74 84 42
75 76 3
76 77 11
76 86 67
77 78 18
77 87 47
78 79 26
78 88 64
79 89 49
80 90 69
82 83 10
83 84 6
83 93 75
84 85 20
84 94 55
85 95 56
86 87 10
86 96 70
87 97 71
88 89 11
88 98 70
89 99 65
90 91 9
92 93 1
93 94 26
94 95 21
95 96 1
96 97 8
97 98 1
98 99 6
609 647 346 156 290
458 296 112 312 2
224 441 637 475 328
378 654 497 268 221
181 176 551 552 651
390 639 150 191 658
696 392 673 420 213
571 191 683 45 397
181 501 342 173 10
469 138 629 112 123
114 683 414 528 442
400 29 354 112 80
601 570 475 683 487
169 237 443 474 541
676 3 144 573 244
683 693 128 282 245
164 77 209 214 175
75 338 100 530 43
435 85 297 543 91
308 441 129 368 166
136 101 690 404 577
667 344 73 138 674
253 390 145 104 81
378 175 285 555 665
662 134 333 402 588
197 72 558 650 125
473 619 672 492 633
10 169 264 406 127
11 270 79 67 590
173 582 673 649 106
311 688 440 184 127
225 332 634 677 355
346 229 495 656 112
532 636 2 253 211
260 661 556 367 505
378 293 350 157 469
481 90 49 608 545
559 183 520 185 554
143 559 424 680 205
539 697 307 67 605
640 68 227 291 386
140 72 393 93 348
236 76 99 367 596
411 118 302 38 324
124 97 685 385 500
384 312 181 215 14
243 197 445 267 177
441 303 106 129 631
629 69 130 520 42
253 581 127 613 557
551 610 373 373 274
416 286 152 349 28
47 532 3 70 145
143 97 299 3 405
634 504 523 45 525
402 5 302 83 161
193 54 320 189 426
373 686 121 160 490
144 422 212 446 549
658 451 604 412 644
449 5 43 144 265
134 6 541 248 78
140 153 49 652 148
220 490 534 102 373
158 251 65 608 540
25 634 332 460 311
254 388 240 294 608
630 234 359 690 298
183 563 421 514 267
504 275 479 30 620
649 586 662 167 283
581 236 17 391 648
96 605 368 399 62
686 386 274 104 212
665 267 272 199 114
628 395 677 654 480
183 648 201 111 529
609 155 682 381 283
182 685 72 247 558
398 76 102 203 447
651 667 442 204 454
522 57 91 458 291
197 160 620 624 192
99 252 27 428 145
619 184 159 187 290
494 27 654 235 244
299 130 628 275 171
566 618 308 129 602
686 320 451 365 189
595 247 272 307 683
207 630 371 631 658
496 533 415 544 249
483 30 538 346 432
504 80 589 221 278
644 598 660 276 224
549 289 245 553 108
118 260 48 423 143
292 475 633 178 158
214 441 506 585 258
249 528 319 633 250
243 428 580 413 184
16 344 550 321 343
509 448 131 293 333
563 241 107 187 461
470 652 580 18 246
674 174 495 147 438
677 320 602 528 107
508 340 47 668 314
516 407 172 142 647
438 226 411 571 585
323 457 84 518 219
604 45 634 65 295
634 520 652 12 328
249 139 315 593 470
365 416 215 199 636
505 216 238 117 588
566 181 698 531 184
415 481 356 414 325
234 55 25 98 390
312 560 394 176 607
172 298 152 689 309
222 30 615 376 404
447 474 623 185 153
350 576 114 592 556
363 572 368 465 170
180 496 43 595 461
136 263 214 87 559
194 233 637 579 556
637 82 297 97 624
410 575 253 169 396
123 486 25 67 504
252 442 439 433 92
665 135 695 678 3
388 155 440 605 186
562 582 126 162 694
380 681 80 290 71
401 185 333 532 328
590 146 623 507 201
399 151 154 516 489
258 396 434 688 180
