5
4058
0.5
100
180
0.153144 0.106272
0.182706 1.38106
0.284416 2.27107
0.357349 3.42262
0.290515 4.35538
0.00619153 5.03603
0.489356 6.19909
0.424451 7.39961
0.284247 8.45443
0.0645737 9.317
1.49244 0.150444
1.47773 1.24179
1.09523 2.25679
1.24296 3.33602
1.06629 4.33329
1.31239 5.25074
1.48986 6.05449
1.01944 7.29126
1.26592 8.35926
1.12094 9.29222
2.12391 0.159067
2.4089 1.07893
2.03447 2.02779
2.17302 3.21196
2.20328 4.17044
2.39027 5.33954
2.2853 6.04583
2.05268 7.39638
2.40276 8.47719
2.48047 9.09621
3.34149 0.209571
3.44116 1.05275
3.44466 2.19663
3.36406 3.1035
3.04305 4.3173
3.41584 5.43629
3.03752 6.39146
3.38218 7.25503
3.48257 8.29716
3.4845 9.41214
4.04288 0.33497
4.31922 1.18217
4.31538 2.14247
4.07445 3.36055
4.2602 4.3733
4.47858 5.27762
4.31152 6.20747
4.0443 7.33304
4.47203 8.11941
4.07367 9.45488
5.30464 0.155792
5.4223 1.09343
5.35204 2.31867
5.27809 3.06339
5.31191 4.35074
5.28157 5.01707
5.26972 6.0008
5.00854 7.11245
5.18049 8.46703
5.1162 9.16166
6.48659 0.445738
6.00142 1.37727
6.39249 2.24655
6.48298 3.31036
6.1309 4.03229
6.38164 5.24706
6.4521 6.0654
6.41898 7.10141
6.3621 8.38864
6.03425 9.04023
7.43391 0.13109
7.39109 1.0715
7.20419 2.2529
7.46704 3.39687
7.15226 4.49498
7.07223 5.25012
7.25653 6.35439
7.03419 7.45461
7.36341 8.37579
7.25999 9.28226
8.16592 0.241879
8.44148 1.45411
8.06796 2.13446
8.15297 3.38948
8.27854 4.24742
8.40444 5.18232
8.37548 6.38031
8.02846 7.32978
8.40427 8.42203
8.30777 9.00919
9.3272 0.0442063
9.07486 1.21988
9.16849 2.29274
9.26986 3.46233
9.25803 4.25012
9.24841 5.22822
9.11414 6.30514
9.3327 7.0539
9.48751 8.25275
9.41269 9.37162
0 1 2
0 10 85
1 2 6
1 11 82
2 3 5
2 12 51
3 4 4
3 13 56
4 5 18
4 14 49
5 6 31
5 15 83
6 7 4
6 16 63
7 8 9
7 17 38
8 9 14
8 18 62
9 19 67
10 11 1
10 20 40
11 12 24
11 21 59
12 13 9
12 22 59
13 14 11
13 23 59
14 15 16
14 24 72
15 16 11
15 25 68
16 17 30
16 26 50
17 18 16
17 27 65
18 19 9
18 28 72
19 29 86
20 21 18
20 30 77
21 22 24
21 31 65
22 23 9
22 32 89
23 24 2
23 33 75
24 25 12
24 34 53
25 26 7
25 35 65
26 27 15
26 36 48
27 28 22
27 37 84
28 29 5
28 38 68
29 39 64
30 31 6
30 40 44
31 32 0
31 41 56
32 33 5
32 42 55
33 34 20
33 43 45
34 35 24
34 44 77
35 36 24
35 45 67
36 37 22
36 46 81
37 38 6
37 47 42
38 39 0
38 48 63
39 49 37
40 41 17
40 50 80
41 42 0
41 51 70
42 43 15
42 52 66
43 44 12
43 53 76
44 45 14
44 54 67
45 46 11
45 55 51
46 47 17
46 56 61
47 48 27
47 57 61
48 49 25
48 58 45
49 59 66
50 51 7
50 60 75
51 52 4
51 61 37
52 53 5
52 62 66
53 54 2
53 63 76
54 55 2
54 64 52
55 56 1
55 65 70
56 57 17
56 66 75
57 58 11
57 67 89
58 59 4
58 68 75
59 69 58
60 61 31
60 70 60
61 62 25
61 71 88
62 63 6
62 72 51
63 64 22
63 73 62
64 65 16
64 74 65
65 66 4
65 75 44
66 67 2
66 76 51
67 68 4
67 77 39
68 69 21
68 78 63
69 79 78
70 71 3
70 80 46
71 72 12
71 81 66
72 73 17
72 82 55
73 74 20
73 83 43
74 75 5
74 84 71
75 76 12
75 85 84
76 77 14
76 86 71
77 78 21
77 87 63
78 79 7
78 88 66
79 89 66
80 81 17
80 90 73
81 82 24
81 91 40
82 83 5
82 92 70
83 84 8
83 93 71
84 85 8
84 94 62
85 86 2
85 95 53
86 87 22
86 96 47
87 88 24
87 97 82
88 89 6
88 98 69
89 99 70
90 91 16
91 92 6
92 93 6
93 94 1
94 95 1
95 96 8
96 97 14
97 98 10
98 99 5
208 794 731 438 506
473 208 390 592 179
134 524 192 680 721
128 756 111 53 642
253 523 396 269 860
466 19 699 349 746
760 117 542 169 335
899 224 563 503 682
57 106 233 725 175
309 448 587 285 351
0 513 15 94 349
328 453 432 267 406
650 811 269 422 320
780 689 143 579 784
625 632 871 49 884
325 773 679 342 183
466 678 846 287 146
397 25 268 648 611
490 193 813 750 849
398 758 565 247 460
742 214 170 235 498
844 294 132 447 581
550 470 22 823 797
150 440 783 800 250
664 402 790 359 669
658 793 309 851 756
695 16 700 390 385
109 540 584 223 830
449 28 79 54 749
489 260 781 853 735
488 422 534 734 619
587 50 292 543 772
742 590 858 240 527
139 456 505 97 800
769 768 72 169 878
22 774 628 426 342
135 785 6 376 294
731 214 549 651 369
28 317 510 587 364
427 605 322 319 757
757 476 451 619 455
411 788 310 796 714
325 618 664 190 623
69 226 570 174 315
228 833 352 342 261
624 314 780 283 712
541 442 489 223 104
575 584 804 74 866
392 110 95 678 378
803 829 507 88 783
652 397 529 258 162
216 879 753 206 58
483 4 524 100 877
387 71 498 830 862
883 600 382 460 63
77 74 176 333 895
685 753 770 161 603
543 462 301 73 96
803 386 180 846 585
62 883 777 321 737
745 798 341 837 376
560 394 595 638 601
45 559 500 639 200
259 360 113 489 684
50 104 175 194 570
665 549 469 295 107
776 366 221 797 807
555 29 140 660 468
342 480 823 205 749
656 683 38 381 798
434 546 278 529 788
781 88 622 240 822
187 560 438 432 516
245 822 552 390 547
695 267 830 71 290
552 594 409 806 143
321 214 319 472 497
312 850 642 84 143
568 207 740 491 159
843 486 381 476 365
549 646 547 111 83
106 443 604 41 447
859 104 401 475 542
864 746 333 671 738
300 506 87 331 472
725 391 778 490 643
185 379 158 620 876
439 159 310 579 482
404 883 533 776 244
575 518 537 200 837
153 160 295 161 824
609 432 502 593 342
856 403 728 847 56
302 389 236 393 756
858 217 63 231 640
540 541 596 661 396
259 268 42 533 848
726 851 363 786 206
705 387 30 727 820
348 365 603 392 374
888 681 631 890 616
512 582 696 102 449
828 494 543 823 109
107 596 753 801 235
220 54 741 320 123
387 169 442 697 537
124 329 431 54 826
22 414 507 531 804
533 645 770 98 687
213 290 303 300 315
435 608 1 880 861
289 868 743 455 896
871 745 335 627 760
618 854 559 31 447
370 505 96 211 585
632 833 407 149 33
754 889 369 276 758
64 609 461 868 170
163 176 816 703 292
888 24 874 860 457
879 505 557 93 524
616 791 91 235 168
541 676 787 186 743
598 868 291 476 373
146 256 96 589 894
593 261 803 794 884
633 864 34 833 703
584 563 212 502 261
792 828 472 762 892
93 177 120 181 752
214 160 40 644 395
608 234 264 491 434
18 776 306 227 94
386 632 528 537 241
238 816 360 51 645
200 876 186 67 367
713 737 888 344 755
618 219 877 656 334
560 693 640 778 584
784 21 400 612 573
296 128 460 2 586
628 115 471 845 604
788 152 819 252 1
558 817 540 661 478
880 500 862 820 762
841 302 220 333 888
232 425 227 475 295
849 852 765 315 102
257 829 96 704 822
356 142 572 301 706
291 146 101 225 862
127 473 137 746 220
754 865 85 838 518
360 237 35 462 18
294 732 563 656 732
890 873 580 711 849
254 826 163 141 642
115 850 502 625 106
779 150 292 572 92
854 32 847 85 622
339 158 353 282 495
399 116 886 571 891
826 886 580 791 76
699 780 355 606 466
683 401 628 673 623
583 219 479 218 612
727 103 110 530 493
720 262 624 586 171
550 765 466 706 784
157 473 770 311 131
321 668 460 12 569
482 504 703 777 384
718 207 506 543 835
555 799 638 261 831
50 797 36 767 650
840 449 721 291 701
823 135 870 741 379
603 310 585 320 639
570 653 899 113 832
750 64 895 667 674
