10
479
1
49
48
0.338705 0.19241
0.12936 1.08962
0.469192 2.36433
0.177311 3.34739
0.127266 4.01141
0.00747341 5.20777
0.493617 6.26382
1.22115 0.313165
1.44511 1.14408
1.17259 2.40687
1.23967 3.32522
1.08653 4.2792
1.36952 5.17273
1.17738 6.12108
2.33926 0.311123
2.2199 1.12622
2.47938 2.23808
2.18888 3.00745
2.45687 4.28649
2.47334 5.1909
2.45269 6.45188
3.25579 0.266898
3.31776 1.46188
3.05609 2.19869
3.17244 3.11818
3.24944 4.23108
3.1768 5.10689
3.35777 6.33076
4.42791 0.00694264
4.36288 1.12957
4.45478 2.479
4.44113 3.0356
4.28246 4.06307
4.34958 5.15393
4.47693 6.42632
5.40831 0.284868
5.33284 1.48888
5.20433 2.06775
5.26212 3.07891
5.22069 4.30823
5.05631 5.25194
5.01364 6.47534
6.31217 0.31942
6.23327 1.05114
6.20379 2.28831
6.06466 3.19488
6.17837 4.345
6.0298 5.26447
6.20716 6.08806
0 1 13
0 7 56
2 3 18
3 4 3
3 10 67
5 6 31
5 12 86
7 8 14
8 15 49
9 16 83
10 17 60
11 12 18
12 13 12
12 19 70
14 15 8
15 16 16
16 17 18
16 23 36
18 19 1
18 25 50
20 27 57
21 22 4
21 28 74
22 23 17
23 24 7
25 32 65
26 27 11
26 33 74
27 34 71
28 29 4
29 36 61
30 31 1
30 37 47
31 32 10
32 33 4
32 39 59
34 41 34
35 42 57
36 37 8
36 43 57
38 39 3
40 41 3
40 47 62
41 48 75
42 43 5
43 44 2
44 45 9
45 46 7
139 77 293 16 38 252 416 222 216 241
45 456 198 452 448 7 174 458 349 11
395 165 276 212 14 90 101 295 238 318
297 303 185 369 174 49 52 78 133 256
88 411 46 225 385 190 457 274 431 140
51 236 432 331 220 26 167 235 121 259
474 249 167 408 137 196 214 71 445 148
324 155 109 166 281 229 324 475 53 260
339 33 234 205 20 472 237 248 155 42
160 133 324 475 228 160 158 77 393 258
309 397 195 357 460 191 186 264 139 140
279 240 414 82 180 251 423 202 179 59
169 83 453 319 347 169 204 458 328 191
96 295 388 479 194 40 137 191 127 208
75 459 118 108 51 212 446 152 33 327
426 388 221 113 20 120 252 288 224 323
399 20 145 384 98 351 216 222 352 325
43 88 250 33 467 96 337 74 219 243
132 172 231 230 246 333 322 300 190 191
347 314 43 381 466 444 76 138 414 63
130 49 86 154 199 131 401 57 255 291
447 240 198 460 388 469 347 170 457 137
403 384 48 367 419 183 38 319 35 393
8 432 315 92 383 40 97 201 162 419
335 475 160 382 276 229 70 2 343 19
65 49 116 354 197 408 398 23 424 462
210 274 127 325 285 63 16 395 104 229
392 398 327 122 445 176 40 52 355 189
332 337 396 181 176 222 427 49 155 452
465 341 149 116 151 218 167 133 221 288
246 234 220 108 447 446 413 439 94 105
400 418 253 65 0 75 53 138 268 213
14 73 400 219 157 52 29 15 139 432
400 82 11 405 230 295 381 465 32 200
229 81 457 84 370 319 472 24 219 433
132 75 48 337 244 216 54 391 356 472
240 332 66 55 4 435 292 121 445 55
290 452 227 27 400 438 121 161 99 339
414 367 135 236 74 221 215 334 289 76
41 88 368 357 470 281 170 120 322 366
425 228 184 394 237 469 324 131 245 323
244 339 478 293 345 97 38 191 283 399
357 30 261 166 425 271 75 117 99 300
359 292 239 445 444 102 404 402 376 451
384 155 36 125 107 276 19 196 386 355
423 334 218 95 455 222 113 115 181 336
161 14 92 404 246 446 406 44 6 431
395 271 273 363 314 336 65 53 263 214
