5
602
0.5
25
32
0.206559 0.444472
0.18692 1.00832
0.102902 2.47592
0.131738 3.17852
0.0558346 4.27679
1.3723 0.260814
1.11036 1.18657
1.33929 2.24203
1.47977 3.06326
1.07713 4.19899
2.10696 0.237217
2.10554 1.22918
2.30776 2.43567
2.05659 3.06032
2.0709 4.18311
3.45651 0.191383
3.31385 1.3087
3.48858 2.31859
3.30885 3.41185
3.38148 4.42624
4.12067 0.469324
4.42843 1.45409
4.25447 2.09009
4.4291 3.20485
4.34598 4.44043
0 1 1
0 5 74
1 2 5
1 6 58
2 3 2
2 7 78
3 4 5
3 8 85
4 9 65
5 10 46
6 11 63
7 8 9
7 12 61
8 9 25
8 13 36
9 14 63
10 11 0
10 15 85
11 12 13
12 17 75
13 14 1
13 18 79
15 16 9
15 20 42
17 18 11
17 22 48
18 19 5
18 23 71
19 24 61
21 22 11
22 23 11
23 24 5
100 129 150 96 20
96 0 127 2 126
16 93 41 54 157
39 48 55 34 126
16 63 41 107 115
16 150 54 3 43
102 81 57 3 87
115 96 78 68 116
114 76 151 130 132
119 107 129 93 86
71 107 95 63 51
44 67 31 112 159
20 116 149 159 140
30 85 32 76 126
148 96 14 99 121
7 96 65 129 89
106 42 109 31 12
117 83 137 33 75
107 14 24 43 12
11 50 54 128 142
105 98 153 57 145
85 50 147 32 96
152 106 27 27 81
68 78 53 10 29
155 64 126 82 54
43 33 139 140 43
56 10 125 136 116
141 69 87 110 8
145 18 39 153 141
21 0 26 150 8
48 64 47 71 74
9 127 147 152 37
