5
4270
1
100
140
0.0771504 0.23326
0.268238 1.45155
0.0570592 2.19339
0.418168 3.08177
0.484139 4.43602
0.293565 5.29519
0.401872 6.41231
0.278375 7.19355
0.231412 8.38393
0.0271254 9.09254
1.36222 0.235353
1.22495 1.19851
1.38506 2.02396
1.35703 3.11057
1.07248 4.23935
1.40716 5.13816
1.34451 6.14824
1.27903 7.2337
1.28828 8.00056
1.27697 9.46083
2.41819 0.114859
2.09414 1.3077
2.24941 2.03457
2.20892 3.07191
2.34149 4.02772
2.01716 5.22475
2.11617 6.26878
2.21416 7.19237
2.30527 8.14901
2.12458 9.16465
3.20908 0.37193
3.21567 1.47584
3.19587 2.01782
3.45152 3.0751
3.14 4.28745
3.49641 5.40354
3.31512 6.46521
3.1106 7.38243
3.18242 8.28508
3.08103 9.45415
4.38316 0.301708
4.25792 1.0409
4.23685 2.18195
4.31664 3.26905
4.19091 4.11233
4.49999 5.44261
4.26358 6.23875
4.42789 7.4929
4.37555 8.03504
4.15857 9.13713
5.38381 0.211665
5.34917 1.075
5.24379 2.24353
5.1364 3.1224
5.46462 4.10164
5.07865 5.46405
5.36104 6.46191
5.26824 7.10319
5.07618 8.08842
5.12592 9.47024
6.04236 0.26852
6.28985 1.40828
6.49348 2.08311
6.11698 3.04009
6.29766 4.19857
6.10985 5.09816
6.48866 6.10495
6.11285 7.3721
6.24525 8.10238
6.19628 9.23644
7.15318 0.154991
7.30147 1.31787
7.43324 2.37059
7.38201 3.07202
7.168 4.31556
7.10603 5.45814
7.3646 6.38466
7.03538 7.02003
7.34895 8.16204
7.24038 9.2685
8.09233 0.48804
8.47903 1.08174
8.15386 2.25826
8.47411 3.38206
8.03167 4.22506
8.19134 5.02456
8.37844 6.16188
8.13367 7.01809
8.277 8.48668
8.07257 9.3277
9.0569 0.0593871
9.31778 1.14627
9.37163 2.03758
9.06266 3.42182
9.18892 4.03919
9.30375 5.08586
9.46801 6.36014
9.01224 7.16237
9.08672 8.36309
9.09455 9.45178
0 10 81
1 2 13
1 11 61
2 12 84
3 4 4
3 13 59
4 5 12
4 14 37
6 7 8
6 16 60
7 8 3
8 9 13
8 18 67
9 19 79
10 11 9
10 20 67
12 13 2
13 14 18
13 23 54
14 15 21
14 24 80
15 25 39
17 18 1
17 27 59
18 19 1
18 28 64
19 29 54
20 21 20
21 22 10
21 31 71
22 23 3
22 32 60
23 33 79
24 25 21
24 34 51
25 26 6
25 35 94
26 27 6
27 28 6
27 37 57
28 29 11
28 38 55
29 39 60
30 31 0
30 40 74
31 32 1
32 33 16
32 42 66
33 43 55
34 35 23
34 44 66
35 36 11
35 45 63
37 38 5
37 47 83
38 39 6
38 48 75
39 49 68
40 41 8
41 42 1
41 51 69
42 43 5
42 52 64
43 44 8
44 45 20
44 54 81
45 46 15
46 47 10
46 56 69
47 48 3
47 57 53
48 49 14
48 58 44
49 59 61
50 51 2
50 60 42
51 52 7
51 61 59
52 53 7
52 62 79
53 54 21
53 63 62
54 55 24
54 64 53
55 65 65
56 57 6
56 66 71
58 68 74
59 69 68
60 70 70
61 62 13
61 71 64
62 63 24
62 72 59
63 73 80
64 74 55
65 66 24
65 75 63
66 67 24
66 76 55
67 68 8
67 77 58
68 69 3
68 78 70
69 79 66
70 71 9
70 80 59
71 72 8
72 82 46
74 75 4
74 84 55
75 76 16
75 85 69
76 77 21
76 86 64
77 78 20
78 79 7
78 88 59
80 81 24
80 90 61
81 91 53
82 83 20
82 92 77
83 84 28
84 85 10
84 94 73
85 86 12
85 95 70
86 96 69
87 88 9
87 97 56
88 89 13
89 99 65
90 91 16
92 93 20
93 94 8
95 96 10
96 97 29
97 98 5
98 99 0
0 557 221 30 273
339 141 328 13 112
623 145 452 679 165
236 1 412 9 567
277 266 485 486 585
462 299 495 104 571
567 437 58 415 222
336 54 648 187 341
621 24 680 92 150
22 180 49 664 133
256 278 480 612 384
74 478 402 230 647
367 230 266 498 238
618 671 478 366 204
213 222 216 335 166
166 416 40 439 244
0 243 626 77 530
40 214 93 167 54
132 611 5 248 319
520 195 298 462 28
354 376 570 72 178
317 306 568 467 404
33 55 612 327 556
489 507 562 84 158
547 166 25 683 220
488 417 43 594 451
661 101 108 4 336
283 423 631 351 367
625 535 667 68 655
0 636 138 317 269
259 311 257 660 256
63 555 65 241 694
234 649 6 290 285
325 125 139 487 499
271 14 308 241 596
99 395 301 464 257
335 216 207 21 134
30 451 489 567 486
564 503 378 414 654
278 508 294 163 559
638 327 517 404 604
599 391 522 243 563
509 150 691 677 126
20 656 303 502 11
461 36 79 213 25
581 483 478 264 430
672 601 591 110 604
353 690 565 442 306
233 288 24 582 546
301 613 676 67 435
577 681 571 374 562
564 594 628 583 272
131 1 135 555 171
2 23 5 467 475
189 118 630 155 139
526 75 458 366 570
299 310 138 514 689
242 209 397 213 620
669 263 658 679 102
183 202 503 134 281
369 452 578 228 8
293 429 404 90 627
398 467 396 35 221
484 429 55 44 430
640 316 646 694 143
681 139 527 339 639
648 114 197 29 331
318 547 9 435 514
437 466 678 199 150
44 670 554 539 77
180 30 343 34 346
182 159 436 398 550
166 439 141 429 65
207 550 8 387 6
294 126 341 689 654
135 222 87 426 677
568 382 3 330 398
661 258 103 16 204
309 477 295 242 317
161 266 441 579 169
327 572 482 47 551
451 554 410 629 678
182 146 531 87 352
185 567 463 130 43
118 70 597 536 190
646 369 68 188 47
6 610 527 298 196
8 330 51 556 78
173 243 261 581 433
203 500 552 623 95
408 185 481 315 231
107 478 41 192 203
451 608 3 58 392
396 379 263 368 376
472 424 32 362 619
647 605 676 15 399
621 683 661 561 481
366 428 370 562 572
242 35 610 176 452
203 548 631 92 344
694 345 417 678 540
495 548 237 161 312
494 685 470 313 418
431 347 538 638 357
266 310 40 600 39
157 297 41 630 525
449 389 583 212 163
407 520 89 449 150
381 249 25 218 73
408 624 480 122 189
4 435 674 222 183
178 682 90 278 695
164 656 630 463 569
173 474 8 151 261
87 519 264 46 370
120 642 671 248 654
181 531 291 360 395
537 222 281 78 102
80 463 528 190 86
367 67 451 622 164
80 80 370 15 334
649 501 155 416 665
337 484 305 581 313
196 298 652 417 364
37 111 209 546 151
563 400 7 32 601
162 354 3 180 84
311 105 391 310 420
345 666 27 217 380
577 195 663 585 227
297 415 634 7 382
141 28 573 315 144
195 402 661 631 27
209 51 116 106 613
4 378 422 638 676
520 145 547 572 676
403 674 540 156 218
356 304 479 200 390
627 239 583 450 236
186 155 697 33 506
