10
373
0.5
25
32
0.162601 0.417061
0.120234 1.44305
0.0172494 2.20439
0.283384 3.44058
0.013177 4.29322
1.36737 0.258852
1.04702 1.08311
1.3299 2.10659
1.38684 3.03577
1.27644 4.14333
2.24863 0.260817
2.46761 1.35084
2.20777 2.25284
2.03337 3.34419
2.2 4.11723
3.24297 0.361059
3.17905 1.1197
3.18301 2.3224
3.42624 3.27939
3.34818 4.00429
4.00783 0.198935
4.28112 1.21315
4.41245 2.26398
4.27928 3.21015
4.04932 4.20105
0 1 3
1 2 7
1 6 59
2 3 17
2 7 83
3 8 70
4 9 80
5 6 20
5 10 56
6 7 18
6 11 90
7 8 4
7 12 56
8 9 7
8 13 41
10 11 14
10 15 63
11 12 16
11 16 45
12 13 11
12 17 62
14 19 73
15 20 48
16 17 0
16 21 70
17 18 15
17 22 78
18 23 54
19 24 44
20 21 17
21 22 8
23 24 15
132 116 95 92 7 292 86 151 255 97
47 188 293 60 178 311 15 134 188 235
71 276 87 255 291 46 153 114 76 116
227 230 41 114 270 232 202 225 112 133
50 155 79 213 217 137 271 230 85 233
49 307 202 270 284 254 90 267 8 82
253 199 309 155 143 32 29 128 47 221
113 178 195 216 261 55 302 19 68 6
2 40 165 152 255 314 188 70 317 145
134 35 200 17 111 149 267 285 182 106
208 157 181 251 199 234 311 184 57 213
22 216 40 183 163 143 274 220 192 296
10 242 257 164 5 214 258 27 255 203
66 119 289 283 93 273 156 4 46 110
89 278 208 243 169 232 90 285 291 172
182 319 178 61 42 59 119 298 172 142
65 259 278 274 155 229 188 308 91 133
82 266 209 107 291 27 10 193 25 316
283 206 120 281 27 12 311 182 260 59
194 227 143 97 229 24 261 115 193 234
279 142 153 213 281 181 281 106 136 266
79 206 68 187 204 187 207 188 254 175
210 74 144 117 31 292 297 301 145 301
275 53 270 95 184 183 228 27 76 186
254 166 276 21 76 217 281 207 47 300
45 72 144 105 263 198 259 296 283 129
187 195 225 279 44 146 64 15 64 27
93 180 96 59 198 4 172 120 275 240
6 194 213 69 228 218 177 88 55 20
145 286 145 94 195 242 128 141 71 303
308 188 40 296 154 247 16 22 113 260
133 47 46 57 177 267 255 251 137 90
