10
2023
0.5
100
180
0.169005 0.319148
0.476577 1.3903
0.249207 2.2915
0.437893 3.20431
0.256356 4.01335
0.427524 5.06819
0.42761 6.01301
0.181137 7.13344
0.265846 8.45907
0.300186 9.30663
1.25344 0.180388
1.49677 1.28751
1.42989 2.16985
1.31789 3.05187
1.234 4.20701
1.25117 5.04305
1.12476 6.18795
1.46758 7.32113
1.03974 8.17943
1.09906 9.43392
2.35888 0.454529
2.40539 1.45502
2.13201 2.01299
2.00369 3.26552
2.38892 4.18498
2.41461 5.43182
2.29466 6.31909
2.45985 7.19727
2.23566 8.03988
2.43188 9.36466
3.19942 0.141538
3.28969 1.43554
3.34492 2.14163
3.22165 3.36199
3.37282 4.08378
3.21369 5.20124
3.0442 6.28259
3.03629 7.03374
3.00798 8.44523
3.34614 9.27608
4.00011 0.468668
4.41632 1.23474
4.2496 2.26561
4.08551 3.11405
4.21822 4.10506
4.48482 5.43068
4.06985 6.33065
4.05757 7.16659
4.37206 8.47319
4.01688 9.47945
5.45651 0.190029
5.26216 1.43842
5.47497 2.20803
5.44199 3.23206
5.25301 4.17268
5.42516 5.05062
5.22088 6.1288
5.46425 7.15249
5.33217 8.37487
5.06327 9.0394
6.23494 0.349634
6.02694 1.14337
6.29866 2.02083
6.11273 3.05096
6.1774 4.17437
6.03724 5.34574
6.3585 6.13381
6.05643 7.04537
6.4513 8.33326
6.04592 9.27148
7.14093 0.162326
7.15813 1.23664
7.22725 2.11264
7.46547 3.19583
7.35522 4.31148
7.18831 5.16363
7.49085 6.17791
7.03785 7.48066
7.41957 8.03012
7.31096 9.18513
8.05654 0.142625
8.46817 1.11623
8.01039 2.3519
8.20175 3.28538
8.04296 4.09574
8.41442 5.45527
8.41449 6.46231
8.1957 7.43529
8.06676 8.46428
8.25383 9.24394
9.43321 0.398667
9.23328 1.26038
9.44441 2.25857
9.04506 3.23716
9.2895 4.48214
9.12585 5.28864
9.05065 6.49702
9.00106 7.00151
9.24447 8.46368
9.48509 9.27349
0 1 19
0 10 69
1 2 14
1 11 65
2 3 12
2 12 75
3 4 11
3 13 56
4 5 11
4 14 62
5 6 0
5 15 52
6 7 16
6 16 44
7 8 5
7 17 81
8 9 2
8 18 49
9 19 51
10 11 15
10 20 70
11 12 4
11 21 57
12 13 7
12 22 44
13 14 5
13 23 43
14 15 1
14 24 73
15 16 8
15 25 74
16 17 22
16 26 74
17 18 27
17 27 63
18 19 4
18 28 76
19 29 84
20 21 3
20 30 53
21 22 17
21 31 56
22 23 8
22 32 77
23 24 24
23 33 77
24 25 2
24 34 62
25 26 8
25 35 51
26 27 10
26 36 47
27 28 14
27 37 36
28 29 12
28 38 49
29 39 58
30 31 6
30 40 51
31 32 3
31 41 71
32 33 8
32 42 57
33 34 10
33 43 55
34 35 10
34 44 53
35 36 11
35 45 80
36 37 0
36 46 65
37 38 2
37 47 65
38 39 21
38 48 86
39 49 42
40 41 26
40 50 92
41 42 11
41 51 53
42 43 10
42 52 77
43 44 8
43 53 86
44 45 17
44 54 65
45 46 26
45 55 59
46 47 1
46 56 73
47 48 20
47 57 89
48 49 22
48 58 61
49 59 66
50 51 12
50 60 49
51 52 13
51 61 48
52 53 2
52 62 52
53 54 12
53 63 42
54 55 11
54 64 58
55 56 13
55 65 39
56 57 15
56 66 72
57 58 8
57 67 37
58 59 17
58 68 71
59 69 62
60 61 13
60 70 57
61 62 17
61 71 72
62 63 12
62 72 59
63 64 4
63 73 86
64 65 9
64 74 74
65 66 20
65 75 73
66 67 19
66 76 72
67 68 25
67 77 62
68 69 26
68 78 61
69 79 80
70 71 1
70 80 58
71 72 4
71 81 83
72 73 15
72 82 50
73 74 7
73 83 47
74 75 11
74 84 43
75 76 19
75 85 78
76 77 29
76 86 58
77 78 24
77 87 73
78 79 7
78 88 41
79 89 60
80 81 26
80 90 87
81 82 29
81 91 48
82 83 12
82 92 91
83 84 10
83 93 53
84 85 23
84 94 79
85 86 0
85 95 45
86 87 14
86 96 40
87 88 8
87 97 51
88 89 12
88 98 74
89 99 78
90 91 13
91 92 13
92 93 25
93 94 15
94 95 10
95 96 5
96 97 3
97 98 15
98 99 15
1420 1571 976 831 571 1575 404 516 1396 40
1321 790 1729 432 707 854 1039 1516 853 459
1616 1553 197 242 234 118 782 482 800 540
1540 1490 1715 1008 1314 623 64 1444 864 287
1462 1495 1313 1047 1109 1228 1313 438 601 1417
714 609 1201 1460 1285 1105 1528 1329 1500 1124
1481 1540 115 818 519 629 123 306 408 107
1737 1737 1616 486 1503 346 1795 711 415 654
833 1425 60 1013 450 1413 935 910 1256 302
432 711 994 1320 774 210 377 512 207 1518
1263 536 1220 1315 1683 1532 1204 541 710 485
1453 71 1780 815 1169 778 432 1359 41 795
351 122 192 1650 244 1025 378 302 352 7
574 1491 686 228 1783 371 1414 696 813 1301
291 1489 977 1270 1095 602 1534 426 1431 1368
787 926 1404 1149 133 1417 413 1672 126 743
1112 85 1778 1677 1435 1720 297 385 349 482
405 1494 402 1035 750 1630 1256 140 1778 1093
1693 1670 1252 1717 1347 373 1608 423 946 1303
149 1456 134 1247 589 1551 543 877 631 418
560 36 410 650 545 1676 498 1646 1481 1705
883 1370 793 921 1109 619 755 1504 271 377
458 1290 1448 1431 1576 1103 1038 1304 1477 1055
1092 456 212 580 466 468 1363 704 205 475
1798 1689 1025 634 77 288 399 648 875 721
16 725 276 1615 940 374 613 1752 1606 1465
697 424 1787 372 1796 736 88 1444 775 133
1610 552 316 673 1764 1085 1370 1549 160 1028
1395 455 928 981 455 530 348 470 687 163
1159 454 1674 1498 1599 847 1747 383 205 116
506 38 95 700 1144 544 1574 1521 1013 635
766 949 79 825 1198 798 694 311 926 1469
1667 1193 860 511 1684 552 562 1204 72 1490
838 539 1723 1712 401 1190 775 1122 133 345
746 62 707 1318 321 396 1690 172 991 127
634 1620 62 1393 296 982 1635 940 1792 994
946 608 1154 1522 668 847 1096 691 947 848
486 469 1526 661 1445 1546 1193 992 1570 835
535 916 207 1743 736 39 607 1374 642 750
673 1323 1627 1502 1273 282 368 864 1140 1530
799 1771 1544 1791 1159 1579 1005 409 24 431
539 1713 838 1348 1546 1547 1790 1661 893 1488
860 1023 22 591 637 696 1441 363 33 366
1207 636 260 1524 768 95 444 624 1029 695
178 175 1598 1643 1578 563 652 1052 562 376
1070 200 1296 364 393 175 1773 506 24 736
732 137 461 1319 1503 1140 1 533 832 98
1394 1537 284 610 1419 1774 1504 998 650 1466
477 1743 1360 1757 1309 913 1765 1262 10 950
489 1444 1391 752 1625 548 1723 204 775 826
1747 714 63 1534 642 553 648 976 483 1463
415 550 332 115 1275 158 624 528 1057 391
1642 643 963 899 170 1421 1004 258 1024 282
686 161 1379 783 491 1602 1265 67 1627 913
810 180 1577 1159 1325 1627 1704 631 1207 578
974 1306 86 1502 837 1144 824 339 901 422
183 431 971 864 854 1237 985 1415 1096 1143
659 1292 1362 863 1206 765 1512 1656 1043 837
711 315 182 1074 1689 694 517 210 1578 776
1474 126 1307 93 1080 512 212 226 1748 896
4 1772 1152 1059 1592 1514 1133 1489 521 1384
1699 1541 1568 1007 642 157 812 2 1236 550
1770 101 1588 295 327 1018 743 879 993 1789
348 285 874 961 116 404 1603 1754 241 730
1491 989 355 842 107 144 1629 632 1634 1706
419 590 161 1587 1217 1102 1429 749 1032 498
763 1690 1378 736 1691 272 1178 559 498 1626
1271 27 1706 808 340 1072 1475 432 1474 175
666 603 112 669 275 945 1786 1644 461 590
816 252 811 191 445 1247 1298 203 1780 1484
716 1498 1402 146 386 801 1267 1351 258 338
893 236 864 1663 1276 1640 879 149 1647 113
21 963 882 1487 1150 1368 644 174 910 104
365 680 871 97 261 1727 539 803 854 61
1787 600 1261 1072 1195 886 1157 1494 1690 837
1528 161 1484 1290 976 391 1445 1291 106 476
1435 702 1156 1033 1464 944 595 163 111 580
1502 546 1213 1669 185 1001 1184 1229 1228 535
766 228 380 886 1054 668 555 1483 18 728
293 53 1436 1065 1486 1067 1436 886 980 1508
1508 865 304 1686 1420 771 832 1671 1007 510
1600 649 1462 1275 108 575 871 212 1699 259
417 191 53 1799 1013 957 1077 537 468 401
582 1064 689 760 1774 1415 881 355 1108 1238
16 1575 201 1497 229 176 1502 45 673 357
507 81 1388 1169 1321 1682 1201 576 989 1276
949 899 1142 1046 1384 748 325 272 1781 1739
765 1616 146 766 4 301 399 943 82 356
1299 162 168 636 801 296 1304 248 359 1070
1518 1753 898 1221 162 1377 1422 205 1505 1798
375 351 1237 1496 1599 1449 1575 422 1521 1192
31 904 261 251 1617 1337 487 1434 412 868
663 1673 1719 756 486 359 569 1588 232 1318
1767 0 689 453 1784 704 439 1108 376 501
916 0 0 1437 616 645 1186 1745 132 54
846 282 848 415 1787 1357 1103 1032 784 1576
146 430 1409 333 349 570 1247 827 296 966
324 1219 726 1682 1134 1716 876 1293 341 498
68 1160 869 1649 1525 798 186 723 1381 1393
176 1681 291 253 737 885 1673 806 1004 434
1387 1212 959 1451 318 516 892 1292 1534 675
267 121 1179 989 1232 880 1537 677 435 595
1069 679 1361 999 1398 277 1548 1409 918 308
1014 1085 1699 1033 1404 344 1195 1015 1486 50
929 1315 1593 1141 1424 1742 369 313 1033 1174
1161 1160 174 1452 1174 1169 1009 619 1533 320
1600 1258 777 1794 946 326 1080 1768 368 406
703 1582 1487 411 1020 1330 1764 358 1239 389
1225 1404 1711 672 501 1000 1701 1176 50 1184
192 520 1418 1091 1434 1404 951 690 628 983
38 1673 1409 344 627 1563 570 27 1606 858
107 1690 279 357 384 942 1340 101 1265 176
410 180 33 1679 414 1623 1269 1017 1484 1122
328 912 578 1307 1434 1111 508 746 1460 614
1209 1568 1089 243 700 658 1552 336 1647 529
900 1233 454 349 464 330 1714 192 670 472
1032 304 638 1604 1489 1130 182 339 1055 139
1730 714 1331 56 1499 995 540 1670 1263 1279
1252 1445 592 357 379 668 1698 1338 281 690
644 1509 532 1521 1713 1083 1134 332 1718 1581
244 1223 284 2 1171 1516 1370 834 1682 1353
921 1403 1543 150 1213 1093 1557 1570 1459 114
1220 1543 1123 1087 817 452 294 1636 893 456
1113 971 1409 122 1099 1203 1627 857 261 1587
1656 559 1354 1278 703 405 863 253 1340 1743
192 1599 931 247 500 558 1256 555 601 102
945 447 906 658 729 1545 668 1557 255 89
962 1452 1578 658 502 1079 499 1732 1096 536
828 637 747 140 465 1755 700 40 1143 1597
892 1794 953 925 1497 1136 250 397 1458 852
1774 461 660 142 1478 907 648 517 1775 1484
1590 817 1342 105 802 260 799 1636 1272 60
669 1527 53 984 192 700 1641 1783 466 32
717 1520 1609 514 622 1641 641 1068 1614 718
313 1254 1654 795 61 498 1420 1548 1639 503
808 1310 1085 644 854 897 1469 599 1346 370
1208 1694 1315 1036 1610 286 1404 921 565 515
956 911 1313 977 494 904 737 36 416 1179
139 18 44 1515 1137 185 1222 566 218 405
1437 498 269 198 1259 1799 1691 1250 567 46
863 241 264 1589 1676 152 735 1179 1740 1162
215 1087 812 589 441 930 375 657 194 404
1249 651 651 480 787 1156 1528 249 672 561
1266 575 236 1101 1141 430 1655 1043 926 551
976 1700 1636 1352 451 98 130 1506 254 998
278 410 45 1753 201 679 295 194 969 1389
1473 506 515 896 1646 685 1210 634 407 1572
211 594 861 685 1565 927 203 1485 248 846
1592 1505 1278 68 435 1113 1669 97 1725 639
908 1512 586 484 569 298 1631 647 1221 1755
1793 622 278 612 1038 1773 1781 1782 785 573
107 1526 1160 1001 86 1466 1695 1595 1555 947
163 147 1262 1499 1151 939 175 617 49 953
1191 831 1525 1225 1325 744 1557 96 1710 1411
1797 1090 1074 535 1099 1680 1400 183 1102 1368
602 211 251 1678 141 1778 728 418 370 1058
891 1656 442 336 1549 707 1588 814 129 851
1030 95 1166 1488 28 417 926 478 1652 41
734 410 705 1071 1069 492 104 1269 244 1145
1325 157 1156 332 1398 1196 1427 958 1206 1228
846 451 1325 125 798 1601 656 647 547 1383
879 637 914 1476 1592 402 1603 915 1743 1183
99 1041 1416 1576 1419 1351 941 394 1716 502
551 959 185 937 41 813 741 1319 710 628
1685 1770 473 1646 1196 253 545 1784 1201 767
1316 1571 1727 672 65 464 821 107 1579 146
1436 167 996 1759 357 1605 1179 1125 660 912
1592 35 1389 1127 1571 1597 648 641 788 1709
528 1219 1387 1112 675 1485 560 109 98 1417
318 827 1666 1173 1142 939 823 1475 741 1079
1181 1035 1272 166 340 1708 1436 432 572 942
614 809 1506 879 936 456 360 316 1080 714
392 361 1044 1752 141 632 531 1156 1682 791
146 958 131 962 1568 1700 262 240 1034 1484
629 334 1753 425 1322 898 1502 601 1302 1131
283 913 1227 1769 102 524 1285 1672 361 1386
1274 76 134 837 957 1105 1275 1314 637 712
934 1435 294 483 1783 155 903 1572 1113 594
1123 261 1598 1149 1164 915 1121 81 1172 92
920 441 1100 635 1347 1130 265 416 1177 613
