5
3325
0.5
100
180
0.471786 0.396444
0.15689 1.45419
0.169665 2.35957
0.432775 3.12784
0.486016 4.39525
0.170988 5.09565
0.220936 6.13079
0.493275 7.29483
0.473497 8.0732
0.473006 9.07897
1.27941 0.0666893
1.31416 1.20857
1.28675 2.03802
1.09013 3.34301
1.23403 4.45286
1.45822 5.25402
1.12793 6.33035
1.13211 7.13357
1.39351 8.28196
1.41204 9.00774
2.2167 0.010821
2.25609 1.2578
2.42617 2.35333
2.07566 3.14693
2.25449 4.15486
2.1369 5.36623
2.24649 6.05998
2.07595 7.16623
2.074 8.06729
2.41739 9.24161
3.13024 0.467172
3.46989 1.21465
3.24929 2.18784
3.2759 3.02045
3.04903 4.25435
3.36874 5.36248
3.00074 6.11424
3.33549 7.2999
3.0163 8.47086
3.08092 9.04787
4.25262 0.053966
4.4713 1.48389
4.1851 2.3701
4.34143 3.48891
4.08288 4.43251
4.46267 5.48353
4.25946 6.0453
4.39388 7.15289
4.4802 8.40137
4.44791 9.31102
5.02769 0.407789
5.46035 1.35904
5.01284 2.06951
5.15358 3.23321
5.07917 4.29493
5.34454 5.15003
5.43309 6.09358
5.38668 7.41861
5.22074 8.40194
5.00739 9.20832
6.12262 0.100158
6.16792 1.38344
6.18684 2.39142
6.27255 3.19721
6.27337 4.28852
6.39987 5.46299
6.47084 6.39793
6.45932 7.01228
6.25091 8.33786
6.14695 9.49629
7.05389 0.24068
7.24485 1.13438
7.42233 2.21558
7.05394 3.34813
7.40941 4.30954
7.31557 5.05226
7.38744 6.31908
7.00964 7.21807
7.28857 8.03023
7.02435 9.23006
8.33014 0.399354
8.38909 1.27363
8.01666 2.49523
8.17471 3.12109
8.2889 4.40761
8.38987 5.47192
8.35497 6.17505
8.21421 7.20301
8.31092 8.39316
8.13783 9.4832
9.45427 0.431968
9.27759 1.4873
9.49738 2.05319
9.45132 3.3789
9.41942 4.18984
9.17529 5.48191
9.05771 6.34477
9.37326 7.03334
9.15504 8.08959
9.34902 9.33244
0 1 20
0 10 51
1 2 1
1 11 73
2 3 17
2 12 71
3 4 3
3 13 42
4 5 20
4 14 47
5 6 3
5 15 81
6 7 17
6 16 57
7 8 1
7 17 40
8 9 0
8 18 58
9 19 59
10 11 2
10 20 59
11 12 2
11 21 60
12 13 12
12 22 72
13 14 9
13 23 62
14 15 14
14 24 65
15 16 21
15 25 43
16 17 0
16 26 71
17 18 17
17 27 60
18 19 1
18 28 43
19 29 64
20 21 2
20 30 58
21 22 11
21 31 77
22 23 22
22 32 52
23 24 11
23 33 76
24 25 7
24 34 50
25 26 7
25 35 78
26 27 11
26 36 48
27 28 0
27 37 80
28 29 22
28 38 60
29 39 42
30 31 21
30 40 71
31 32 14
31 41 63
32 33 2
32 42 59
33 34 14
33 43 67
34 35 20
34 44 65
35 36 23
35 45 69
36 37 21
36 46 80
37 38 20
37 47 67
38 39 4
38 48 93
39 49 86
40 41 14
40 50 49
41 42 18
41 51 63
42 43 10
42 52 52
43 44 16
43 53 51
44 45 24
44 54 63
45 46 13
45 55 56
46 47 9
46 56 74
47 48 5
47 57 63
48 49 2
48 58 47
49 59 35
50 51 27
50 60 69
51 52 28
51 61 45
52 53 9
52 62 74
53 54 5
53 63 71
54 55 17
54 64 76
55 56 6
55 65 67
56 57 3
56 66 66
57 58 10
57 67 68
58 59 13
58 68 65
59 69 72
60 61 3
60 70 59
61 62 1
61 71 68
62 63 5
62 72 78
63 64 0
63 73 49
64 65 8
64 74 72
65 66 4
65 75 58
66 67 1
66 76 58
67 68 13
67 77 35
68 69 7
68 78 66
69 79 55
70 71 12
70 80 81
71 72 11
71 81 72
72 73 23
72 82 38
73 74 22
73 83 71
74 75 6
74 84 56
75 76 5
75 85 68
76 77 24
76 86 61
77 78 18
77 87 76
78 79 17
78 88 65
79 89 70
80 81 4
80 90 71
81 82 24
81 91 56
82 83 10
82 92 94
83 84 7
83 93 81
84 85 6
84 94 72
85 86 2
85 95 50
86 87 9
86 96 44
87 88 6
87 97 73
88 89 11
88 98 53
89 99 77
90 91 11
91 92 14
92 93 3
93 94 2
94 95 15
95 96 7
96 97 20
97 98 14
98 99 12
609 140 11 323 831
575 661 309 333 13
898 30 572 39 642
625 124 110 564 458
557 41 30 38 828
604 95 271 789 437
243 353 64 590 194
835 104 173 21 841
14 708 737 887 521
417 364 91 791 206
616 188 122 840 232
824 254 670 746 107
117 426 833 797 364
131 693 553 858 250
555 446 545 410 6
321 345 260 635 561
750 438 859 714 359
651 837 93 702 744
485 672 297 519 567
513 559 744 853 656
463 527 16 751 586
161 37 809 437 615
371 678 261 215 880
204 804 871 336 195
133 805 848 176 351
867 556 113 248 296
711 758 627 22 301
277 218 309 709 370
895 99 51 850 163
744 686 503 186 391
599 489 373 248 220
892 853 146 106 494
768 291 621 704 523
716 219 586 621 505
869 537 127 469 556
23 887 763 400 18
608 895 812 316 880
600 735 493 518 865
435 222 600 231 344
892 519 271 783 131
276 361 39 403 731
708 243 844 405 615
248 816 717 441 4
265 895 609 244 102
882 443 19 140 206
12 820 199 624 433
99 350 603 478 697
632 177 876 737 168
223 365 246 407 729
677 3 297 167 201
478 654 799 619 866
324 134 562 102 854
477 22 816 209 842
433 243 154 555 10
895 682 376 505 95
308 679 21 45 211
183 131 707 313 132
199 826 160 432 188
623 816 206 548 833
834 253 754 738 712
293 375 741 391 536
724 647 100 308 679
167 41 860 229 395
496 225 9 89 362
387 624 88 792 211
743 824 376 820 636
25 731 47 154 894
492 524 140 628 711
462 649 434 844 454
16 160 221 604 14
522 54 541 714 136
225 231 621 493 838
380 460 869 625 744
239 344 148 86 147
673 208 69 644 237
476 695 185 343 102
605 660 695 812 234
821 257 554 839 678
366 108 873 252 767
635 367 787 265 355
536 454 872 493 84
891 881 22 129 373
84 478 58 754 256
500 835 143 44 273
242 17 528 154 303
532 119 475 870 196
146 22 97 159 559
502 861 731 370 135
306 552 84 333 573
79 504 394 409 736
155 897 873 694 207
741 297 581 562 332
27 562 216 387 351
633 507 606 253 585
840 335 772 707 417
638 529 326 144 678
657 143 198 699 104
175 550 672 761 785
844 738 467 343 226
69 564 791 204 135
124 221 63 817 694
211 755 831 437 522
147 285 770 104 108
767 430 726 839 636
770 218 176 634 371
408 714 447 323 795
567 475 254 837 217
881 471 730 664 819
739 478 47 569 246
412 876 634 479 128
208 769 98 892 185
247 792 601 884 666
376 681 381 813 839
772 611 691 631 648
204 205 498 55 782
725 372 880 417 251
383 401 822 842 262
171 399 165 793 381
585 646 224 408 883
128 64 757 845 114
515 708 517 183 72
726 843 206 249 676
192 186 243 311 546
434 221 275 559 731
749 26 453 882 404
337 811 272 650 789
654 386 618 353 196
548 245 408 27 576
817 814 480 345 272
120 271 296 566 707
400 330 214 867 1
37 329 458 842 322
702 502 332 847 804
340 403 417 500 577
97 316 695 680 269
485 68 86 158 756
281 81 718 880 667
480 600 525 348 114
808 701 459 337 157
681 674 195 72 881
236 250 63 429 619
680 715 200 103 320
610 775 1 749 778
328 455 893 556 742
217 451 268 32 724
138 854 32 22 175
192 842 162 70 674
302 401 73 681 440
375 847 483 777 641
849 171 796 266 585
437 430 505 35 428
626 82 167 794 238
632 241 298 82 456
448 690 101 131 244
242 669 30 792 247
730 871 199 75 863
591 673 731 489 545
122 154 628 394 867
526 193 29 198 16
242 519 124 249 694
611 606 829 143 423
254 837 576 67 425
710 766 834 797 733
758 149 287 500 834
246 775 63 290 540
552 226 293 393 747
371 722 800 745 655
742 490 303 349 404
195 493 808 857 814
537 665 400 392 515
767 733 680 111 369
765 371 117 334 862
310 379 592 817 193
300 784 518 166 60
355 786 333 692 66
644 434 640 782 722
363 635 106 505 392
718 487 171 504 415
277 94 129 568 322
28 687 729 714 116
