10
1466
1
100
99
0.226056 0.202712
0.325426 1.03776
0.291623 2.42502
0.391637 3.09839
0.0288292 4.14795
0.119363 5.42763
0.0854438 6.43265
0.312905 7.31807
0.186527 8.26378
0.167438 9.07899
1.48467 0.00800741
1.35823 1.16405
1.35105 2.09138
1.20063 3.07752
1.38192 4.493
1.30932 5.47924
1.31394 6.17602
1.16026 7.17183
1.23897 8.28555
1.2356 9.33099
2.41235 0.012669
2.07012 1.10362
2.23056 2.16742
2.38306 3.39075
2.14927 4.10207
2.49143 5.36715
2.0989 6.48076
2.49942 7.17035
2.45994 8.13132
2.09116 9.17557
3.48403 0.487726
3.46564 1.251
3.35297 2.30064
3.02637 3.42048
3.47652 4.48255
3.10419 5.45347
3.22215 6.4805
3.19852 7.36943
3.33856 8.16116
3.0523 9.08541
4.21369 0.10984
4.09208 1.33269
4.21077 2.45783
4.38713 3.25349
4.32168 4.39326
4.11066 5.20089
4.10944 6.42872
4.36939 7.23713
4.05158 8.26894
4.09932 9.32358
5.02024 0.387217
5.28457 1.26793
5.17815 2.13083
5.4953 3.07537
5.12181 4.17037
5.04894 5.26018
5.18877 6.43864
5.16665 7.00198
5.34614 8.21951
5.36037 9.39959
6.01516 0.340903
6.23838 1.30807
6.22957 2.21613
6.26976 3.20969
6.08313 4.2302
6.3886 5.43816
6.15657 6.05039
6.09997 7.40892
6.26229 8.47573
6.01144 9.29419
7.2737 0.182655
7.25481 1.36939
7.02917 2.14348
7.15736 3.09708
7.43472 4.17118
7.17039 5.35107
7.14204 6.14749
7.1631 7.10069
7.2647 8.47684
7.23613 9.42178
8.44268 0.43096
8.03328 1.32523
8.4079 2.19841
8.31516 3.00575
8.34857 4.35435
8.09439 5.10615
8.25646 6.20391
8.20062 7.00836
8.49402 8.09091
8.14703 9.24422
9.34524 0.123561
9.22713 1.3512
9.0096 2.03485
9.23572 3.23604
9.07737 4.11083
9.07465 5.34707
9.23029 6.32061
9.15678 7.16932
9.25467 8.24443
9.02311 9.01305
0 10 80
1 2 2
2 3 6
3 4 23
4 5 6
4 14 86
6 7 14
7 8 8
7 17 54
8 9 1
9 19 68
10 20 59
11 12 0
12 13 10
13 23 75
14 15 5
14 24 49
16 17 10
17 18 5
19 29 54
20 21 22
20 30 68
21 22 10
22 23 10
22 32 71
23 24 15
23 33 41
24 34 84
25 26 25
25 35 39
26 36 71
27 28 2
27 37 44
28 29 23
28 38 56
31 32 7
33 43 86
34 35 24
34 44 53
36 46 56
38 48 45
39 49 66
40 50 51
41 42 8
41 51 75
42 43 11
43 53 70
44 45 13
46 47 16
47 48 20
47 57 50
48 58 82
49 59 80
50 51 17
50 60 63
51 61 60
52 53 20
52 62 66
53 54 24
54 55 5
54 64 61
55 65 85
56 57 1
58 59 1
59 69 41
61 71 64
62 63 3
66 67 4
67 77 67
68 69 16
68 78 63
70 80 74
71 81 49
72 82 87
73 74 18
74 75 17
74 84 58
76 77 1
76 86 70
77 87 66
78 79 2
78 88 78
79 89 58
80 90 57
81 91 76
82 83 6
82 92 38
83 84 2
84 85 16
85 86 10
85 95 62
88 98 48
89 99 55
90 91 7
91 92 14
93 94 10
94 95 0
95 96 10
97 98 6
63 413 810 681 655 164 840 468 989 686
411 150 958 563 545 106 797 346 117 421
70 40 479 772 969 261 264 497 315 490
910 167 634 508 421 432 104 962 207 95
736 28 218 652 28 357 529 258 207 443
744 297 121 483 650 945 112 867 968 174
983 603 524 187 91 511 592 542 794 240
711 4 571 133 511 485 386 988 413 214
784 833 644 627 216 568 360 439 595 222
87 481 121 711 328 475 144 543 917 443
102 105 764 692 656 626 150 795 984 934
4 56 208 204 466 91 88 733 280 114
630 66 429 878 988 696 681 602 275 981
543 111 735 283 60 505 321 166 193 203
126 919 421 891 946 76 215 797 382 626
955 912 401 48 746 151 357 224 272 514
113 609 289 989 768 957 285 126 780 598
553 502 89 235 438 500 803 125 829 116
956 508 471 865 459 504 760 200 35 919
573 890 370 865 275 684 891 64 682 530
989 809 958 815 833 462 721 203 783 962
184 286 869 498 565 233 811 851 426 772
331 327 432 540 944 738 754 774 577 482
412 258 798 509 232 917 860 115 360 247
108 984 57 238 8 377 624 465 445 810
683 399 11 519 803 510 845 657 19 183
534 613 448 193 142 440 421 879 120 154
481 659 716 114 119 373 647 901 395 815
686 588 428 399 263 345 621 128 609 604
807 31 434 159 835 173 550 561 831 472
567 138 328 28 102 894 871 962 76 272
678 858 543 751 958 831 15 847 566 230
738 272 174 14 239 750 846 562 957 513
988 612 636 444 98 880 867 25 171 216
522 131 185 472 340 539 883 530 386 672
9 50 283 624 520 460 502 77 781 969
538 799 460 663 349 64 17 315 954 613
394 4 548 519 271 676 592 475 701 28
273 719 988 899 168 228 906 85 144 539
694 870 926 204 633 452 333 708 42 982
484 241 619 176 353 625 954 153 988 222
568 272 316 872 561 761 18 157 370 748
772 659 688 380 598 89 582 427 743 792
816 808 29 369 937 163 409 689 529 109
796 76 247 276 646 173 707 168 922 568
541 764 38 420 935 460 626 743 641 150
774 363 975 745 52 135 22 879 226 116
137 746 339 915 967 959 959 709 631 440
988 186 778 124 558 595 724 87 585 500
130 698 483 238 51 322 226 653 709 564
557 65 579 90 406 639 953 557 582 158
0 295 696 659 856 516 171 488 191 150
786 653 77 215 280 290 742 148 808 228
267 8 440 10 697 721 581 563 453 388
633 862 517 976 477 454 38 680 45 219
703 869 867 247 492 678 386 554 587 338
151 608 841 866 329 619 446 22 708 843
105 888 414 126 654 590 147 964 275 418
524 42 447 86 699 638 765 806 593 304
294 300 7 296 656 632 68 571 58 488
734 568 868 327 909 732 605 686 99 304
487 767 42 161 832 579 781 221 286 738
360 377 342 307 407 470 64 643 608 109
606 782 2 340 264 459 789 458 360 345
182 110 340 820 152 436 772 835 743 505
517 138 635 813 471 31 788 594 52 285
828 716 441 483 453 14 461 674 56 226
475 289 901 474 820 249 976 361 428 463
579 485 327 548 335 571 853 684 137 191
833 816 327 375 481 414 54 892 208 929
855 946 420 358 430 71 106 183 884 482
244 208 902 768 692 564 927 98 266 806
655 366 947 54 560 141 105 812 523 215
519 653 288 381 473 358 492 392 427 122
844 8 429 383 246 243 248 586 651 470
19 506 82 510 165 577 85 659 893 324
143 804 496 958 601 623 215 48 592 696
321 864 709 691 722 100 46 542 821 445
544 107 33 837 89 983 895 50 315 497
826 65 826 509 813 832 819 299 156 162
775 818 319 393 610 984 555 460 930 854
648 128 391 622 236 955 698 656 150 15
136 603 64 839 672 694 840 147 15 497
565 743 504 26 353 69 207 668 556 301
67 255 847 487 774 160 405 135 252 727
254 699 561 234 336 514 92 763 510 855
837 811 977 175 552 813 619 154 471 2
536 427 717 494 170 754 480 575 409 7
983 743 120 474 364 305 229 610 844 822
802 137 539 314 161 597 45 763 283 314
61 260 244 166 47 142 721 439 741 345
472 355 569 608 151 879 893 664 416 577
443 17 960 745 655 665 229 871 97 304
7 193 426 562 224 141 903 850 350 937
884 541 562 56 126 873 601 607 447 5
149 205 58 236 582 355 144 293 1 253
359 657 184 598 818 302 191 254 512 879
265 978 438 69 229 752 99 979 364 160
346 741 80 474 845 342 68 828 947 685
