10
2605
1
100
180
0.428414 0.175474
0.39855 1.01059
0.244541 2.40034
0.155205 3.08797
0.47962 4.04537
0.415311 5.1994
0.179729 6.1094
0.207314 7.29104
0.111187 8.14588
0.196282 9.39049
1.2904 0.212797
1.07694 1.33785
1.26497 2.37636
1.24487 3.28801
1.13565 4.05023
1.13945 5.23459
1.3211 6.04345
1.31091 7.01933
1.33171 8.0707
1.049 9.07484
2.36002 0.0923573
2.40112 1.18875
2.09109 2.15919
2.41177 3.42984
2.41342 4.0061
2.27764 5.42994
2.36902 6.07897
2.37784 7.37353
2.33555 8.24012
2.26983 9.33388
3.43973 0.410979
3.39523 1.43098
3.19926 2.23296
3.19109 3.37245
3.16858 4.45663
3.23685 5.23173
3.11193 6.02985
3.05145 7.09927
3.3938 8.32669
3.18225 9.47288
4.08522 0.237251
4.21316 1.48727
4.22141 2.46772
4.20266 3.03269
4.24093 4.15251
4.06196 5.48109
4.31699 6.23439
4.09727 7.43312
4.46359 8.44313
4.01371 9.07019
5.03248 0.173174
5.23521 1.32608
5.33423 2.24864
5.48968 3.36011
5.17991 4.23305
5.06711 5.49715
5.35473 6.08247
5.21722 7.4077
5.22564 8.12946
5.01113 9.32957
6.29864 0.492965
6.46676 1.23958
6.41677 2.11098
6.45166 3.38883
6.29805 4.43377
6.35557 5.08072
6.2445 6.1527
6.34034 7.4219
6.08919 8.14484
6.2439 9.35332
7.38589 0.260914
7.11387 1.34136
7.43015 2.48176
7.18534 3.22388
7.23412 4.27979
7.14121 5.40883
7.45504 6.11491
7.14749 7.44554
7.38221 8.29779
7.1972 9.18158
8.39488 0.191648
8.16397 1.26961
8.29275 2.1714
8.16685 3.21285
8.06434 4.11931
8.15815 5.0365
8.09653 6.42492
8.33551 7.00216
8.45829 8.01001
8.2139 9.45743
9.11971 0.331845
9.01517 1.47973
9.22687 2.39718
9.05553 3.30297
9.27831 4.1638
9.34521 5.49198
9.43658 6.3141
9.01803 7.3162
9.14833 8.15302
9.46284 9.38563
0 1 2
0 10 55
1 2 10
1 11 43
2 3 6
2 12 65
3 4 21
3 13 69
4 5 4
4 14 41
5 6 15
5 15 46
6 7 2
6 16 72
7 8 6
7 17 70
8 9 5
8 18 77
9 19 54
10 11 14
10 20 68
11 12 12
11 21 84
12 13 1
12 22 52
13 14 7
13 23 74
14 15 0
14 24 81
15 16 11
15 25 72
16 17 1
16 26 66
17 18 1
17 27 67
18 19 18
18 28 63
19 29 77
20 21 3
20 30 68
21 22 20
21 31 63
22 23 20
22 32 70
23 24 0
23 33 49
24 25 9
24 34 48
25 26 6
25 35 61
26 27 1
26 36 47
27 28 3
27 37 43
28 29 4
28 38 67
29 39 58
30 31 3
30 40 41
31 32 12
31 41 52
32 33 1
32 42 65
33 34 1
33 43 64
34 35 4
34 44 68
35 36 8
35 45 52
36 37 4
36 46 76
37 38 22
37 47 66
38 39 13
38 48 68
39 49 53
40 41 8
40 50 60
41 42 1
41 51 65
42 43 1
42 52 70
43 44 2
43 53 81
44 45 11
44 54 59
45 46 16
45 55 64
46 47 14
46 56 66
47 48 23
47 57 71
48 49 28
48 58 48
49 59 63
50 51 13
50 60 80
51 52 6
51 61 78
52 53 10
52 62 68
53 54 20
53 63 61
54 55 7
54 64 71
55 56 18
55 65 81
56 57 9
56 66 56
57 58 1
57 67 71
58 59 14
58 68 55
59 69 78
60 61 11
60 70 69
61 62 3
61 71 41
62 63 2
62 72 64
63 64 10
63 73 46
64 65 4
64 74 59
65 66 7
65 75 50
66 67 6
66 76 77
67 68 16
67 77 51
68 69 10
68 78 82
69 79 60
70 71 17
70 80 64
71 72 20
71 81 66
72 73 15
72 82 55
73 74 3
73 83 62
74 75 6
74 84 53
75 76 20
75 85 64
76 77 19
76 86 41
77 78 15
77 87 75
78 79 12
78 88 68
79 89 64
80 81 15
80 90 46
81 82 8
81 91 54
82 83 8
82 92 59
83 84 6
83 93 56
84 85 6
84 94 77
85 86 4
85 95 75
86 87 15
86 96 85
87 88 8
87 97 43
88 89 15
88 98 44
89 99 79
90 91 7
91 92 13
92 93 11
93 94 14
94 95 4
95 96 6
96 97 26
97 98 8
98 99 20
1148 1055 1666 1420 1752 401 1144 1614 1415 978
60 1507 1157 1511 741 1738 1350 978 1524 1795
1011 1072 207 1005 742 1791 1436 774 559 305
734 549 1274 695 214 27 1628 1590 246 683
1182 39 1363 1644 1266 84 1003 1487 1144 1139
309 1482 361 1134 1305 1694 710 746 917 1432
245 100 1058 1169 304 541 413 282 636 922
84 906 849 1005 125 201 1756 267 395 363
816 201 1118 1110 1381 428 1575 1440 603 937
238 185 338 892 22 1354 730 616 532 123
426 731 1031 580 1122 1048 1578 148 270 533
138 1790 1522 427 477 9 494 1413 1785 616
1659 741 85 1038 1186 1266 971 1036 1131 1525
960 516 395 1725 1296 520 1514 8 1721 247
94 156 607 1429 118 697 1158 374 668 238
554 774 251 991 669 1514 740 266 802 1258
854 1103 1030 1774 464 943 1334 1527 566 203
1431 1542 194 749 24 1498 725 1594 1656 1445
800 1181 878 859 722 923 1664 1778 1444 776
1200 1447 614 926 1408 1372 653 448 186 302
530 889 89 207 609 1513 1524 629 1583 922
1455 1230 1372 938 1016 182 809 1525 1770 54
1639 902 978 159 456 976 970 561 1150 376
1368 1593 95 332 645 1797 361 961 1681 1420
1045 201 1142 1357 333 856 525 841 1683 1332
1775 535 1022 245 116 848 1040 1238 1689 1712
1384 1455 1378 233 535 785 1110 812 1324 749
653 106 1463 688 566 1379 232 700 1747 1793
1413 247 294 1465 1400 402 843 714 1327 1776
459 1584 1254 280 265 1578 916 346 529 1177
619 1324 1538 1327 1519 1645 246 1223 58 922
1433 265 758 979 698 733 1118 1100 410 139
42 730 1553 346 490 532 1088 1523 1519 1620
1336 1191 1210 111 285 1784 802 123 541 262
1441 1423 1782 1652 1669 1115 318 1332 1487 1037
62 164 861 1625 1194 1166 1394 686 1358 684
1277 1782 1103 356 1108 260 1026 662 946 1469
535 652 733 534 916 190 655 275 1192 631
940 52 1292 570 879 1223 1731 262 219 200
507 660 447 504 972 261 452 653 1578 239
427 845 57 753 272 584 1739 1524 1224 1006
306 1301 871 63 559 1727 1136 169 722 1375
751 329 15 1682 229 397 1341 1306 695 381
1792 917 415 206 49 635 1617 957 1633 1058
1230 995 1306 1537 1621 1297 1790 1525 972 1370
921 992 1421 134 1290 415 1539 521 1554 687
1358 145 141 280 1588 1440 45 978 1088 67
1207 873 42 177 976 11 1110 1139 605 156
1636 919 552 469 1662 1010 1008 636 722 461
499 8 867 692 409 246 1524 56 859 408
1723 1114 941 234 1570 50 706 663 872 1517
1130 555 373 106 173 958 669 526 132 721
1417 731 373 506 1473 775 94 1119 284 1314
1406 891 1710 1398 116 804 1799 318 567 963
1212 1045 1140 1225 176 425 1399 616 1651 592
1756 426 1265 1285 1366 1004 673 1144 674 1164
1531 23 761 24 92 1415 1520 914 485 1324
1041 1646 659 1134 444 1549 726 1584 814 1342
567 972 1798 1743 1305 1143 643 888 175 316
998 264 406 1245 1090 52 1565 1727 1360 108
1453 1381 245 1055 1424 1745 1213 1105 1250 320
1007 1165 1298 1464 139 479 769 30 502 529
900 1336 866 443 1270 1446 1428 172 1171 1429
637 1515 970 1531 712 1482 318 1034 32 1475
731 445 1141 906 1132 1259 716 709 842 148
272 656 26 495 1477 357 1368 75 400 1477
254 109 1694 1009 1166 1703 491 567 1293 1147
1784 1298 823 890 583 1793 1448 1311 1647 1744
331 1365 1149 1796 1296 1511 288 1036 701 440
1796 1697 803 778 1619 1596 1027 1278 133 682
1346 1648 658 1667 1243 904 567 1642 1742 95
1475 779 411 191 1346 1025 926 243 655 980
334 488 368 1208 1500 274 227 261 1449 1575
995 323 1335 1724 1296 1062 1734 1370 980 1590
729 936 334 175 489 1566 855 258 831 1073
1633 311 1397 1350 171 1684 292 22 1263 547
956 288 1444 1474 1171 1597 1513 1229 460 176
160 345 1749 1222 520 1758 847 470 955 650
710 1123 1571 859 1193 1729 1319 624 1161 37
729 276 916 418 98 346 32 101 1748 1585
1099 1291 1079 347 643 368 321 1786 61 1615
1629 944 1465 1214 1387 220 1260 65 897 201
1095 1351 417 888 952 1448 664 920 1698 483
1642 1089 737 206 340 1195 588 1131 417 515
170 192 536 472 709 484 1781 414 1577 1029
200 1467 356 716 621 63 1578 1541 193 349
1237 1613 666 207 917 1669 1708 331 24 733
1359 1228 1329 137 1277 1005 1134 1182 1198 1201
748 345 1665 1259 1444 722 440 418 1110 904
794 1580 1622 135 1013 601 701 1295 495 112
1474 374 1689 1062 725 398 862 1058 875 571
71 1635 1153 1045 821 1343 344 1364 1714 455
1279 509 246 1310 1725 1356 558 521 1074 696
631 24 119 1254 1356 1033 209 1501 987 231
83 1051 1139 731 1329 302 901 230 694 1595
83 1033 1138 1498 1659 1468 313 1364 1185 1106
835 1070 232 277 525 624 1246 1381 1698 1339
196 1308 759 1557 145 871 1275 1273 1256 1355
371 1624 950 1169 325 988 858 572 194 114
268 250 989 1174 802 598 1345 350 1093 1626
716 1481 1173 1045 923 1692 1107 377 1377 869
1738 271 1699 37 1608 1436 389 603 468 728
1609 464 282 618 1181 462 154 1473 97 672
1613 995 1702 572 1485 951 1083 1266 1051 103
932 469 661 606 133 978 1752 1183 1076 322
522 329 1540 1575 44 987 981 38 1591 1266
374 932 918 1782 1644 1780 1603 710 705 1331
1096 1238 1764 368 136 128 177 1383 1123 808
1573 550 147 867 390 311 1420 171 787 755
1363 1059 641 1125 449 435 1666 213 963 424
454 1768 817 1034 280 628 1418 374 1175 1320
1393 370 354 468 1177 970 1577 1742 760 9
1726 1163 916 1686 1727 1542 1472 1097 1646 1199
650 983 1270 88 335 863 314 1735 1539 13
1721 1464 341 633 762 1089 1479 609 610 1031
338 575 8 1033 1713 545 1268 193 220 70
1231 905 1402 442 19 525 1015 1076 854 1788
1061 597 440 958 1324 1715 931 1777 1311 280
1435 1058 74 125 129 1106 1696 1774 1524 1262
535 233 193 80 143 1413 9 181 1797 45
833 682 1797 133 329 1769 1508 1427 232 1772
1622 1298 304 1356 54 1456 573 1640 1139 1234
371 172 660 1365 505 525 1559 912 711 974
226 555 154 1218 787 531 669 541 1688 120
1624 1665 52 1620 1603 887 189 728 1663 1270
1625 479 1473 1737 903 477 280 1657 1128 926
1255 1624 1531 1672 828 406 1770 715 1038 61
167 1009 223 567 1185 786 1719 441 666 382
653 1622 1617 588 1285 1540 922 1399 1084 1076
1643 197 877 1330 378 444 422 679 209 1421
1521 850 1542 1127 1607 504 787 1283 393 272
111 1751 1780 1032 816 100 204 444 1744 1393
1736 207 1495 705 1051 343 1696 1746 1676 1365
552 1441 1590 1166 376 293 1033 734 137 1710
613 1196 1034 1581 370 290 458 78 935 196
1743 1482 856 276 79 667 953 607 305 448
963 48 870 1263 1589 1559 1382 353 1627 1546
1247 300 889 1374 1184 713 134 606 1435 1736
971 966 992 413 380 1613 1769 1479 1351 893
1079 732 1774 1642 797 1772 683 804 263 237
1031 1082 105 360 826 981 1251 1693 487 1267
110 962 1603 958 1007 1145 826 453 729 1064
1068 136 1095 1548 864 441 703 231 1598 1710
541 81 441 829 134 915 649 687 346 111
1222 183 1241 933 1462 836 836 720 806 104
126 1691 1620 1474 1608 654 115 613 1501 1688
1141 466 115 1410 241 1555 752 515 1497 453
1569 1653 1557 1062 1178 113 390 1793 1013 878
1548 1400 1052 846 1298 757 828 420 478 449
1503 776 1514 722 1072 847 898 1328 674 1677
1672 1161 1268 733 577 360 989 1589 132 1793
887 1423 1210 474 1144 1312 846 1323 801 1701
1036 320 1220 938 926 900 449 1543 1278 1566
902 604 1513 1673 1335 1069 166 877 1443 1570
1309 1467 551 1503 996 699 283 1289 100 1155
796 1071 60 633 931 870 1434 232 1377 870
240 1053 863 229 275 865 537 1648 386 233
1127 1380 368 259 1688 865 666 738 1134 1154
1256 1591 191 1266 1113 858 234 73 1489 712
772 1646 50 1788 976 1299 156 1123 1701 837
942 705 1612 282 1624 1579 460 1678 1206 1570
262 96 1161 1516 801 187 1750 255 324 385
1024 1086 1646 248 1608 1719 1316 1692 184 955
1774 475 1674 1546 1206 759 1235 1555 1503 88
1049 1535 393 2 1490 1042 45 510 34 160
140 183 443 275 883 723 158 806 267 194
229 1731 724 904 441 58 1487 255 1331 866
1630 1213 180 1636 96 1028 391 1492 604 1791
572 928 1748 1296 1013 1654 1331 1354 463 298
545 660 1103 1220 426 583 250 761 111 1567
164 520 831 328 854 568 308 1469 1618 502
1030 787 892 486 799 790 568 1658 1406 143
280 472 249 1510 1641 1750 1240 1411 141 769
641 1010 1348 1786 1002 411 650 987 1479 307
760 813 1528 358 1284 1493 43 1350 498 1348
1423 1310 1465 1498 1601 950 727 1107 1197 635
1211 1151 50 740 612 1557 349 1422 699 1531
1282 857 1177 1574 1701 1163 354 175 1667 1503
1164 357 1299 441 958 160 487 724 973 1744
1662 1013 1391 716 1349 1532 1603 4 1762 838
