10
371
0.5
25
40
0.481914 0.0901677
0.0571666 1.09071
0.0558894 2.45879
0.0455785 3.3623
0.247797 4.34638
1.32586 0.310138
1.23203 1.41069
1.24797 2.04495
1.04767 3.42251
1.25457 4.18881
2.19396 0.110303
2.21321 1.29484
2.21929 2.17168
2.30574 3.24933
2.30764 4.48113
3.23794 0.215432
3.03409 1.06869
3.42258 2.48914
3.464 3.47234
3.36581 4.2991
4.23027 0.437457
4.4583 1.00139
4.37829 2.07825
4.29915 3.49897
4.44406 4.25436
0 1 27
0 5 53
1 2 0
1 6 74
2 3 1
2 7 75
3 4 13
3 8 63
4 9 64
5 6 6
5 10 55
6 7 1
6 11 62
7 8 13
7 12 61
8 9 13
8 13 80
9 14 67
10 11 1
10 15 66
11 12 0
11 16 52
12 13 5
12 17 76
13 14 0
13 18 73
14 19 67
15 16 13
15 20 63
16 17 25
16 21 90
17 18 3
17 22 60
18 19 6
18 23 53
19 24 68
20 21 14
21 22 5
22 23 5
23 24 9
216 1 351 320 257 139 268 254 122 189
44 76 38 315 225 164 69 397 104 86
359 308 126 42 237 345 115 143 391 36
138 103 291 124 341 94 355 231 230 388
145 395 397 30 295 211 295 37 206 125
31 83 38 145 241 150 2 61 175 44
224 172 309 273 222 160 114 201 190 220
112 237 17 163 325 33 35 368 139 307
73 22 201 52 115 155 51 183 362 112
227 292 62 184 184 350 0 11 173 340
200 326 0 274 41 388 242 294 288 266
26 114 231 277 77 102 31 146 355 283
337 81 124 327 117 93 398 27 94 294
332 147 225 19 214 7 84 38 104 155
39 159 197 74 183 347 237 121 72 279
366 127 242 356 92 74 360 64 46 148
127 260 33 248 16 155 119 399 104 113
339 234 123 150 137 305 94 272 239 61
328 309 297 380 85 299 314 361 264 130
242 308 61 55 213 389 288 296 205 352
198 34 247 54 128 320 396 175 22 368
272 107 150 273 159 17 62 53 116 127
51 17 324 89 319 384 298 317 283 20
47 217 16 255 385 302 139 12 175 158
79 20 302 376 350 74 95 22 200 282
268 327 225 321 311 54 237 347 270 71
178 224 375 385 3 51 59 100 40 285
161 284 179 122 48 62 302 280 194 208
12 263 200 37 287 98 104 221 3 160
216 209 217 112 344 103 342 22 2 54
343 393 240 107 28 358 277 391 225 221
310 276 14 198 356 322 350 376 261 256
137 28 188 287 260 195 262 378 100 151
46 237 276 370 136 290 161 261 101 345
291 184 271 122 83 340 266 7 273 91
156 346 169 350 291 180 103 47 242 213
91 74 355 243 386 325 285 102 163 35
351 101 298 155 84 345 389 187 134 113
288 179 66 53 205 29 10 274 15 254
370 92 157 58 227 65 1 201 164 290
