5
285
0.5
25
24
0.188726 0.700962
0.779291 0.357431
0.274032 0.049035
0.411014 0.84533
0.358781 0.972072
0.62649 0.952467
0.401788 0.120446
0.07262 0.731472
0.345306 0.802316
0.9787 0.440014
0.670233 0.114698
0.0110828 0.695426
0.132642 0.50116
0.25772 0.804917
0.271602 0.998914
0.338698 0.670928
0.538746 0.412405
0.9921 0.341788
0.57988 0.577556
0.4241 0.599874
0.359426 0.0143868
0.185185 0.909877
0.988403 0.936939
0.0931716 0.0233392
0.0798738 0.764067
0 11 13
0 20 12
1 18 14
2 18 22
2 24 14
3 23 22
4 10 22
5 17 26
6 16 10
7 13 13
7 14 14
7 15 19
8 21 11
8 23 18
9 16 31
10 17 23
10 19 17
10 20 22
10 21 34
11 13 17
12 16 29
13 16 20
13 18 23
18 22 29
112 44 19 118 30
92 2 37 116 109
70 25 48 33 1
36 3 19 117 65
104 68 113 103 107
57 6 73 40 119
66 18 32 3 65
110 26 52 44 68
90 107 15 15 3
35 5 101 116 76
98 113 91 18 103
9 104 116 44 54
30 92 43 17 15
38 55 42 10 87
49 100 41 75 58
38 32 45 28 44
114 94 49 91 70
72 57 23 50 78
116 119 54 117 13
31 95 29 117 59
111 103 112 107 96
7 31 2 6 53
63 17 45 39 38
63 50 19 110 6
