10
315
0.5
49
48
0.988352 0.347749
0.0833967 0.383497
0.68541 0.390138
0.115997 0.143393
0.832531 0.227517
0.710264 0.870506
0.434958 0.34937
0.698029 0.690872
0.365122 0.370147
0.64929 0.732755
0.520365 0.583563
0.923992 0.298881
0.133628 0.127944
0.657891 0.615289
0.625663 0.730209
0.552143 0.547223
0.0246997 0.0577327
0.26087 0.250828
0.715385 0.365811
0.124396 0.532216
0.441238 0.340806
0.611444 0.818612
0.145135 0.233855
0.0416463 0.142707
0.0742497 0.978681
0.39974 0.0343609
0.702118 0.412899
0.385495 0.882724
0.347185 0.537327
0.566541 0.322382
0.379947 0.197465
0.959227 0.144903
0.275313 0.144357
0.524708 0.0234081
0.991025 0.712683
0.0274436 0.637529
0.456012 0.22949
0.164848 0.614452
0.611511 0.268269
0.0288403 0.917687
0.940216 0.119289
0.0944475 0.608898
0.825365 0.968075
0.461747 0.550245
0.56323 0.0022874
0.0560187 0.207979
0.213591 0.144206
0.859803 0.884466
0.842165 0.690794
0 18 19
0 48 10
1 30 21
1 44 34
2 43 16
3 25 20
4 15 20
4 20 28
5 43 18
6 35 29
6 40 36
6 42 28
7 31 18
7 46 34
7 47 11
8 37 14
9 31 22
10 39 35
11 33 28
12 43 23
13 25 18
13 27 19
13 43 14
14 31 24
14 34 26
15 18 12
15 25 11
15 37 27
16 32 18
17 29 22
17 38 25
19 25 19
19 32 11
19 33 28
20 41 25
21 46 28
22 25 18
23 25 25
24 25 23
25 45 24
26 40 17
28 44 15
31 38 25
32 39 17
33 42 21
33 46 22
36 42 26
44 46 25
219 333 70 156 157 66 314 195 164 204
60 294 165 133 214 50 31 462 133 456
345 388 479 100 33 317 272 383 349 272
323 329 321 103 192 358 286 476 350 308
121 195 96 286 125 62 311 154 242 226
17 28 216 389 26 339 478 95 189 371
224 244 3 20 102 345 147 230 213 90
192 184 181 366 472 148 298 185 260 133
244 108 189 292 180 160 415 393 212 394
29 278 113 360 436 131 156 437 467 389
320 312 349 362 142 147 311 12 309 79
20 427 450 387 270 440 197 379 82 168
362 446 151 305 442 405 411 281 417 394
69 58 156 390 325 201 323 213 149 207
331 374 332 315 147 419 75 395 462 64
239 199 239 196 251 268 324 430 268 90
259 145 250 93 69 273 413 408 200 273
429 232 131 43 369 123 154 203 393 211
356 127 293 15 338 346 137 386 381 23
434 7 222 298 141 270 372 64 199 48
156 105 254 153 27 301 378 379 171 23
260 334 370 274 167 343 451 358 188 130
315 444 338 70 376 52 207 452 327 168
277 76 88 250 196 70 305 434 62 446
411 153 257 419 233 215 324 363 467 120
23 135 165 370 462 283 226 259 422 326
29 338 150 355 459 466 59 419 373 354
3 237 345 411 279 135 369 416 367 186
390 174 339 99 259 98 385 107 151 439
197 209 29 300 449 410 339 113 24 174
7 178 212 188 468 237 435 315 286 414
408 368 334 372 281 312 83 243 174 411
271 349 360 397 471 427 17 154 281 275
330 462 284 177 95 429 424 1 80 434
301 478 343 444 430 179 278 336 184 249
32 14 148 139 65 406 396 248 424 293
268 409 135 437 6 309 115 388 132 58
423 447 466 441 197 89 395 324 20 278
386 377 418 84 113 227 459 465 256 385
339 71 140 287 203 215 157 415 183 357
48 196 59 100 222 215 448 148 16 220
226 376 119 300 89 451 136 219 416 352
401 460 77 66 71 111 233 465 311 356
417 194 8 221 447 98 83 150 92 388
166 42 294 137 224 107 87 425 67 149
387 32 175 288 465 84 23 352 138 455
40 89 136 161 369 276 159 474 51 78
287 378 396 357 406 440 61 190 375 43
