5
359
0.5
25
32
0.270231 0.185023
0.825107 0.798521
0.654671 0.955018
0.808889 0.93861
0.0662618 0.542279
0.932151 0.0680893
0.406443 0.675738
0.74465 0.67487
0.0519518 0.359906
0.925226 0.822001
0.114939 0.224792
0.248069 0.121157
0.493364 0.17926
0.943582 0.803853
0.039777 0.682822
0.691873 0.247861
0.775027 0.513587
0.103384 0.557628
0.730995 0.269366
0.424697 0.0677345
0.397977 0.884523
0.799322 0.427523
0.710062 0.676533
0.811917 0.710096
0.728297 0.920867
0 4 14
0 15 30
1 2 12
2 13 20
3 5 9
3 19 27
3 20 29
4 19 25
5 15 17
5 16 11
5 18 14
6 7 24
6 10 21
6 14 26
6 16 26
6 17 21
6 21 28
7 13 14
7 19 23
8 11 14
9 12 31
9 16 11
11 14 15
11 19 12
11 22 33
11 24 34
12 13 32
12 23 23
13 19 37
13 20 39
15 19 19
19 21 26
32 154 37 92 122
97 0 78 90 116
132 113 157 60 94
125 141 32 28 48
87 3 117 44 96
150 99 112 121 81
97 41 10 117 11
6 139 37 156 77
32 61 79 118 19
20 38 16 97 154
1 81 29 77 12
27 98 114 125 73
135 113 105 130 15
127 72 127 82 51
28 156 70 129 39
39 38 101 64 150
19 46 153 133 68
147 81 92 24 20
83 118 121 100 44
121 114 51 10 62
135 145 105 24 15
16 132 33 66 128
91 154 100 137 132
82 157 97 50 92
107 41 94 60 120
16 98 71 14 0
116 133 130 156 71
17 97 95 119 43
26 28 148 79 46
27 111 137 51 115
145 94 143 86 59
66 14 95 4 82
