5
248
0.5
25
24
0.0275454 0.95336
0.811159 0.283091
0.0815681 0.432464
0.23426 0.875102
0.332515 0.21848
0.797556 0.214119
0.199258 0.909262
0.0534994 0.705838
0.209501 0.235742
0.915584 0.231967
0.740437 0.618664
0.50718 0.784743
0.689952 0.475249
0.625364 0.370308
0.542931 0.284906
0.624057 0.708462
0.425874 0.461495
0.330239 0.1295
0.718418 0.170428
0.254878 0.564854
0.628183 0.302201
0.917912 0.845667
0.998021 0.277363
0.153617 0.963394
0.0174214 0.248343
0 8 13
0 11 34
0 17 21
1 20 13
2 19 12
3 14 22
4 14 15
5 22 14
6 20 30
6 24 13
7 17 20
8 16 15
9 15 21
10 14 14
10 22 18
11 12 13
12 19 31
13 21 21
14 23 28
15 17 21
17 18 27
19 20 26
20 21 20
20 23 34
13 24 112 111 54
68 91 19 107 45
107 88 8 29 83
11 26 9 14 69
76 69 7 86 107
45 70 83 83 60
82 86 41 101 80
74 5 75 35 101
30 94 115 100 0
29 70 58 113 46
86 111 33 114 115
114 82 76 38 71
30 19 48 47 22
92 112 80 85 113
109 88 59 4 9
24 9 44 76 91
52 100 69 103 38
6 89 93 41 43
54 91 63 43 8
52 43 62 99 55
9 73 31 80 65
32 72 11 31 38
61 8 116 84 95
94 49 74 66 60
