10
256
1
25
40
0.71911 0.00353911
0.05053 0.687493
0.19938 0.153631
0.666108 0.597411
0.574138 0.582684
0.670162 0.638324
0.413982 0.212429
0.299194 0.704155
0.0428014 0.157039
0.274971 0.154857
0.654813 0.946524
0.877231 0.730131
0.448042 0.38682
0.164704 0.705339
0.943699 0.193019
0.434843 0.33602
0.354882 0.650058
0.167463 0.149606
0.910189 0.927831
0.270561 0.0498896
0.742091 0.123992
0.548612 0.40711
0.959687 0.291056
0.763917 0.811164
0.145769 0.747352
0 6 22
0 16 26
0 19 32
1 2 11
1 7 18
1 15 27
1 16 22
1 21 35
2 4 26
2 16 11
3 14 20
3 18 17
4 6 11
4 11 21
4 17 29
4 19 21
4 22 27
4 23 13
5 11 15
5 19 28
5 22 20
7 21 18
8 9 16
8 12 29
9 12 12
9 15 11
10 17 34
10 18 18
10 19 27
12 13 20
12 17 20
12 20 21
12 24 21
13 16 13
14 21 28
15 17 19
15 18 34
18 21 26
19 21 20
20 21 14
289 81 295 176 340 153 98 2 169 246
347 193 24 245 88 311 266 253 37 119
363 303 5 103 353 296 298 142 199 235
0 396 336 96 96 297 24 337 166 165
295 161 180 87 52 94 7 167 268 114
355 282 200 310 42 292 260 269 133 241
52 214 18 370 267 342 390 375 10 367
145 59 234 394 250 0 210 209 177 186
94 379 180 200 360 373 391 191 388 280
15 21 313 221 101 236 298 61 105 127
74 10 283 383 268 334 149 122 231 166
188 312 127 47 208 357 275 396 188 10
190 25 55 232 122 339 348 86 391 2
263 16 339 162 284 253 299 251 204 327
370 131 168 397 347 187 371 220 171 47
353 16 20 201 205 369 395 299 216 106
351 331 314 395 338 338 200 306 12 205
43 167 98 299 158 110 376 333 190 159
252 2 67 130 155 172 301 113 314 243
84 295 379 75 36 368 44 165 268 362
262 269 373 104 191 29 258 40 44 32
26 174 274 321 261 381 336 385 2 82
66 231 18 264 149 93 292 273 29 61
384 179 78 11 134 220 24 221 264 135
196 43 207 252 264 372 345 221 345 286
292 351 21 190 109 265 246 129 356 115
49 21 388 179 383 182 179 68 5 175
264 167 318 296 234 154 3 234 216 34
334 102 347 339 131 242 8 360 374 268
57 259 129 164 132 150 132 42 351 245
120 65 143 195 116 10 84 191 309 148
61 239 45 230 166 63 165 294 97 78
43 371 110 378 292 60 287 307 128 140
272 270 324 394 109 62 377 322 397 260
43 398 264 276 7 123 344 388 149 150
29 372 144 315 299 62 396 120 291 221
68 158 235 21 156 149 80 322 253 213
241 302 290 176 292 359 206 148 313 386
48 279 67 99 245 343 160 169 3 170
28 258 344 238 229 78 214 374 273 249
