10
284
0.5
49
48
0.0746837 0.585587
0.413463 0.934693
0.84227 0.0693151
0.9538 0.448413
0.0309036 0.440095
0.892455 0.940072
0.41069 0.492136
0.789528 0.463467
0.988996 0.428132
0.699767 0.83994
0.259635 0.874728
0.435803 0.146749
0.62945 0.303325
0.218256 0.400175
0.130914 0.0640615
0.369585 0.456637
0.0914845 0.956079
0.216075 0.178102
0.849354 0.465706
0.959705 0.586083
0.58251 0.963979
0.107301 0.252685
0.635002 0.176024
0.28627 0.53238
0.783329 0.0409123
0.913355 0.48061
0.567925 0.613447
0.267307 0.26697
0.229988 0.406157
0.863051 0.409248
0.0261959 0.815694
0.698432 0.54103
0.961071 0.68951
0.724036 0.57987
0.321012 0.135815
0.576372 0.963518
0.915633 0.726655
0.124537 0.0488403
0.119481 0.518424
0.617773 0.0282726
0.200162 0.564388
0.975237 0.118113
0.499456 0.326177
0.108131 0.956052
0.691435 0.191471
0.388649 0.925296
0.335224 0.606652
0.690519 0.229623
0.895805 0.49709
0 17 10
0 26 35
0 34 17
1 22 16
1 39 14
2 11 29
3 22 23
4 42 33
5 9 14
5 46 39
6 28 13
6 36 36
6 43 21
7 15 30
7 23 36
7 39 12
8 39 26
9 11 19
10 12 26
10 16 12
11 18 29
11 24 25
12 27 26
12 34 22
12 37 36
13 22 29
14 26 31
15 25 38
16 35 34
19 20 27
20 25 23
21 34 15
22 29 16
22 37 36
24 32 13
24 35 15
25 31 15
25 33 13
28 39 27
28 42 19
30 34 21
31 48 14
33 40 37
37 45 19
38 45 19
39 41 25
40 47 35
42 44 14
266 56 105 474 150 123 92 155 436 229
54 60 154 209 267 54 423 109 4 167
109 50 43 421 121 362 373 279 48 471
434 81 136 0 144 75 199 347 210 262
445 403 163 73 57 130 313 395 236 255
76 421 262 286 212 293 397 402 277 288
386 15 358 337 72 199 71 449 220 316
365 267 136 459 55 166 214 300 369 292
328 316 382 8 95 18 204 112 366 383
132 220 205 5 355 160 90 392 86 411
354 35 152 219 334 173 14 408 253 65
49 266 474 233 260 237 79 28 339 110
131 204 289 466 470 307 433 264 9 187
175 188 359 452 200 314 445 27 169 56
364 277 431 13 167 417 168 464 267 98
240 240 247 99 148 332 295 180 407 415
302 76 195 316 410 263 271 189 352 361
17 465 432 311 18 20 462 430 457 290
450 276 222 457 398 194 73 168 135 219
300 281 161 430 197 286 350 120 204 111
221 455 461 180 6 163 401 205 325 118
414 98 410 385 286 66 194 157 187 205
280 14 408 43 133 410 168 395 81 240
393 175 327 37 79 290 190 457 99 224
209 49 67 112 376 478 422 267 26 24
23 105 346 472 212 401 34 335 473 468
300 104 182 17 175 166 462 24 109 17
345 236 461 26 145 404 127 116 273 153
444 182 392 48 478 276 63 188 122 393
251 50 241 210 98 239 384 28 414 51
245 330 115 259 258 420 455 102 236 115
322 12 135 270 356 155 77 81 260 139
172 148 247 471 72 137 258 176 213 458
461 100 126 4 404 105 27 370 263 398
215 239 13 128 200 90 0 349 249 342
206 100 275 297 393 53 360 130 283 122
125 260 195 203 472 181 440 335 223 473
18 114 264 50 64 249 473 207 460 87
327 272 57 403 57 137 24 116 448 442
67 439 148 110 357 429 36 240 237 66
59 192 0 215 228 223 198 439 238 415
147 375 368 402 129 51 39 326 212 153
435 198 396 232 59 15 242 445 199 116
315 412 288 149 140 114 43 278 12 334
124 234 195 231 268 304 439 178 436 127
282 66 290 269 12 211 348 389 351 301
295 293 239 260 43 424 185 39 45 88
37 261 70 162 64 123 73 233 169 228
