10
359
1
49
66
0.965481 0.420197
0.687642 0.579686
0.253866 0.916466
0.91479 0.876944
0.055424 0.794832
0.701874 0.168469
0.222039 0.382886
0.537952 0.93279
0.950084 0.343693
0.635544 0.535704
0.988944 0.847981
0.709528 0.114157
0.720379 0.599602
0.853963 0.128195
0.85237 0.0301953
0.736789 0.386869
0.532891 0.752907
0.356815 0.0995129
0.470058 0.282689
0.747115 0.550155
0.333807 0.0725064
0.118116 0.908461
0.783525 0.154331
0.0509952 0.779377
0.102273 0.446201
0.0223651 0.886156
0.801663 0.60511
0.579106 0.234123
0.745055 0.766895
0.383538 0.929967
0.241003 0.377558
0.78739 0.868554
0.241996 0.611736
0.324028 0.221763
0.474172 0.601488
0.972051 0.809344
0.665183 0.975177
0.459159 0.533474
0.966003 0.085228
0.542145 0.773577
0.342435 0.286455
0.654424 0.467874
0.623458 0.724897
0.673684 0.172449
0.443952 0.979138
0.506132 0.892615
0.943541 0.361723
0.327639 0.497917
0.473463 0.25579
0 45 32
1 18 15
2 4 14
2 18 15
2 21 10
3 19 12
5 13 11
5 47 26
6 36 31
6 37 17
6 41 31
7 8 29
7 17 13
7 33 15
7 40 14
7 47 15
9 14 15
9 47 22
10 19 17
10 28 17
11 13 10
11 29 23
11 34 17
11 40 26
11 45 14
11 46 17
12 34 17
12 37 18
12 38 17
12 48 17
13 36 13
13 45 25
14 36 13
14 43 13
15 35 17
16 20 14
16 21 29
16 28 15
17 27 16
19 27 12
21 40 16
22 38 13
22 42 11
23 29 24
24 39 31
24 44 24
25 30 15
26 37 24
27 44 10
27 47 18
28 34 19
29 39 11
29 42 17
30 44 14
31 35 13
31 44 24
31 45 20
31 48 22
32 34 16
33 39 15
35 41 22
36 44 16
37 41 14
38 39 30
38 42 24
42 47 21
351 488 108 139 319 527 610 40 474 203
457 334 217 151 510 179 160 503 80 524
161 50 244 271 198 274 522 547 146 531
174 481 521 498 483 533 315 120 475 253
338 538 132 504 201 38 366 512 262 71
195 301 467 438 381 73 272 353 21 160
246 52 339 549 227 567 656 110 335 560
288 564 529 61 337 182 484 563 526 540
113 438 445 556 347 438 257 586 553 280
285 451 46 465 478 582 71 343 632 276
441 379 285 496 253 50 464 401 573 644
573 270 637 560 568 206 115 21 391 272
390 448 118 31 113 526 637 145 448 271
360 41 612 491 503 341 418 355 589 264
304 34 519 659 177 445 318 426 369 96
421 543 146 368 262 164 515 591 624 364
301 230 362 582 332 645 591 317 296 271
259 395 90 26 127 326 362 99 386 384
427 387 507 18 25 426 601 169 11 146
567 655 144 16 329 445 71 528 623 637
431 294 256 29 320 70 168 406 92 225
460 129 251 203 209 64 17 222 56 471
135 198 27 184 22 21 176 644 237 294
545 638 84 388 507 76 8 151 255 69
135 571 542 73 552 398 524 112 12 613
210 397 364 156 133 422 291 129 51 214
147 530 371 67 252 648 353 222 476 434
425 526 136 407 225 389 599 72 393 24
228 301 248 469 653 286 269 436 209 251
409 611 108 598 394 435 583 69 3 84
120 270 515 349 621 125 491 305 532 640
462 268 120 601 342 411 376 76 129 596
253 438 607 566 139 623 79 406 359 479
640 158 121 363 431 122 552 633 249 342
224 472 468 311 400 376 345 119 167 551
235 136 140 469 12 178 391 254 460 191
198 252 38 179 63 457 346 622 516 249
92 585 484 505 161 635 555 210 125 55
520 461 42 517 277 542 80 433 24 530
112 206 540 53 269 227 151 63 101 371
397 463 460 573 187 207 625 239 102 351
540 234 317 9 634 560 369 390 259 174
247 339 190 554 630 86 528 325 186 526
157 268 531 65 360 421 260 56 473 641
426 261 213 161 107 121 443 379 434 236
178 394 104 7 315 280 37 319 624 323
56 219 380 516 407 537 482 100 607 279
101 38 141 655 29 593 484 509 23 64
391 310 557 423 4 381 30 565 113 641
291 113 643 165 361 152 236 453 518 253
73 36 433 78 99 148 659 159 274 199
94 529 462 0 232 562 325 464 560 517
35 539 600 266 563 531 196 271 98 621
162 367 157 80 95 355 31 387 302 309
168 583 120 166 257 84 252 2 206 108
248 403 62 648 626 296 463 119 9 659
497 368 656 323 246 239 556 433 49 76
562 647 245 292 340 432 473 69 255 515
523 536 491 125 456 624 484 451 389 174
240 395 87 170 529 46 59 651 195 103
353 156 46 522 373 300 458 637 548 372
218 92 61 275 129 648 67 140 472 14
71 54 217 191 578 433 128 251 571 607
433 548 589 473 385 57 250 410 67 330
559 241 98 63 233 322 37 339 98 126
558 429 274 427 473 293 613 33 614 482
