10
286
0.5
25
40
0.233951 0.635032
0.902023 0.624739
0.712142 0.898152
0.324832 0.444442
0.0101054 0.320337
0.837002 0.538955
0.0751031 0.25295
0.233678 0.46043
0.845412 0.140344
0.0374739 0.33575
0.0942282 0.703731
0.417885 0.168641
0.0135556 0.518666
0.748057 0.955686
0.982666 0.6779
0.260251 0.354365
0.418683 0.0343032
0.8216 0.669625
0.718901 0.126065
0.644163 0.397199
0.509868 0.631358
0.783291 0.938468
0.643481 0.141736
0.527588 0.250205
0.09698 0.351383
0 2 34
0 6 11
0 16 13
0 23 21
1 16 34
2 3 27
2 7 34
2 16 21
3 9 20
3 12 22
3 18 28
3 19 23
4 7 16
4 11 29
4 15 18
4 20 35
4 23 37
5 16 30
5 22 14
5 23 22
6 7 11
6 20 31
7 13 36
7 16 13
7 21 39
8 19 14
8 20 24
8 22 14
10 23 31
11 24 23
13 20 17
14 21 14
14 23 32
15 19 27
15 23 19
17 22 13
19 24 39
20 21 19
21 23 18
23 24 30
14 201 291 124 396 124 337 139 240 262
361 318 354 76 358 209 117 312 383 242
169 318 240 303 242 357 76 266 20 82
353 95 286 21 276 281 325 160 203 25
285 151 193 379 22 248 310 377 288 69
49 151 225 113 147 375 315 142 80 136
285 8 58 291 47 132 105 114 235 320
56 68 30 151 245 306 221 335 375 88
391 183 288 82 216 201 93 207 230 56
24 57 378 339 312 389 224 64 90 16
246 24 129 207 226 195 4 235 114 154
269 120 63 316 142 322 394 198 201 192
282 14 227 281 322 121 236 18 65 214
96 355 119 39 378 127 56 305 266 303
5 378 314 374 156 373 11 20 310 63
183 359 330 343 101 338 334 221 327 317
338 383 126 102 274 122 94 385 217 348
253 167 177 59 145 205 3 379 397 242
12 147 255 55 41 318 195 393 310 63
275 109 267 390 171 387 246 27 68 69
358 49 213 22 344 205 134 274 5 290
19 252 235 264 165 84 295 155 318 200
194 87 221 361 382 334 337 141 142 375
146 62 166 130 265 47 89 194 362 243
381 322 143 6 78 48 249 394 244 19
341 150 309 309 120 272 300 207 104 290
241 340 118 332 232 284 79 300 301 385
355 229 371 378 196 35 195 251 286 160
51 177 119 359 59 18 257 133 81 327
380 313 189 360 189 322 398 287 339 354
325 220 327 352 358 73 282 149 54 329
189 181 119 258 375 391 168 69 169 333
155 221 220 147 246 302 379 104 23 384
391 219 201 12 388 15 49 62 399 6
170 354 321 210 27 22 304 397 77 370
127 340 273 86 371 224 372 370 114 26
351 352 33 359 331 237 158 354 352 307
239 322 116 29 95 12 394 310 294 389
189 326 31 163 137 32 179 33 126 69
214 165 270 316 339 346 64 99 122 62
