5
1118
0.5
49
84
0.988768 0.849036
0.875091 0.493356
0.059103 0.297702
0.174644 0.547197
0.438187 0.0357687
0.944621 0.31206
0.406542 0.402728
0.412017 0.423798
0.646096 0.540315
0.245498 0.488908
0.686777 0.312666
0.3339 0.121188
0.594145 0.34495
0.245988 0.293117
0.1317 0.612052
0.607459 0.834809
0.262445 0.610544
0.456407 0.996683
0.417764 0.450582
0.705419 0.639612
0.71392 0.821932
0.802229 0.79858
0.038224 0.371701
0.321303 0.727253
0.0742238 0.579137
0.648217 0.0478462
0.279414 0.479632
0.621514 0.854013
0.748854 0.226407
0.287621 0.942664
0.710998 0.434879
0.225467 0.457386
0.186526 0.48413
0.899284 0.190154
0.77209 0.311395
0.751755 0.989539
0.132719 0.905185
0.230036 0.0855604
0.12983 0.163115
0.224147 0.860846
0.0597175 0.461459
0.692919 0.945231
0.863013 0.789506
0.00289583 0.488478
0.0492488 0.221019
0.27916 0.511939
0.0443812 0.277771
0.547603 0.0878024
0.0977263 0.118219
0 27 26
0 28 17
1 6 33
1 8 16
1 19 12
2 13 13
2 37 12
2 45 16
3 18 17
3 22 10
4 9 14
4 24 26
4 36 22
4 42 30
5 25 21
6 20 22
6 24 23
6 25 17
6 31 13
6 35 24
6 38 20
6 39 13
6 41 20
7 22 26
7 27 15
7 30 21
7 42 32
8 13 28
8 29 25
8 31 30
9 10 31
9 25 28
9 34 37
9 43 17
10 18 19
10 33 15
10 42 12
11 22 21
11 35 30
11 38 14
11 40 19
12 37 26
13 22 15
13 44 14
13 47 21
14 15 34
15 16 24
15 23 20
15 38 34
15 39 27
16 19 31
16 30 32
16 35 35
17 23 10
17 28 21
17 40 28
18 20 21
18 25 16
18 32 16
18 40 25
18 42 31
20 31 35
20 33 13
20 37 34
20 45 31
21 23 34
21 25 11
21 45 37
21 47 18
22 23 20
22 37 14
22 45 17
23 24 17
23 32 10
24 45 14
26 30 31
30 31 34
31 48 9
32 47 26
37 47 22
39 46 13
40 47 34
41 45 29
42 47 22
244 30 51 16 132
109 59 39 410 270
256 246 42 140 397
8 43 365 46 245
174 372 68 171 99
243 327 71 385 405
98 247 170 270 81
224 414 120 128 403
143 204 309 40 159
180 115 226 2 255
219 340 91 322 269
229 26 93 243 68
316 66 6 20 182
110 178 391 139 375
263 381 83 7 115
199 406 272 353 327
71 415 249 348 102
342 250 222 116 343
253 376 207 176 336
413 202 161 188 358
227 163 310 250 286
270 380 313 398 413
383 147 76 93 248
353 28 378 164 400
84 165 271 147 261
168 174 149 16 333
298 379 119 88 94
192 266 286 204 170
398 289 119 219 80
295 47 319 143 412
94 57 72 161 56
419 207 262 169 133
202 236 150 96 5
107 20 286 88 401
142 111 345 219 225
178 138 96 148 91
259 295 38 198 140
9 35 248 6 227
386 388 355 392 393
169 295 96 72 278
160 399 116 313 156
19 332 341 19 289
3 359 99 158 293
80 80 316 39 291
209 74 119 182 46
191 3 96 92 384
237 256 147 262 214
376 241 210 380 303
160 361 418 79 280
27 414 396 20 348
151 368 12 128 417
31 82 135 382 362
106 77 343 73 392
171 10 227 278 96
262 322 207 136 330
78 9 171 227 179
390 341 12 258 342
146 392 98 212 186
123 65 253 59 26
97 367 397 302 182
51 261 108 12 398
133 329 334 418 327
60 205 311 43 293
110 222 385 117 67
84 282 96 93 233
211 139 147 212 161
352 175 343 189 419
406 159 31 419 267
35 124 316 75 372
242 364 57 363 18
352 87 20 293 126
267 176 23 110 42
394 374 252 282 367
1 11 57 373 158
377 327 20 35 204
377 261 129 293 372
20 235 313 404 37
301 241 164 233 312
376 116 4 266 24
411 60 97 360 172
291 88 127 261 229
174 382 268 48 39
94 21 360 164 307
403 34 82 370 61
