5
453
0.5
25
40
0.0349113 0.839988
0.462937 0.588347
0.0594628 0.129746
0.349268 0.976636
0.96071 0.897787
0.994848 0.655509
0.716512 0.00599789
0.591039 0.647822
0.0210496 0.660021
0.727932 0.939795
0.367842 0.301027
0.440539 0.349814
0.52047 0.730978
0.457385 0.260912
0.0898229 0.191235
0.213638 0.309813
0.392471 0.0622222
0.334742 0.376117
0.63004 0.849446
0.758538 0.0276228
0.169198 0.349972
0.717695 0.584228
0.530637 0.410159
0.510093 0.71283
0.933399 0.694261
0 1 30
0 11 29
0 15 13
0 23 34
1 14 26
2 10 22
2 11 27
2 13 28
2 15 11
2 23 32
3 8 23
3 9 27
3 20 13
3 21 26
4 6 17
4 7 26
4 18 23
5 7 29
5 9 19
5 18 26
6 13 18
6 22 13
7 20 30
8 11 30
8 16 26
9 16 24
9 22 14
10 12 11
10 15 11
10 18 19
10 19 28
12 17 13
12 24 29
15 18 29
17 18 21
17 19 30
17 21 27
17 23 12
20 23 24
21 24 15
115 90 185 11 195
30 177 53 58 99
88 24 140 166 133
127 118 92 194 188
36 195 111 29 73
67 178 135 151 92
193 124 56 164 28
142 14 5 33 195
135 118 50 128 4
153 186 191 71 120
125 21 87 172 84
63 192 149 16 88
87 93 55 191 47
162 156 140 104 197
23 184 199 22 176
161 31 14 54 148
63 119 178 192 176
37 72 19 51 19
124 47 30 149 145
103 41 180 62 53
65 16 165 90 168
157 79 128 26 6
91 193 185 20 132
64 194 69 131 42
26 14 158 97 176
32 79 74 62 162
69 165 63 89 178
52 56 57 172 167
104 117 115 47 193
0 148 81 76 3
27 28 107 177 47
156 192 96 56 64
125 31 24 121 78
101 8 184 199 173
161 100 86 124 192
163 106 158 32 142
154 30 173 7 115
198 26 95 42 181
107 186 42 186 168
93 154 195 90 106
