10
546
0.5
100
99
0.972747 0.922863
0.663761 0.257594
0.10412 0.184692
0.374685 0.806218
0.520311 0.759823
0.156951 0.506167
0.535158 0.18829
0.445593 0.430216
0.302927 0.343359
0.134758 0.322219
0.835591 0.922201
0.695318 0.29907
0.451464 0.695614
0.567783 0.915954
0.133931 0.341139
0.905116 0.273183
0.161157 0.751337
0.735372 0.605633
0.164371 0.952583
0.281849 0.495285
0.188359 0.29853
0.832684 0.504567
0.63654 0.38062
0.211492 0.0195753
0.108251 0.484891
0.341369 0.734747
0.976308 0.619369
0.550918 0.486041
0.0494223 0.305485
0.656717 0.208112
0.899722 0.805884
0.398497 0.209339
0.864966 0.585572
0.508327 0.309674
0.417797 0.401401
0.965152 0.731695
0.450268 0.99034
0.81764 0.259477
0.879582 0.219349
0.00892951 0.915442
0.967312 0.510558
0.985426 0.821554
0.598362 0.342037
0.0212926 0.318709
0.877707 0.60418
0.127226 0.388918
0.520096 0.723592
0.700434 0.897819
0.253225 0.645268
0.600432 0.515288
0.698026 0.546507
0.396369 0.441417
0.115217 0.995869
0.910574 0.281415
0.757716 0.470815
0.532297 0.489535
0.812693 0.307535
0.836616 0.387823
0.101467 0.820586
0.375902 0.812747
0.905736 0.397437
0.0518412 0.217585
0.450933 0.841636
0.398911 0.0824961
0.748144 0.375421
0.732331 0.221086
0.364265 0.282532
0.14605 0.363056
0.663053 0.282861
0.478165 0.752026
0.231237 0.285144
0.473588 0.0247163
0.885354 0.137606
0.0242484 0.953534
0.853396 0.235683
0.429866 0.803004
0.757285 0.647194
0.925037 0.458118
0.163248 0.28143
0.32905 0.0620252
0.775814 0.294749
0.46559 0.435686
0.651415 0.324686
0.467229 0.490271
0.561222 0.165638
0.188629 0.216184
0.255795 0.0224481
0.284555 0.368284
0.714277 0.0849358
0.369312 0.567696
0.766769 0.749808
0.470379 0.8109
0.831535 0.0317806
0.108025 0.0694599
0.687582 0.661315
0.85977 0.667286
0.0526706 0.665009
0.630075 0.490426
0.431992 0.431941
0.0686335 0.673312
0 27 30
1 95 14
2 62 25
3 11 23
3 17 26
3 27 12
3 78 15
4 24 29
4 53 28
4 72 26
5 6 27
5 89 15
6 99 33
7 50 18
8 28 18
9 69 24
10 81 26
11 30 14
12 39 31
12 54 22
13 14 31
13 41 30
13 45 31
13 51 12
13 76 13
15 82 18
16 22 34
18 51 16
19 47 30
19 62 12
19 80 35
20 28 10
21 75 28
21 82 13
21 84 19
22 56 12
22 70 29
23 47 35
24 89 18
25 64 29
26 65 17
28 81 29
29 37 11
29 44 16
29 98 16
30 65 12
31 32 33
31 38 34
31 56 29
31 58 21
31 64 25
31 76 25
32 36 29
33 80 19
34 44 33
34 73 28
35 56 11
36 67 22
37 40 11
37 46 21
37 68 11
39 66 25
39 98 30
42 53 22
43 63 27
45 98 22
46 57 22
46 61 33
46 96 33
47 86 31
48 55 20
48 81 15
48 83 15
49 64 10
49 74 18
50 60 15
50 74 11
52 86 10
54 59 27
56 63 29
61 62 28
69 76 20
70 71 17
72 84 23
72 91 29
74 81 27
74 84 21
77 80 11
78 89 15
79 99 18
83 87 13
85 96 10
86 88 32
86 94 31
89 97 18
90 97 10
91 93 26
91 95 28
92 98 28
219 594 931 725 80 300 731 265 637 767
249 240 807 28 555 754 273 800 936 241
462 987 884 298 552 902 39 142 158 952
236 902 710 134 755 770 794 497 873 371
478 709 329 583 117 348 228 330 241 716
674 550 692 176 387 339 40 538 284 115
524 24 722 542 943 813 432 828 730 328
50 115 487 110 327 236 592 390 749 801
363 526 562 59 568 650 387 721 192 376
33 31 518 15 319 565 709 379 717 907
102 735 268 922 85 101 431 6 797 82
300 195 899 541 205 741 460 909 470 434
482 870 460 107 275 46 150 350 566 599
477 55 470 376 166 232 781 468 536 933
525 521 789 220 294 602 181 758 197 368
672 182 640 655 709 687 97 403 808 811
947 370 235 577 39 108 831 168 379 499
777 787 381 634 984 560 83 330 560 62
989 908 149 483 432 910 640 405 315 164
567 649 195 706 564 544 561 323 924 725
754 15 815 338 536 194 26 783 25 371
33 66 980 16 404 130 155 28 541 535
953 394 71 238 723 962 941 590 148 385
264 973 218 362 582 749 499 983 383 418
68 131 38 755 177 930 514 664 347 77
428 205 813 214 371 939 629 490 195 615
115 602 430 41 250 25 331 734 116 741
273 870 777 482 958 791 848 151 703 874
776 731 17 510 398 800 709 266 479 337
702 41 480 245 949 597 811 644 316 860
353 79 797 522 203 397 488 281 119 920
78 148 269 243 68 478 963 66 679 935
553 943 962 415 70 389 636 475 439 941
348 235 216 369 628 138 374 6 97 551
245 646 226 298 747 633 168 9 505 787
131 306 233 912 715 86 768 397 354 626
923 185 320 852 890 478 52 796 694 490
934 415 647 635 626 244 503 784 795 869
822 113 99 389 359 783 238 228 450 0
301 662 379 432 791 796 578 303 354 649
164 604 563 390 478 449 797 303 456 223
421 232 848 317 451 783 93 138 21 596
211 704 728 122 662 160 170 710 47 532
300 643 543 517 160 729 18 305 90 607
838 362 79 124 923 622 507 255 525 921
348 597 393 954 355 343 679 853 262 848
768 321 899 355 531 66 652 556 174 166
272 310 718 572 114 4 9 181 764 425
847 593 394 805 294 799 129 844 206 345
586 608 142 988 497 196 833 310 156 793
679 133 721 919 210 128 361 36 584 321
25 961 775 731 593 559 742 908 40 354
291 255 862 342 21 332 710 689 517 118
943 681 422 29 550 660 557 473 508 637
404 257 377 170 922 984 340 154 588 852
204 16 194 623 25 789 181 113 841 437
83 31 575 846 342 908 320 358 544 440
232 681 23 816 423 383 389 827 508 678
839 93 181 143 139 809 504 415 776 823
285 699 483 65 847 449 785 670 529 780
146 703 376 635 797 887 511 880 738 354
150 852 386 195 305 424 552 175 352 802
255 228 679 493 696 869 301 625 866 194
686 161 474 218 888 206 701 942 552 263
377 672 841 604 439 678 467 221 17 203
676 314 796 241 857 157 906 880 98 281
106 684 548 412 46 764 238 65 16 854
863 294 324 24 391 936 103 918 192 273
506 658 322 681 853 268 825 988 767 604
657 723 592 829 433 126 847 323 623 684
151 98 156 800 777 269 882 807 493 810
36 185 388 584 810 180 373 958 429 233
25 618 787 592 722 676 193 657 774 60
334 33 943 740 386 923 657 932 438 423
856 807 434 509 398 290 633 151 858 57
480 579 442 953 610 753 128 888 882 99
987 883 884 326 679 670 539 517 982 273
953 576 243 386 648 699 430 325 250 874
541 94 748 961 564 377 212 629 909 161
976 165 57 297 787 878 323 830 173 638
361 80 573 558 167 605 467 680 255 943
835 345 312 656 245 899 595 266 277 196
493 473 226 936 550 626 442 187 30 240
265 195 333 43 7 264 492 605 423 545
685 404 871 61 28 661 942 920 135 635
39 952 848 426 600 329 269 84 913 65
721 42 624 821 576 484 130 201 863 848
777 477 88 162 645 148 771 4 764 82
102 655 936 423 371 547 672 315 586 879
208 780 573 796 359 559 919 931 835 785
172 223 871 270 572 370 888 608 759 449
658 350 8 504 98 618 849 228 354 941
294 298 174 488 743 471 504 93 758 278
77 367 248 852 42 16 117 975 324 76
26 638 738 862 92 704 679 205 116 926
667 36 710 210 498 629 124 267 535 546
895 966 553 29 440 21 925 0 906 949
780 706 94 935 67 770 759 564 506 188
45 630 719 540 521 665 266 505 836 420
