10
1161
1
100
180
0.514095 0.703402
0.106791 0.0229727
0.606027 0.884486
0.596778 0.594769
0.87993 0.635187
0.621798 0.760386
0.892084 0.511454
0.0972831 0.0299179
0.329389 0.0826484
0.601738 0.82597
0.0271582 0.57722
0.977898 0.911842
0.853673 0.583492
0.555006 0.77454
0.349833 0.198976
0.988095 0.483657
0.0884567 0.710744
0.38864 0.675352
0.740351 0.464601
0.47081 0.848766
0.237717 0.27179
0.4542 0.241964
0.354736 0.967202
0.990829 0.419427
0.659371 0.0802887
0.694032 0.847075
0.0181146 0.112892
0.405069 0.407328
0.736286 0.912605
0.566811 0.371731
0.731579 0.0709878
0.901148 0.541676
0.79399 0.633038
0.648187 0.69422
0.910532 0.279787
0.335679 0.839576
0.353795 0.377989
0.68399 0.980083
0.0224941 0.696565
0.880602 0.0447027
0.812926 0.73367
0.614125 0.411781
0.624287 0.142791
0.936582 0.936336
0.365953 0.493655
0.100497 0.577823
0.888268 0.752911
0.477189 0.152245
0.0157135 0.657419
0.150934 0.220293
0.100804 0.018966
0.199347 0.682228
0.0404878 0.0212018
0.207622 0.0197496
0.122336 0.154174
0.457751 0.448753
0.829274 0.67226
0.790763 0.040611
0.680674 0.0928868
0.539044 0.779437
0.0413205 0.675366
0.268953 0.752742
0.0665242 0.190503
0.619892 0.0729322
0.536234 0.077687
0.180973 0.612306
0.586099 0.411007
0.595543 0.23378
0.966702 0.0218226
0.0460275 0.240176
0.283895 0.192167
0.181754 0.215254
0.22615 0.489908
0.75858 0.905877
0.397294 0.323254
0.596672 0.960649
0.202544 0.949339
0.392299 0.791289
0.564849 0.650138
0.237313 0.21139
0.956747 0.426169
0.46541 0.836262
0.313666 0.315863
0.334119 0.596643
0.240719 0.210893
0.461216 0.341444
0.117249 0.827219
0.439429 0.0623667
0.540464 0.774891
0.740272 0.794401
0.907095 0.660986
0.749032 0.117247
0.764341 0.647887
0.606966 0.184752
0.559259 0.260205
0.566511 0.385954
0.201611 0.494705
0.281228 0.260358
0.612455 0.637295
0.191319 0.703598
0 7 29
0 10 34
0 16 30
0 39 26
0 65 24
0 82 14
0 90 28
1 35 16
2 19 10
2 20 26
2 74 15
2 76 29
2 84 26
3 83 19
4 78 22
4 93 19
5 20 27
5 21 12
5 44 18
5 90 20
6 13 24
6 64 25
7 21 25
8 19 10
8 91 30
9 22 17
9 53 28
9 87 11
10 14 23
10 44 24
11 64 31
11 67 27
12 55 28
12 66 19
12 78 20
13 17 12
13 18 13
13 25 10
13 30 12
13 31 24
13 50 32
13 71 26
13 80 28
14 25 24
14 54 16
14 63 19
14 67 17
15 33 24
16 95 34
17 42 17
17 53 13
17 89 25
18 66 11
18 95 12
18 97 32
19 50 26
19 73 20
19 83 10
20 33 29
20 47 17
21 48 31
21 71 19
21 73 22
21 99 19
22 69 22
22 86 17
22 88 13
22 94 14
23 28 18
24 27 18
24 53 32
24 55 14
24 74 19
25 84 32
25 87 18
26 47 32
26 51 13
26 55 31
26 61 18
26 76 13
26 84 16
27 37 20
27 38 27
27 75 14
27 95 11
28 34 12
29 36 15
29 50 33
29 77 12
30 75 10
31 37 15
31 85 31
32 35 32
32 80 12
33 53 31
33 79 29
33 84 29
33 85 13
34 42 20
34 78 24
34 93 21
35 48 23
35 52 21
35 59 14
36 45 18
36 88 13
36 89 27
36 91 28
37 44 22
37 97 28
38 87 29
38 96 13
40 55 25
40 67 15
41 57 12
42 55 12
42 84 27
42 87 13
43 47 32
43 55 34
43 73 13
44 57 30
44 62 21
45 59 31
45 66 34
46 63 19
46 78 23
47 71 21
48 71 12
49 63 33
49 78 29
49 81 22
50 81 26
50 82 15
53 94 25
54 74 19
54 94 31
54 95 31
56 98 15
58 76 34
60 71 10
60 83 21
63 82 22
63 83 20
63 87 13
63 96 30
64 82 16
66 68 27
66 77 14
66 86 33
66 89 11
66 91 12
67 70 22
67 74 14
67 96 28
68 88 30
68 92 14
68 98 25
70 85 13
70 89 32
70 91 33
71 74 15
71 94 27
72 75 26
74 89 24
75 76 28
75 82 20
75 96 28
77 93 15
80 88 29
80 94 28
81 82 11
81 89 19
83 88 15
83 91 29
87 90 33
87 97 11
88 89 14
88 96 24
89 95 12
615 1748 216 1000 429 289 566 968 862 1756
1542 1269 70 1578 1574 1111 1125 1463 640 1673
1032 1279 349 458 1647 634 408 1395 1265 533
1796 168 619 79 1748 1613 117 1492 1231 1148
397 1250 1650 162 1379 586 637 1760 1438 140
494 1112 603 285 644 1524 1503 902 1229 245
32 235 1460 633 648 1415 1164 1063 1285 933
281 582 1301 1302 116 301 960 540 953 1210
373 138 1451 1664 1560 236 1163 851 894 1124
1605 479 1593 1015 1190 985 1199 536 821 742
570 906 906 356 985 1618 1524 254 1329 1385
483 218 710 1593 1533 1736 395 173 1022 648
1242 1386 1468 569 1644 623 131 1660 291 602
1412 138 1191 1760 121 1477 359 1197 1313 631
1573 1280 609 818 1390 1409 148 1398 652 904
1039 66 1470 195 802 30 352 419 906 1783
1287 648 463 1411 311 368 1624 602 169 607
1244 1397 1106 1383 628 185 63 916 907 1304
614 1745 675 1039 469 726 645 1464 1196 793
212 1128 946 1114 527 1615 63 1471 547 73
728 1443 96 1535 823 1090 1170 890 996 880
93 1250 963 1580 999 312 392 467 50 336
36 1261 1594 1292 1694 872 635 1212 1049 1012
1564 1627 1790 75 1062 180 665 197 1105 1207
1295 1121 492 604 168 1117 618 1743 626 807
988 1419 682 1633 1551 799 433 24 1420 857
1266 724 1784 1498 765 1522 1106 1483 439 1456
851 1183 1364 1569 1566 966 1221 87 778 1023
1281 234 404 1190 550 881 51 545 875 1266
679 1775 640 687 612 38 1321 1082 1025 22
1355 1394 1789 1138 765 1091 277 1412 1308 1763
161 538 1195 474 852 550 1414 134 1251 321
759 971 1128 285 848 1476 552 1610 1668 502
76 150 1288 111 699 1684 708 1463 126 1799
1268 1549 1048 11 162 157 1528 1644 555 246
499 1089 261 1369 1581 1056 1171 524 1124 1156
987 1210 194 802 1560 687 1297 1718 973 404
1669 149 559 1264 678 220 46 801 967 369
1673 1110 1085 553 1683 1493 779 1552 299 244
1700 1410 1781 1569 873 182 278 287 479 1467
270 962 1665 1182 1034 910 1208 68 1073 33
1124 1006 6 806 1338 463 505 844 1116 1711
716 168 634 371 391 1377 984 1115 1785 572
130 982 1710 207 703 396 1396 796 304 1616
1016 234 1674 733 562 396 95 109 1115 1345
1272 410 1364 527 809 551 1260 1190 522 996
964 606 509 1620 1395 952 640 790 377 1151
274 958 61 261 63 1239 1709 1468 146 471
228 1098 1030 731 445 1298 685 1160 1569 774
98 1690 1687 1094 169 360 200 1089 749 644
836 60 1294 267 330 1799 1245 640 1749 384
521 1470 903 1319 1115 180 1516 710 728 702
464 559 628 711 986 691 917 373 1198 1348
228 491 1305 366 1297 1290 1542 1187 148 719
100 429 1695 191 601 1660 1536 1133 188 998
1255 1006 615 107 125 1525 619 1240 80 1112
1018 1338 1143 128 1671 1310 754 1796 1769 799
1192 183 1671 304 8 1340 380 254 1133 1266
423 299 385 586 313 257 118 333 1190 1795
876 375 1561 1167 423 1483 821 256 371 810
325 340 1648 283 332 775 1549 759 1172 1257
930 1582 936 430 118 1390 621 1046 1493 1595
1093 359 519 1029 465 667 1383 386 1723 1582
1413 1647 1462 163 892 1787 1232 609 665 897
541 254 585 1698 351 398 1132 829 1719 594
1410 1111 1778 1417 181 1208 1749 993 1445 1311
104 567 994 1799 69 757 228 1080 867 1478
204 1400 1049 90 193 1144 888 221 1446 326
877 1058 1383 353 1179 1406 1090 1512 899 1415
1179 1768 448 358 845 1405 1586 1573 585 1798
954 588 572 788 270 821 321 1656 1073 1065
229 149 280 605 1585 238 212 987 1259 1741
315 1097 639 1154 1775 752 1282 244 1645 1143
1205 779 1710 219 1402 1233 781 192 632 25
561 631 283 169 889 765 83 127 872 493
1039 972 1571 664 1622 1704 623 333 37 1709
670 909 852 1470 773 1681 700 667 1538 20
806 1208 1381 1675 39 1649 973 1230 1390 1670
263 1192 1460 1358 1637 762 367 1531 1694 892
1663 1215 1253 775 1361 409 402 1504 880 1121
1629 914 436 1226 1617 1755 1765 859 498 1774
768 564 98 1118 180 1444 1164 816 1468 23
1580 1750 1117 376 1663 1699 739 1731 488 1381
180 1772 887 761 1720 319 609 1534 353 627
1308 483 1359 764 116 187 1080 1047 1162 1560
730 162 939 1759 1044 480 209 1674 762 1109
1571 781 1373 800 604 977 1348 151 1044 182
1640 379 265 383 639 1045 415 1582 1243 234
1553 1081 470 1498 448 641 893 592 966 356
468 1197 350 384 170 1508 266 502 938 176
1418 461 637 1567 1547 1264 1034 1292 1269 1045
710 1443 835 1575 1553 1250 427 1038 1588 125
190 699 1448 742 1456 483 79 1690 1684 272
1441 609 1026 817 572 1594 388 307 547 1315
1017 533 91 1270 979 1424 1454 1161 352 737
46 810 1142 215 1440 934 672 549 1020 757
1208 897 534 454 488 69 1264 352 294 1382
1081 112 170 982 674 1207 164 292 96 643
504 1595 1765 1644 1058 241 1443 807 749 1602
1613 950 1213 1361 1299 806 381 171 319 154
404 1324 1478 1711 710 698 178 771 935 1278
908 66 1352 832 1502 268 1467 557 1552 861
1615 571 174 1182 439 1636 479 1648 1244 1782
306 426 1400 1377 829 118 466 212 322 1295
141 777 1135 712 167 976 743 1569 148 1495
1717 488 1203 1471 264 561 1367 1025 1105 1288
556 899 1506 224 1503 865 262 1346 438 1127
520 956 1755 1329 381 142 1324 1010 432 659
1153 408 1167 1358 667 1706 1079 442 764 215
1238 1042 13 1523 697 1725 1544 976 1656 1077
1316 1039 1416 1105 1113 533 1102 696 1049 1534
1671 108 505 886 220 370 99 1674 322 1637
339 1358 243 1531 271 1725 1559 1739 1342 1120
594 968 1018 1764 431 1084 567 395 679 1733
397 1677 519 1579 931 529 805 1703 865 667
134 150 430 730 351 1024 879 1335 318 199
553 138 1662 113 1251 1434 1128 778 714 449
1204 1095 435 436 1451 1522 1587 161 161 952
836 1562 1187 841 1326 297 168 1130 1030 666
84 19 1270 1372 1614 1537 1126 1336 722 895
1342 961 1609 66 8 564 203 960 868 545
724 922 1641 624 1461 1721 102 948 1118 461
1555 533 154 1660 110 1619 844 452 672 1271
831 1593 391 881 667 323 1139 1225 764 1327
148 331 1259 1375 41 1275 907 1333 340 903
188 1721 38 1229 1386 842 288 610 1695 151
196 405 1788 1632 298 1282 588 1729 253 1793
593 1351 1775 1063 86 356 1196 1667 844 582
108 161 589 1176 1566 1447 473 1050 74 551
992 118 314 1779 1445 1524 444 1197 1486 899
1473 313 1383 1107 1565 1794 891 627 498 1748
159 640 623 60 887 555 628 885 1098 754
1470 1044 382 764 517 931 687 882 1267 1308
327 854 962 809 866 1436 213 1244 102 776
1069 408 204 92 1631 576 1778 823 1483 1172
18 638 757 1117 993 232 365 1681 949 565
1746 183 516 229 1074 875 1342 194 1462 1415
375 1584 1483 1540 360 341 1404 1737 876 238
1503 1596 832 246 81 906 1021 232 329 1011
0 1678 114 863 1304 752 1361 76 190 607
930 982 206 607 1005 556 933 1229 765 57
277 401 1029 1095 97 906 1284 1400 1035 591
1262 1544 1676 347 603 371 139 869 1467 189
380 1616 1193 671 558 34 1420 969 10 441
345 1746 178 365 958 351 1416 1486 1447 684
602 1016 849 1317 475 672 307 821 1608 1698
1289 1793 1324 375 684 536 19 486 1731 1098
129 66 385 234 32 1620 502 582 279 104
1513 1405 1642 1231 1460 836 32 1688 1699 890
1653 690 956 801 64 1330 377 726 1089 1575
1603 531 512 1757 306 16 1654 1684 323 1328
460 73 1719 1395 117 1668 1272 968 1129 1443
404 1770 787 1590 261 1037 1595 1252 1534 1308
602 1204 1315 419 1324 1493 1407 133 1597 668
1313 369 189 1130 271 995 686 199 483 1357
379 894 1249 473 68 225 1720 230 1142 1105
1708 571 885 14 1295 54 868 109 745 835
1366 700 518 53 754 1174 1568 1231 757 1266
248 176 1274 115 1549 88 1282 473 694 1450
110 802 1614 1718 559 974 367 1233 1534 1092
638 373 1090 1340 1287 925 893 1487 466 1683
969 1122 185 1222 1171 1202 1129 163 1738 1236
585 1036 539 1726 770 118 896 1523 637 680
450 74 736 443 1098 546 1564 721 340 902
1084 103 548 1683 1499 1638 787 671 1221 1515
28 459 313 812 419 977 1477 919 47 345
222 1412 1427 277 1393 148 1697 884 367 946
895 697 1789 821 538 836 1245 703 484 518
1652 743 603 1679 949 471 1395 1753 579 1139
327 276 737 97 609 881 1375 1359 1658 1262
450 781 221 363 1591 1248 453 47 877 182
797 999 1 1158 1401 608 592 251 1054 1492
1491 972 257 1011 5 1279 265 706 984 99
1244 1536 303 238 150 1345 366 1008 160 1635
133 1073 1191 1421 1155 1212 861 18 1167 706
1511 900 1655 192 1283 1337 783 1492 1658 250
491 1769 1008 97 34 1537 798 1331 535 629
1430 1473 1593 303 1011 141 1052 1302 137 1224
1409 539 372 17 298 1624 224 1549 649 976
1147 468 390 1007 1594 472 524 1432 381 1579
