5
1358
1
49
84
0.980362 0.95273
0.754435 0.301925
0.532222 0.601214
0.554017 0.445801
0.250538 0.856337
0.706646 0.168889
0.447522 0.280067
0.857038 0.441478
0.975717 0.252051
0.0163694 0.627326
0.147863 0.195583
0.44509 0.517889
0.372871 0.441126
0.148622 0.794073
0.119182 0.677199
0.99492 0.407285
0.86291 0.336756
0.658748 0.850772
0.116969 0.440869
0.847 0.181752
0.115184 0.131761
0.888532 0.891126
0.921384 0.376689
0.44013 0.40293
0.379576 0.0857892
0.803616 0.551828
0.806961 0.592137
0.593793 0.453227
0.486811 0.234414
0.874124 0.445007
0.821661 0.912226
0.780674 0.452331
0.401542 0.738064
0.695463 0.157789
0.429604 0.861988
0.297639 0.292965
0.577842 0.0350545
0.706714 0.235914
0.179041 0.553618
0.231908 0.359323
0.528104 0.0273756
0.675109 0.0628952
0.459286 0.651814
0.651693 0.369787
0.0460989 0.845304
0.605289 0.698268
0.651422 0.774829
0.18786 0.61484
0.782947 0.200249
0 7 9
0 27 27
0 37 19
1 15 17
1 32 25
2 5 12
2 12 11
2 22 28
2 24 11
2 25 19
3 26 18
3 37 11
3 48 16
4 9 17
4 17 29
4 23 13
4 27 24
4 34 13
4 46 28
5 6 18
5 12 24
5 22 15
5 42 17
6 7 29
6 20 23
6 29 30
6 30 26
6 33 18
6 43 14
7 36 20
7 46 15
8 37 19
10 24 16
10 27 32
10 32 18
11 20 23
11 26 26
11 33 18
12 43 20
13 34 20
13 45 32
14 36 32
15 40 33
15 43 24
15 45 28
16 23 30
17 19 13
17 26 10
17 28 12
17 29 15
17 34 16
18 42 24
19 32 31
19 33 11
21 42 30
22 36 24
22 37 15
22 40 28
23 25 26
23 30 27
23 31 24
23 48 24
24 38 14
25 28 22
25 43 11
27 31 13
27 35 21
28 43 12
28 47 21
30 34 28
32 33 21
32 36 12
32 39 12
32 45 14
33 34 19
35 36 20
35 43 25
35 44 18
38 43 33
39 41 31
40 41 10
41 42 15
42 47 19
43 48 9
178 233 178 97 88
195 413 200 74 366
130 100 106 72 181
195 365 80 191 170
158 181 46 19 329
404 59 371 328 338
72 145 202 73 160
44 243 106 409 74
144 130 250 138 35
354 214 18 189 293
138 131 290 117 103
305 216 8 51 63
164 66 312 330 79
365 229 39 319 51
279 14 180 39 195
221 124 331 328 297
78 138 211 312 329
167 394 122 291 354
150 212 7 94 58
41 410 19 307 23
293 14 212 81 195
147 300 242 314 318
39 96 377 70 65
118 100 304 104 33
192 368 400 167 24
10 53 343 268 373
5 30 412 61 288
205 121 339 418 40
270 292 234 59 338
71 180 35 3 71
292 15 401 200 65
388 35 419 298 228
392 402 163 302 399
228 149 34 358 285
8 216 262 110 151
205 274 16 143 403
32 213 303 156 239
11 268 204 46 341
341 123 99 23 91
357 54 412 90 22
195 40 295 247 28
61 174 374 310 130
187 133 191 275 144
126 316 159 162 211
122 401 47 417 323
409 54 163 198 83
96 388 35 24 16
256 112 152 331 111
175 358 64 171 344
226 342 80 375 70
415 40 171 42 115
85 364 330 49 269
260 223 351 269 324
319 107 222 109 236
68 336 17 164 42
342 223 69 391 81
111 277 295 202 174
342 189 271 345 234
38 325 172 393 137
60 139 85 129 210
294 321 379 78 202
52 131 368 132 129
129 46 101 67 117
101 227 193 131 339
5 113 419 247 28
7 310 354 94 254
189 200 273 138 231
200 209 167 200 358
413 132 398 411 413
140 183 14 144 57
211 31 2 172 138
165 199 80 75 148
6 95 404 168 334
161 68 42 272 379
73 151 5 82 4
291 225 289 327 407
261 276 228 130 227
165 315 245 100 85
318 356 81 72 75
25 54 400 112 350
275 269 313 103 349
300 116 234 234 43
272 210 359 112 293
268 230 7 361 259
