5
558
1
25
32
0.575496 0.211129
0.888699 0.283395
0.90431 0.671029
0.0841185 0.871191
0.886557 0.623008
0.569774 0.229942
0.0586176 0.18206
0.103657 0.990613
0.991022 0.153027
0.847673 0.0545129
0.880879 0.635599
0.836765 0.472208
0.287208 0.362457
0.0695963 0.131098
0.833909 0.0415063
0.756745 0.0998283
0.666964 0.596407
0.860158 0.407791
0.0606821 0.591856
0.922658 0.88373
0.68113 0.356029
0.93503 0.139199
0.667857 0.575723
0.853663 0.320002
0.165074 0.706341
0 3 35
0 7 33
0 9 19
0 13 36
0 17 20
0 18 36
0 23 20
1 8 7
2 15 10
3 12 14
3 16 41
4 16 16
5 15 13
5 23 20
5 24 29
6 22 43
7 12 13
8 16 23
8 20 22
10 16 15
11 15 6
11 19 6
11 20 11
11 22 12
12 14 39
12 17 41
12 21 46
12 22 27
14 16 12
14 22 12
15 21 13
15 23 7
121 68 34 76 90
53 50 157 136 142
19 14 50 6 65
155 89 89 137 33
99 65 54 53 44
122 14 125 78 140
82 52 152 106 30
40 108 1 94 17
51 111 37 143 153
84 159 29 117 66
98 98 75 146 136
102 58 10 15 16
39 113 77 115 34
79 118 132 86 151
19 52 3 86 115
15 122 76 10 76
104 147 85 89 83
5 39 108 80 84
134 23 147 147 58
138 23 2 4 139
122 4 55 119 88
44 142 39 126 131
128 132 18 70 105
91 25 133 79 56
90 86 158 109 100
77 17 153 9 151
84 91 138 104 98
57 60 142 11 141
146 129 15 40 117
125 3 94 62 142
22 77 145 80 104
86 159 16 79 148
