10
493
0.5
49
84
0.819657 0.858145
0.03479 0.113075
0.0736262 0.821799
0.918713 0.21399
0.60275 0.221012
0.659254 0.805112
0.0651373 0.774529
0.435786 0.555801
0.896362 0.442021
0.633039 0.910387
0.856691 0.995392
0.161649 0.305829
0.119692 0.366683
0.0476404 0.707028
0.00867649 0.200566
0.124881 0.941871
0.447192 0.76308
0.115517 0.412922
0.772743 0.47074
0.81374 0.217055
0.805633 0.00297295
0.382336 0.308148
0.584581 0.816974
0.545286 0.225674
0.00699977 0.904522
0.0383081 0.308577
0.354522 0.122099
0.172043 0.989656
0.390692 0.249835
0.827522 0.433341
0.388552 0.787866
0.640596 0.378773
0.279777 0.111634
0.140251 0.437616
0.8844 0.909088
0.275557 0.833608
0.815426 0.0624355
0.952397 0.00915413
0.0883175 0.0689965
0.0067977 0.13366
0.482761 0.721344
0.441555 0.617449
0.592715 0.69887
0.229396 0.683514
0.173288 0.908994
0.915157 0.260263
0.738258 0.329838
0.53804 0.265627
0.523696 0.158521
0 23 19
0 28 30
1 7 28
2 22 36
2 28 22
2 47 33
3 28 37
3 30 37
3 47 27
4 7 12
4 12 34
4 30 15
4 33 33
4 36 15
5 15 38
5 26 22
5 36 11
6 32 15
6 42 37
7 14 30
7 27 19
7 32 11
7 34 32
8 23 25
8 42 21
9 11 33
9 19 13
9 28 17
10 21 34
10 22 19
10 31 15
10 41 29
11 21 16
11 39 11
12 23 30
12 26 17
12 48 29
13 21 24
13 26 22
13 28 24
14 26 24
14 44 12
16 24 31
16 27 19
16 39 31
16 44 19
17 31 37
17 40 26
18 21 28
18 28 27
18 37 13
20 22 16
21 22 14
21 43 11
22 44 29
23 26 13
24 32 19
24 40 34
25 35 17
26 27 13
26 36 33
27 39 12
28 39 27
28 43 11
29 42 17
30 36 30
32 38 14
32 46 32
32 48 17
34 40 28
34 47 24
35 38 13
35 41 12
36 47 20
36 48 21
37 42 25
37 47 29
38 41 25
39 47 38
39 48 37
40 45 31
41 44 19
44 47 26
44 48 25
660 5 171 600 639 796 583 223 355 635
69 109 666 838 424 427 54 173 206 378
754 749 791 781 102 132 677 784 598 548
567 580 486 443 756 609 21 707 59 479
140 163 667 487 833 355 33 291 271 633
770 778 151 424 757 708 196 108 225 534
437 422 113 743 351 223 178 16 4 609
366 449 382 86 674 52 651 365 835 225
795 567 104 742 225 504 579 2 802 225
750 484 130 437 323 315 361 434 143 588
119 681 396 285 208 648 66 617 700 370
479 294 134 214 629 449 209 24 468 807
81 91 833 632 43 34 652 89 574 293
460 139 672 302 691 629 50 475 116 781
137 611 134 591 193 697 198 272 430 590
363 115 627 817 678 633 595 164 727 489
438 147 781 715 6 148 607 586 666 38
227 260 49 777 538 681 801 122 336 570
123 276 85 330 834 714 439 408 763 361
129 387 136 494 369 72 116 498 476 377
379 579 387 145 681 158 318 689 796 259
126 266 141 427 508 284 672 469 249 377
170 393 495 376 99 327 590 751 229 664
626 4 635 609 696 554 704 835 315 121
615 141 394 739 333 825 135 176 235 222
63 131 649 532 72 532 72 707 592 302
709 240 177 714 550 169 565 758 166 159
772 519 330 38 601 510 120 786 240 325
777 574 636 633 736 115 506 806 742 632
56 507 163 44 608 139 13 761 776 470
839 273 8 837 29 624 570 726 400 769
125 41 46 388 43 205 197 237 449 117
316 117 687 771 516 606 554 197 283 376
461 50 418 748 772 307 156 365 389 660
529 287 201 91 113 579 62 743 542 706
354 208 407 529 62 550 310 148 712 475
334 55 686 363 812 316 112 629 505 525
652 733 129 164 215 591 645 678 674 778
458 151 628 100 25 621 180 601 314 611
743 242 13 606 189 154 747 300 824 441
493 702 142 247 818 716 37 801 776 777
778 664 316 624 349 277 492 161 26 637
88 11 279 486 260 652 763 472 29 443
729 269 829 808 574 386 804 541 632 724
675 741 442 741 789 461 497 731 685 302
312 419 266 53 223 762 411 412 68 563
494 333 815 789 356 746 349 479 670 273
563 403 488 154 396 130 767 752 53 691
747 12 301 266 345 318 378 152 658 392
480 70 781 373 769 776 411 296 752 498
466 307 551 186 82 154 728 815 98 617
500 434 648 819 109 622 395 312 121 758
738 33 607 22 523 488 820 360 794 609
530 120 831 812 510 147 123 401 35 57
771 370 22 336 793 290 439 94 138 774
393 239 496 825 102 232 4 421 245 690
377 281 366 276 688 772 252 579 237 250
124 626 506 529 728 418 562 625 675 692
102 490 453 611 284 670 641 199 592 14
512 733 384 43 38 463 636 440 835 277
592 563 98 192 494 22 515 466 661 481
295 94 729 496 70 787 827 449 468 720
495 190 592 782 389 637 203 708 260 232
749 214 23 776 589 501 760 537 119 748
579 6 225 58 744 382 614 10 598 625
54 324 749 140 117 537 119 108 690 316
67 396 754 167 391 322 553 703 515 554
646 36 38 402 75 609 46 801 597 783
107 112 449 547 775 94 417 549 217 39
493 492 676 706 204 236 439 251 800 263
716 105 553 448 647 411 136 12 499 682
218 289 22 362 361 22 802 603 8 357
789 134 152 490 217 391 66 626 370 129
757 569 562 819 808 457 526 666 509 590
796 305 670 194 76 72 457 606 445 755
215 176 259 733 815 58 271 736 770 519
478 190 201 328 269 212 393 155 512 423
157 159 517 505 263 115 5 716 425 442
567 407 525 180 562 434 826 681 25 740
431 386 688 32 567 80 96 389 837 314
819 530 580 549 578 463 240 586 728 222
96 692 11 352 50 503 665 310 672 304
79 603 615 478 326 68 94 559 150 351
438 627 626 639 290 678 386 726 90 128
