5
3095
1
100
180
0.336013 0.687365
0.987915 0.475199
0.824869 0.765839
0.0270324 0.851399
0.750268 0.414799
0.0709412 0.726156
0.581238 0.538929
0.921617 0.0728442
0.236586 0.909503
0.799961 0.786494
0.955302 0.119604
0.293793 0.248738
0.971017 0.50472
0.569528 0.0904895
0.110288 0.238698
0.653451 0.974763
0.195736 0.579998
0.394683 0.0704164
0.480448 0.303662
0.601365 0.889812
0.264819 0.257095
0.624948 0.0978746
0.0384086 0.68941
0.887592 0.390346
0.893402 0.455372
0.52145 0.0495748
0.248044 0.732718
0.210777 0.0862841
0.557904 0.716691
0.607517 0.846678
0.526007 0.469532
0.143336 0.317598
0.822055 0.115574
0.0180385 0.966719
0.289572 0.336139
0.514133 0.0647614
0.926676 0.950923
0.506903 0.780121
0.0263894 0.761975
0.114361 0.0442967
0.641507 0.142763
0.440096 0.233015
0.137164 0.609778
0.146076 0.317593
0.348953 0.703622
0.000133766 0.67656
0.295546 0.434824
0.357432 0.815981
0.0664566 0.219042
0.207238 0.388669
0.167992 0.0161254
0.117912 0.0875782
0.415029 0.711351
0.771078 0.703672
0.892032 0.232605
0.551891 0.377768
0.750513 0.819422
0.854462 0.976799
0.704547 0.0138524
0.0248986 0.642532
0.769296 0.751267
0.721711 0.236505
0.0221162 0.233095
0.0575829 0.112201
0.172121 0.175245
0.728305 0.58316
0.358276 0.271767
0.576086 0.142666
0.315523 0.51698
0.508939 0.1878
0.672665 0.411193
0.594559 0.132616
0.0545366 0.897476
0.295193 0.139634
0.14113 0.212905
0.665674 0.465917
0.297109 0.486066
0.0176914 0.724807
0.0301898 0.194712
0.368067 0.478064
0.909513 0.694895
0.165895 0.729178
0.359915 0.177954
0.151231 0.452846
0.487146 0.801048
0.55187 0.276181
0.894394 0.630991
0.103707 0.932906
0.23674 0.318248
0.654758 0.65225
0.0257426 0.198919
0.719908 0.466079
0.809682 0.457327
0.390653 0.529147
0.955005 0.151691
0.396046 0.584126
0.179364 0.261823
0.016632 0.236104
0.144996 0.0484067
0.132726 0.0868716
0 16 10
0 70 24
0 72 20
0 84 11
1 71 28
2 18 24
2 55 19
2 66 33
2 71 16
3 20 17
3 27 13
3 34 19
4 26 36
4 29 10
5 85 34
6 43 31
6 53 13
6 93 13
7 95 37
8 19 26
8 48 12
8 63 13
9 12 12
9 25 20
9 52 27
9 67 16
9 76 36
9 79 31
10 41 36
10 55 29
10 69 32
10 71 26
11 42 11
11 55 18
11 71 21
11 78 19
11 87 13
12 25 32
12 28 29
12 29 26
12 30 31
12 53 14
12 55 30
13 42 31
13 54 23
13 82 15
14 41 23
14 52 22
14 55 31
14 73 13
15 41 15
15 52 17
15 99 37
16 59 12
16 70 34
17 24 35
17 62 26
17 74 18
19 34 22
19 52 13
19 66 17
20 71 23
20 78 17
20 84 16
21 50 32
21 57 16
22 96 10
23 29 20
23 55 24
23 85 24
24 75 16
24 84 29
25 87 30
25 96 24
26 33 16
26 45 18
26 61 33
27 30 22
27 48 10
27 61 36
27 78 13
27 90 13
27 97 14
28 32 19
28 48 35
28 53 15
28 64 27
29 44 18
29 56 10
29 73 22
30 31 27
30 44 13
30 68 15
30 75 10
32 70 11
32 85 19
33 34 19
33 52 28
34 59 19
34 72 17
34 87 13
34 89 26
34 97 19
35 65 15
35 77 35
35 83 26
35 91 15
36 56 12
37 50 24
37 72 32
37 76 15
37 87 29
38 47 23
38 52 27
38 64 10
38 69 34
38 96 11
39 67 33
40 54 18
40 68 23
40 74 35
41 48 26
41 74 21
41 81 19
41 92 26
42 55 29
42 82 16
43 45 10
43 52 19
43 70 37
43 71 32
43 73 11
44 48 20
45 46 21
45 79 26
45 88 17
46 55 18
46 62 19
46 63 17
47 57 35
47 97 24
47 98 15
48 69 31
49 67 26
49 84 20
49 90 13
51 66 17
51 95 20
52 58 20
52 63 25
52 71 13
52 91 22
55 91 12
56 73 32
56 85 14
56 86 10
56 94 14
58 68 28
59 68 21
59 88 15
60 73 34
60 84 20
60 85 15
63 79 22
65 66 26
65 80 13
66 67 15
66 77 24
67 95 13
68 91 29
70 83 37
70 96 35
74 76 11
76 91 30
80 85 25
81 85 27
81 90 10
82 89 21
82 96 13
88 93 11
653 232 830 866 103
843 633 59 46 802
151 364 17 487 336
327 515 852 711 237
240 122 188 145 168
518 501 113 73 526
498 697 729 131 6
600 762 712 662 262
890 138 129 716 884
598 536 844 754 250
249 372 498 157 597
488 669 715 309 60
456 443 132 646 398
777 359 199 460 568
722 536 885 866 702
838 624 142 417 458
664 391 678 348 5
722 515 638 212 211
492 253 202 818 500
417 813 416 380 832
202 504 819 781 237
170 480 17 82 886
543 868 887 214 243
344 743 778 23 462
750 434 813 727 47
855 697 354 314 213
279 332 545 71 39
329 482 415 500 93
755 792 649 722 61
685 787 675 575 220
684 783 764 607 513
244 298 710 36 421
352 236 412 154 740
594 872 639 871 366
503 728 394 776 872
818 641 571 347 878
134 383 542 573 493
540 132 410 815 297
265 488 117 792 557
84 692 253 884 855
536 103 685 244 158
548 568 159 29 14
230 222 332 492 540
883 828 893 259 649
650 125 517 558 509
871 540 519 800 83
18 785 581 74 882
709 193 786 291 50
605 180 749 431 426
637 164 713 690 650
759 552 218 328 472
840 314 191 611 152
110 187 547 315 453
159 852 149 787 49
414 17 596 325 864
705 406 715 727 174
611 340 101 810 131
338 153 10 14 106
612 461 773 99 341
621 640 255 294 106
323 276 890 601 709
107 374 100 325 240
65 128 679 74 260
241 421 401 332 826
386 476 251 42 332
581 525 140 114 36
625 839 146 362 435
340 483 417 360 444
36 436 420 397 556
739 143 890 105 890
805 461 82 68 335
260 445 570 48 693
895 494 42 825 633
575 642 798 882 540
468 593 629 99 88
178 332 693 249 33
230 115 301 252 228
450 870 420 852 749
211 506 528 332 190
104 573 229 118 744
201 776 327 66 44
878 257 38 301 534
643 328 517 769 521
498 769 507 260 593
677 697 812 697 339
316 830 188 293 879
63 703 765 22 892
184 478 141 109 85
793 131 507 685 169
344 276 162 596 407
114 138 746 360 249
627 828 152 353 208
889 6 398 400 520
887 384 870 3 306
346 396 5 738 869
629 372 74 153 479
704 768 767 839 533
717 162 322 39 825
883 515 832 606 498
501 331 865 292 30
453 794 435 817 807
671 633 337 606 761
826 448 623 279 576
153 476 375 436 116
44 301 365 6 322
450 657 587 212 692
625 538 105 367 887
521 530 39 373 250
280 578 592 343 360
749 618 76 219 455
34 352 635 255 169
611 782 311 668 674
530 297 495 96 455
540 868 789 461 154
506 204 478 811 85
87 374 587 528 244
476 531 185 737 872
312 716 384 773 789
164 642 27 637 264
205 698 615 272 334
446 312 330 728 176
655 658 421 434 403
265 273 585 628 15
867 581 186 743 665
258 342 460 311 736
310 731 510 605 554
722 884 99 13 79
17 730 519 827 120
363 217 893 718 226
34 627 528 275 75
450 402 393 21 371
603 198 571 144 422
471 601 262 253 734
887 524 315 611 462
683 204 157 780 378
672 152 516 822 452
580 524 761 621 368
121 339 351 522 666
794 382 625 750 296
405 440 76 826 758
586 717 529 41 92
896 87 60 371 453
579 697 392 435 706
822 405 42 203 565
719 397 198 369 346
714 723 854 260 582
166 708 694 456 691
282 846 445 748 48
124 147 698 866 30
758 377 835 253 62
859 300 739 758 22
241 437 743 327 266
896 118 597 318 411
861 230 483 183 829
114 637 436 487 10
235 872 502 261 353
777 304 40 752 687
78 453 867 64 572
859 545 196 850 36
192 359 222 718 262
781 443 227 216 380
101 32 619 416 361
248 18 55 64 177
505 503 641 64 698
858 569 584 532 769
820 142 674 523 15
73 22 242 19 59
454 85 778 190 535
771 654 459 205 124
773 847 221 201 423
191 417 790 436 366
586 561 12 508 371
124 195 857 320 553
218 389 580 732 821
449 876 620 257 250
56 458 885 345 466
294 580 373 831 347
618 745 196 162 84
309 361 319 760 887
699 575 577 595 889
