10
246
0.5
25
40
0.295207 0.777533
0.481559 0.350619
0.478668 0.248188
0.195446 0.180033
0.942795 0.796621
0.124755 0.486256
0.17687 0.775216
0.978946 0.250887
0.645235 0.105568
0.320244 0.928553
0.13288 0.608386
0.960923 0.33717
0.968748 0.534864
0.91157 0.186267
0.567579 0.765272
0.629046 0.429362
0.644649 0.724302
0.645421 0.20068
0.88454 0.795487
0.127393 0.821853
0.356693 0.686256
0.626082 0.8895
0.576831 0.025242
0.0227987 0.587594
0.909551 0.60499
0 8 25
0 10 11
0 17 25
0 19 12
0 21 23
0 22 20
1 3 20
1 5 25
1 7 35
1 8 12
2 18 29
2 19 25
2 23 32
3 8 32
3 15 31
3 16 32
3 21 30
4 21 22
5 15 36
6 16 33
7 8 24
7 17 24
7 21 25
8 9 23
8 20 20
8 24 19
9 19 14
10 14 31
10 21 35
11 21 24
12 14 28
12 16 23
12 22 28
13 14 24
13 17 19
13 21 20
13 22 24
14 19 31
15 20 19
16 20 20
338 343 109 178 214 94 148 167 236 221
237 378 278 365 111 32 298 390 325 112
280 73 164 6 176 66 266 280 11 376
124 317 366 41 332 243 291 92 360 39
291 91 21 193 94 255 317 61 258 7
378 114 201 72 217 267 56 173 57 244
267 100 209 246 385 313 136 260 377 128
310 277 350 310 216 202 210 307 313 205
224 328 381 89 207 196 58 162 252 192
60 163 4 347 239 384 334 156 129 260
261 49 61 277 132 291 316 173 147 159
114 352 50 285 381 375 241 212 25 316
358 100 331 311 304 341 279 198 350 365
329 155 141 241 350 286 82 78 136 15
339 237 43 262 227 121 44 191 357 64
137 256 346 31 252 228 206 166 35 373
100 100 254 339 149 322 197 320 156 318
200 9 250 378 255 137 340 263 182 396
164 303 19 47 134 244 49 110 277 266
198 29 345 287 87 77 251 172 38 123
204 243 328 275 342 85 245 75 19 63
234 299 394 9 297 325 79 226 27 381
148 117 244 85 28 286 174 314 62 123
114 11 261 71 323 181 324 114 186 391
149 26 254 249 128 201 294 367 307 369
376 9 336 13 215 36 179 336 386 317
216 134 235 302 343 286 5 360 31 58
359 222 340 144 364 14 261 326 22 13
2 367 157 312 309 167 58 308 67 325
177 389 69 351 14 366 43 76 66 14
7 2 35 83 87 266 234 309 101 302
109 205 52 119 179 271 271 174 268 398
360 185 228 40 66 72 306 66 279 78
336 258 120 49 15 192 154 142 372 85
145 137 199 46 5 387 172 214 166 4
102 71 61 363 147 150 283 13 253 149
117 105 140 139 347 386 319 67 182 270
389 149 146 367 21 44 11 249 213 399
388 280 300 275 151 390 284 374 75 147
131 391 261 189 290 137 190 136 202 9
