10
168
0.5
25
24
0.629847 0.499511
0.947121 0.95342
0.596959 0.993838
0.622049 0.52481
0.13785 0.525842
0.157344 0.236196
0.953719 0.768327
0.161314 0.87508
0.206248 0.629875
0.899557 0.576749
0.239863 0.99834
0.19274 0.634236
0.757272 0.309721
0.274627 0.0409805
0.834766 0.611824
0.506559 0.481185
0.91543 0.940339
0.794402 0.692662
0.923701 0.513874
0.671922 0.301141
0.233044 0.200624
0.471241 0.0557079
0.813629 0.0399811
0.354618 0.909241
0.833576 0.777895
0 4 35
0 5 33
0 13 25
0 14 14
0 16 20
0 17 12
0 23 19
1 17 11
2 6 25
2 11 29
2 20 26
2 23 17
3 5 33
3 9 20
7 21 22
8 15 21
9 12 10
9 19 16
10 17 39
12 18 12
13 22 38
13 24 40
15 20 19
17 21 23
210 159 182 70 3 61 101 232 74 146
193 142 71 114 162 206 166 176 167 230
133 226 174 15 34 80 129 55 111 75
50 187 18 105 227 67 21 161 130 166
14 76 143 12 201 155 112 5 39 46
218 156 239 235 51 104 182 56 40 15
168 195 166 131 150 164 16 28 112 96
71 236 156 216 102 216 191 59 20 169
44 104 153 49 190 183 177 235 229 159
238 172 181 129 105 160 67 196 114 130
27 198 221 196 141 207 174 117 108 95
92 221 89 133 111 157 182 215 220 236
221 140 127 230 0 164 105 46 81 25
139 90 79 210 64 67 47 177 222 119
183 173 1 57 193 230 144 59 29 206
196 225 77 76 156 198 155 75 75 33
230 238 88 23 206 196 43 189 127 84
201 39 124 191 33 5 178 60 217 85
136 89 155 103 92 105 10 49 168 145
170 9 112 203 64 179 230 70 131 57
185 83 94 171 1 109 128 179 201 102
164 23 35 136 96 146 239 203 167 208
35 133 169 55 94 196 15 11 126 53
87 226 215 88 167 10 189 12 76 235
