5
2371
1
100
180
0.32781 0.537055
0.751956 0.134869
0.575744 0.341699
0.287363 0.449381
0.11435 0.0624936
0.554544 0.530412
0.68473 0.800155
0.814952 0.364908
0.422694 0.879863
0.805681 0.320264
0.862127 0.51246
0.648257 0.381898
0.102327 0.638841
0.208171 0.136441
0.459201 0.0596888
0.651346 0.912753
0.232965 0.142225
0.286626 0.0659353
0.715954 0.482455
0.651697 0.345235
0.314993 0.382535
0.20016 0.414799
0.946004 0.960919
0.243729 0.0362633
0.704821 0.35387
0.762055 0.106195
0.479694 0.737084
0.232658 0.868249
0.165749 0.822002
0.140121 0.835383
0.257565 0.98645
0.6745 0.870582
0.312487 0.0788524
0.939588 0.470006
0.999335 0.4262
0.885917 0.894104
0.68107 0.839561
0.426763 0.75484
0.745803 0.468198
0.290467 0.309357
0.692329 0.39545
0.833546 0.613145
0.446099 0.131209
0.169798 0.479653
0.948295 0.508119
0.902734 0.0958769
0.849603 0.405304
0.190509 0.710175
0.394336 0.117293
0.0955514 0.799461
0.790555 0.461654
0.984797 0.68037
0.767267 0.0969412
0.220442 0.628288
0.290802 0.464173
0.70988 0.0946863
0.635137 0.229462
0.326926 0.95921
0.830576 0.254584
0.647119 0.0132558
0.630018 0.10825
0.648241 0.572514
0.734536 0.83022
0.295479 0.320877
0.487063 0.155902
0.597364 0.851098
0.789516 0.025551
0.367473 0.356489
0.00663963 0.552239
0.906031 0.558259
0.565467 0.656772
0.341131 0.437956
0.206669 0.588092
0.0436584 0.719192
0.760077 0.975212
0.523938 0.0908884
0.748855 0.768701
0.713275 0.913938
0.436541 0.255984
0.173118 0.662023
0.592792 0.0274761
0.371319 0.182466
0.917124 0.161821
0.464337 0.694708
0.19156 0.562828
0.981648 0.188916
0.817567 0.996502
0.795066 0.48177
0.529897 0.207986
0.912044 0.824016
0.97984 0.908382
0.828697 0.0834186
0.0748299 0.452628
0.126182 0.79875
0.566508 0.12031
0.956807 0.777378
0.763004 0.378034
0.815031 0.47439
0.113448 0.105004
0.49477 0.66488
0 18 27
0 38 30
0 52 31
0 94 17
0 98 15
1 22 14
1 39 33
1 54 33
1 65 11
1 75 16
1 78 22
2 7 17
2 9 16
2 30 22
2 85 29
2 97 17
3 11 26
3 40 29
3 70 20
3 88 17
4 23 9
5 7 18
5 12 32
5 49 32
5 50 17
5 90 30
6 17 28
6 33 18
6 69 16
6 71 24
6 99 13
7 44 9
8 29 20
8 38 23
8 47 16
8 52 24
8 58 29
8 60 15
8 69 34
9 37 27
9 88 20
10 31 13
12 16 9
12 32 15
12 67 19
13 26 19
13 36 33
13 80 27
14 18 18
14 29 23
14 35 30
14 39 12
14 49 26
14 73 29
14 84 19
15 50 10
15 71 22
15 99 11
16 24 33
16 56 28
17 18 30
17 38 32
17 78 11
18 23 33
18 88 13
19 27 30
19 57 23
19 72 31
19 82 19
20 52 32
20 99 13
21 42 17
21 65 28
21 88 23
21 99 21
22 24 17
25 82 11
25 88 16
26 45 30
26 60 11
26 69 30
26 72 19
26 98 26
27 64 18
27 70 24
28 67 14
28 68 11
28 73 9
28 80 30
29 39 11
29 57 13
29 81 16
29 99 25
31 53 32
31 78 17
31 87 9
33 42 35
33 61 21
33 65 24
33 94 26
33 99 31
34 59 25
35 78 32
36 63 27
36 64 14
36 85 21
36 95 19
37 39 10
37 72 16
37 74 24
38 67 27
38 78 22
39 76 32
39 96 33
40 42 17
41 94 19
42 53 16
42 80 10
42 91 27
42 93 23
42 96 22
43 59 34
43 61 34
43 75 25
44 65 25
44 88 30
45 61 18
45 75 27
45 94 24
46 65 18
46 81 34
47 61 32
47 73 10
48 52 26
48 58 31
48 66 28
48 79 16
48 97 30
48 98 20
50 63 35
50 70 16
50 71 32
51 52 15
51 58 11
52 63 33
53 80 26
54 92 15
55 67 24
56 57 22
56 78 14
57 62 29
57 77 27
61 69 18
61 89 19
62 88 14
63 73 18
63 76 32
64 86 23
66 95 12
67 86 32
67 96 28
69 96 10
69 99 29
70 86 18
70 89 25
70 97 18
72 73 12
72 81 12
72 83 18
73 83 30
77 88 13
80 83 9
81 93 17
82 88 27
85 96 15
87 90 13
87 99 21
88 92 32
94 98 32
95 99 33
734 281 412 335 830
18 245 188 87 295
665 800 190 261 353
440 743 894 193 319
632 614 899 243 762
671 679 41 775 177
840 43 449 454 421
806 714 140 516 535
631 662 686 700 755
560 720 35 399 192
518 177 521 396 470
850 394 433 821 95
140 395 291 234 456
523 175 197 208 692
673 249 396 760 16
100 562 792 484 489
83 813 662 597 132
597 530 599 550 24
679 896 634 158 618
194 277 44 183 897
355 679 805 338 58
504 889 119 557 257
620 561 840 636 345
448 639 171 37 309
886 546 597 294 199
843 873 297 761 477
353 167 18 129 57
414 344 408 276 517
348 290 881 155 200
207 226 596 681 863
21 818 98 651 728
864 245 809 209 3
312 357 308 479 86
279 476 312 146 58
743 615 524 164 581
828 300 548 329 138
240 501 247 49 570
38 272 745 308 749
391 613 585 824 828
58 372 592 96 64
368 507 865 564 245
769 619 160 393 168
787 763 494 664 129
764 311 708 230 404
533 388 769 307 486
405 684 218 462 665
87 45 241 716 812
321 428 684 772 71
423 575 678 551 617
835 837 445 502 753
433 614 199 58 703
820 280 343 571 43
486 198 222 400 515
221 548 425 241 754
116 549 602 354 709
686 498 156 92 434
191 586 467 40 110
593 844 538 400 194
690 864 657 614 413
48 513 608 106 215
229 811 682 251 166
681 204 889 172 208
32 319 583 535 190
105 419 328 694 25
690 30 176 636 224
813 783 737 497 751
658 138 463 267 213
791 489 363 439 410
121 35 705 395 480
5 65 661 652 5
768 827 664 669 506
828 339 273 220 789
582 201 333 883 6
211 6 304 821 497
576 305 533 855 362
456 466 841 367 668
295 451 859 330 736
821 62 400 596 634
656 27 411 737 402
389 2 436 888 339
206 332 699 811 313
640 764 215 177 487
242 75 605 862 147
734 433 411 274 191
851 799 385 232 431
618 694 47 29 2
194 356 390 852 414
499 728 719 883 660
486 718 494 881 155
136 646 745 160 392
35 522 529 99 648
510 85 676 325 108
357 288 322 325 809
375 134 31 496 154
872 75 203 817 125
856 252 26 152 239
126 509 117 3 183
447 743 500 524 477
574 723 670 528 781
10 220 893 759 220
891 218 393 324 788
266 593 616 470 743
822 420 826 445 473
783 132 703 632 790
214 689 384 453 454
287 522 836 765 254
460 206 744 149 195
748 128 793 416 357
235 110 443 69 378
528 710 374 760 530
199 73 43 584 112
469 152 621 686 748
543 511 739 336 819
412 235 271 252 379
6 90 25 877 310
458 806 873 420 326
824 498 831 206 380
288 363 236 759 409
37 103 656 598 249
663 721 330 312 780
889 174 655 311 851
257 805 53 168 881
234 503 894 98 834
690 607 393 360 492
603 672 70 834 86
5 206 398 767 363
273 52 396 761 281
213 499 137 277 78
553 816 619 511 650
538 565 322 456 199
325 452 264 558 103
326 15 115 649 808
49 410 167 234 367
112 406 493 468 518
742 729 257 592 578
898 650 169 314 104
725 551 51 275 672
841 520 351 101 276
820 298 402 557 720
616 880 612 857 639
344 457 48 356 239
214 498 758 229 535
101 762 590 110 247
221 747 218 740 409
389 818 323 567 693
393 433 150 85 34
717 706 698 100 659
897 218 376 762 860
53 877 247 820 475
342 515 674 612 776
742 421 666 893 2
788 857 730 470 339
384 125 6 645 402
633 139 729 423 316
95 281 593 674 253
865 878 131 668 855
824 441 498 191 405
197 466 89 610 113
461 114 441 111 319
621 588 695 479 440
395 639 605 207 19
808 776 891 289 522
373 279 518 260 614
892 650 893 584 391
460 148 482 483 328
72 805 505 536 26
522 16 798 406 569
837 530 816 697 408
339 879 483 76 531
649 403 118 484 591
136 897 642 189 202
807 352 497 680 230
114 738 212 250 691
239 3 64 98 368
107 40 309 600 165
669 422 898 548 91
668 258 528 54 160
291 512 694 379 563
237 710 589 722 869
461 136 671 684 636
