10
219
1
25
24
0.80506 0.633729
0.527186 0.404022
0.929959 0.854298
0.263554 0.197915
0.248327 0.373418
0.640712 0.764122
0.715787 0.0792374
0.669706 0.294038
0.249019 0.542584
0.857934 0.0737614
0.0800975 0.330522
0.772108 0.127882
0.691064 0.979538
0.200288 0.70428
0.250823 0.753139
0.483744 0.350066
0.289744 0.160501
0.647108 0.545436
0.215528 0.0985746
0.346845 0.816284
0.144297 0.0485613
0.960578 0.111744
0.708653 0.652121
0.139226 0.47312
0.172132 0.390594
0 5 12
0 15 23
0 17 11
1 12 12
1 23 27
2 11 11
3 17 27
3 22 31
4 17 28
5 16 25
5 20 35
6 18 35
6 21 17
7 8 30
7 16 27
7 19 23
9 15 26
10 19 19
11 16 34
12 19 24
13 17 32
14 20 8
15 24 22
18 19 9
62 14 66 43 113 161 211 23 174 116
173 167 161 64 115 194 122 51 129 178
75 183 22 206 84 30 117 129 158 195
80 68 95 123 137 171 100 218 27 129
208 69 81 77 115 76 215 179 167 13
42 146 27 206 199 43 163 104 213 60
231 118 32 171 16 192 220 125 99 173
235 24 145 143 107 3 178 29 51 0
224 28 146 183 235 141 78 129 102 64
74 32 177 148 156 55 135 70 63 7
86 50 111 181 72 174 138 57 194 225
136 216 216 129 235 118 22 217 69 32
132 167 186 234 82 97 142 158 137 47
94 142 29 3 128 184 131 103 142 71
60 209 84 108 101 93 204 190 40 68
206 26 202 26 25 79 204 75 119 197
77 41 193 181 224 81 236 150 122 108
95 182 111 181 102 230 45 103 133 191
182 181 92 64 233 6 148 16 145 233
158 167 175 140 87 35 196 54 33 159
73 33 239 78 168 171 109 28 217 97
87 76 151 159 43 115 1 208 3 228
14 15 17 36 151 89 144 6 29 107
43 129 147 63 10 205 80 41 87 162
