10
879
0.5
100
140
0.791115 0.245115
0.230357 0.171892
0.291217 0.438089
0.503912 0.812404
0.453867 0.707802
0.797461 0.353468
0.68686 0.18213
0.331564 0.158664
0.34187 0.569245
0.218339 0.597185
0.877206 0.564289
0.167448 0.0900031
0.603691 0.280945
0.988902 0.00951715
0.580274 0.456142
0.647194 0.847366
0.239964 0.375513
0.236624 0.35357
0.960118 0.704079
0.874043 0.226947
0.363577 0.361461
0.481155 0.132437
0.218783 0.824313
0.537499 0.717229
0.0409231 0.80707
0.696949 0.825497
0.014253 0.461015
0.659015 0.840559
0.758012 0.244657
0.588085 0.643034
0.933405 0.191325
0.141759 0.794748
0.25674 0.40136
0.752909 0.531429
0.269465 0.500067
0.788668 0.743748
0.148311 0.916146
0.94417 0.522895
0.177336 0.413928
0.551508 0.416702
0.721418 0.186012
0.785477 0.825647
0.729552 0.28963
0.716751 0.726588
0.244637 0.0576333
0.312346 0.274659
0.549921 0.171466
0.497255 0.748452
0.604198 0.755525
0.894724 0.664057
0.435592 0.4335
0.209056 0.365877
0.858524 0.453247
0.776773 0.462398
0.935157 0.299926
0.248383 0.344838
0.457458 0.871234
0.00320612 0.0359178
0.271405 0.580032
0.388922 0.449685
0.546827 0.23076
0.622931 0.735693
0.0884856 0.681237
0.727232 0.164986
0.52381 0.154667
0.14985 0.638542
0.500923 0.298361
0.089781 0.0803111
0.739313 0.136575
0.742712 0.55058
0.108843 0.436732
0.726537 0.912611
0.0882119 0.555465
0.788998 0.909916
0.510142 0.31525
0.798491 0.986887
0.162696 0.935758
0.703631 0.395348
0.463504 0.609269
0.798027 0.216794
0.601355 0.687665
0.563625 0.854628
0.97533 0.0663519
0.00437269 0.108161
0.20595 0.476744
0.241026 0.288517
0.883882 0.178337
0.958173 0.208695
0.0613904 0.619924
0.442514 0.557808
0.346404 0.728298
0.392276 0.595888
0.899521 0.578535
0.431667 0.109684
0.517047 0.59248
0.387097 0.0947828
0.293338 0.228339
0.0654967 0.748715
0.659891 0.797809
0.156098 0.819205
0 12 13
0 23 18
0 48 13
1 62 10
1 78 16
1 80 26
1 98 30
2 61 23
2 81 19
3 5 21
3 62 29
3 86 27
4 62 26
4 65 21
4 88 28
5 29 15
6 95 21
7 12 19
7 24 21
7 83 23
8 24 21
8 38 12
8 46 15
8 65 14
8 74 12
8 75 32
9 88 11
10 23 24
11 14 29
11 45 10
11 48 31
12 32 25
12 37 24
12 51 28
12 93 12
13 71 19
14 30 25
14 38 28
14 63 10
14 90 17
15 20 20
15 22 30
15 52 15
15 84 31
15 91 18
16 43 34
16 91 11
17 56 16
17 66 19
17 72 10
18 46 29
18 66 32
19 25 13
19 46 23
20 28 28
20 63 26
21 36 24
23 52 23
23 95 11
23 99 27
24 74 33
25 44 32
26 38 12
26 47 34
26 84 14
27 55 29
30 43 15
30 66 31
30 98 19
31 47 25
31 57 10
32 56 14
32 62 12
33 34 34
34 67 13
35 91 28
36 59 17
36 78 22
37 69 14
37 77 17
37 94 30
38 39 26
38 47 23
39 45 17
39 55 21
39 96 18
40 86 11
41 48 13
41 80 13
41 89 24
42 45 30
42 92 12
43 50 20
43 64 14
44 66 18
44 83 17
44 95 10
45 68 30
45 73 34
46 58 20
47 51 20
47 70 27
47 76 24
47 85 18
48 49 21
48 58 24
48 82 26
51 89 17
51 94 22
52 98 14
53 56 23
54 75 10
55 70 10
55 72 11
56 67 26
56 97 28
56 99 21
58 60 19
58 77 31
58 98 27
59 69 25
62 78 27
62 95 21
63 66 16
63 93 21
64 65 26
65 89 21
66 70 28
66 71 16
69 82 16
70 93 23
71 91 24
73 87 12
74 98 11
76 80 31
79 95 29
80 93 12
81 85 23
81 96 19
92 94 27
1351 650 515 453 1040 602 1357 978 1114 129
972 999 456 639 764 10 870 1115 162 568
704 657 207 1107 1128 1185 170 954 335 439
885 1234 916 1079 872 789 52 99 432 1367
311 68 1063 874 772 920 1134 626 261 1200
1173 123 529 163 639 604 521 1376 527 1287
884 319 1309 429 1207 313 970 768 864 305
1293 1135 586 469 381 798 702 949 454 919
103 989 1325 594 1303 944 989 888 53 1072
956 869 962 437 1237 651 496 37 291 478
71 111 758 1281 1081 196 56 64 608 161
1000 548 1331 1117 771 273 1393 1389 1295 657
211 1356 266 82 34 141 1038 1146 945 1342
948 1270 1322 1015 552 421 3 761 536 1379
479 766 750 646 1069 40 118 82 882 1199
239 877 1067 692 417 107 547 153 1124 322
230 1128 121 577 1067 222 411 1157 48 353
843 887 1148 1045 439 163 1180 254 186 1046
323 840 966 1158 737 1004 144 1175 380 369
807 636 443 774 671 562 713 912 1069 978
781 447 281 1080 984 1037 728 153 803 162
362 649 654 516 914 830 1294 493 1256 840
278 742 1141 1198 790 1390 392 754 393 146
36 926 898 325 1356 394 1047 893 1148 1212
189 550 1231 162 658 44 324 515 495 637
251 1024 1098 407 510 463 79 1002 426 978
1371 1325 216 1048 439 435 342 1057 916 290
399 423 1239 1279 436 1316 1036 93 308 607
1254 16 472 818 16 1106 1048 966 1215 319
1202 661 1086 349 883 659 532 1238 514 995
865 1238 1314 491 681 869 657 483 166 1105
954 1018 1361 300 918 966 484 668 1346 1223
26 1021 429 168 372 1275 146 529 1025 1360
1064 876 1380 84 328 1344 213 36 1110 1370
465 207 564 1094 428 73 456 977 515 655
1356 435 196 2 591 342 1377 446 979 588
737 928 984 595 677 1218 1086 19 627 890
1399 17 742 1218 32 329 204 211 664 1014
583 1047 442 1008 737 1221 583 1024 607 0
898 1087 1349 810 631 458 139 1242 111 3
736 279 1148 44 1319 711 178 558 313 882
744 744 254 960 241 944 1151 302 1221 1351
1242 648 1052 1108 117 748 1115 536 155 74
235 10 1296 523 1185 203 211 997 989 456
1199 1365 971 516 986 296 381 538 1054 94
251 1293 1265 833 960 653 1199 997 1067 797
313 1308 328 690 746 736 224 127 766 170
679 369 791 645 249 830 1262 661 280 1316
595 734 998 177 895 802 108 862 15 1304
1195 85 97 378 383 525 26 690 548 1206
1212 660 578 1146 1026 1312 1083 556 964 322
412 885 455 1398 474 503 1349 1038 860 60
1183 275 258 1017 883 1332 1144 369 1131 1359
257 722 872 230 180 77 1064 107 860 1360
211 861 1334 240 1164 1240 168 1310 1318 47
1310 1218 412 380 1183 387 863 1180 1039 1075
11 317 415 325 928 435 1000 595 571 1144
1147 105 970 79 1040 445 601 599 401 1247
484 1284 608 509 956 0 287 1371 682 601
503 572 789 35 863 924 884 45 726 177
421 1128 151 1316 27 1127 87 1307 673 224
192 274 1291 521 646 1321 665 603 322 1110
987 917 783 893 569 1028 1057 495 476 109
1057 568 143 745 1198 1235 310 20 993 146
1328 903 57 982 1213 1277 419 556 471 1169
433 742 686 381 1319 110 1166 972 529 554
409 1058 201 140 761 869 58 969 43 1393
736 755 338 241 880 1076 570 336 1060 1299
1250 1166 186 596 1237 613 1079 553 674 713
352 1271 20 350 611 34 396 1021 493 1233
166 17 876 218 1314 952 251 1372 1182 1060
934 1074 314 736 97 165 891 27 606 950
332 539 1390 978 1101 389 362 948 407 292
998 819 1157 895 866 1277 491 460 481 899
87 1397 963 138 233 830 705 150 211 1286
190 604 1181 1165 52 1124 1135 491 1076 515
747 153 915 698 319 1005 634 1394 690 9
572 1296 1273 1108 1295 742 450 1070 565 878
324 480 859 756 187 82 81 275 100 877
1395 256 606 149 423 218 1170 1270 1079 1109
500 633 8 879 732 1227 881 1148 398 875
1319 386 1054 868 542 315 803 383 1159 1343
993 589 358 457 688 1096 601 719 192 997
530 1283 1234 226 199 933 1197 786 691 388
680 442 399 665 1211 233 358 1147 1331 596
1025 467 159 1328 1179 627 268 197 960 544
690 416 618 1035 1042 217 800 237 195 81
836 71 311 288 865 130 673 953 1257 27
419 1065 1019 129 944 506 819 756 701 302
806 1237 927 593 173 488 222 968 401 1294
230 1207 916 1105 148 957 1192 459 789 1021
191 145 213 613 997 1222 255 3 1272 893
832 551 975 1107 399 633 856 1384 959 432
166 979 1069 1062 491 1198 15 1387 78 537
163 156 329 768 443 819 384 686 339 793
113 1152 6 337 295 700 1380 764 273 21
747 244 1341 1287 741 906 75 885 1373 748
816 1263 1307 756 844 1302 369 137 1181 1065
254 932 978 1170 834 556 1084 874 492 1152
1130 1110 584 1295 506 879 193 353 667 322
1320 622 114 760 132 304 1151 112 185 1188
67 1075 3 1200 1201 682 182 1089 393 1190
514 937 451 1262 1081 179 1165 1187 200 479
1251 1119 693 418 1328 128 871 854 392 713
898 502 851 1285 1141 899 851 199 462 201
87 445 5 1117 744 731 1342 1267 1035 151
1240 999 824 1099 1330 723 27 839 367 1201
623 429 227 56 1147 460 935 179 995 1006
1044 805 568 938 1122 736 450 685 411 104
101 1279 698 456 435 1258 1219 400 1351 403
1386 576 1025 535 1397 458 1254 1162 643 1236
961 349 1211 460 331 30 196 974 765 1185
437 1083 1273 917 902 768 164 1390 1395 402
947 339 254 1293 1030 1098 1032 962 1277 1309
605 108 43 633 721 1182 1128 1274 78 345
1195 1096 272 308 422 278 1330 152 1050 144
1242 1319 886 532 571 170 1279 1021 390 1379
40 631 1098 1397 1036 680 81 787 828 544
485 1342 303 1156 114 1236 222 81 1094 100
665 555 212 161 85 1087 1017 1169 613 135
370 90 1313 983 637 112 1390 253 374 258
408 1083 279 690 334 572 766 706 534 1241
1388 538 174 186 591 868 437 918 520 1354
727 809 414 541 726 330 691 245 907 671
951 1055 1111 1278 451 1282 437 1252 896 671
733 1122 89 269 168 1158 1288 401 174 358
363 113 685 475 232 614 690 1160 934 880
232 314 647 752 479 607 1198 706 84 532
284 751 67 678 452 902 273 1390 1125 292
825 60 1348 522 256 546 61 418 162 173
516 428 326 782 5 208 444 1081 915 1036
811 1370 179 356 589 1070 110 682 1314 883
435 572 312 215 43 877 128 1266 835 782
1208 897 673 1161 317 730 1099 1252 1292 324
794 838 954 142 814 1046 768 882 1050 280
1014 319 449 1279 794 1 971 9 106 489
782 1071 1056 231 637 44 1245 1141 1301 407
506 1028 725 700 571 1308 23 873 465 480
938 1150 1226 513 187 529 1188 1127 510 522
1181 582 1369 234 1019 2 1028 40 557 740
