10
211
1
25
32
0.713415 0.728578
0.94717 0.0114519
0.118506 0.445827
0.46155 0.766124
0.683875 0.872388
0.523544 0.582767
0.515821 0.65833
0.0949472 0.549407
0.507222 0.992108
0.237971 0.590834
0.757619 0.63747
0.0168716 0.531144
0.404978 0.373569
0.688249 0.0552495
0.274929 0.624826
0.0104129 0.433404
0.0528574 0.815708
0.476033 0.604817
0.878745 0.560709
0.640566 0.0602442
0.295851 0.188404
0.0507846 0.602352
0.760717 0.788388
0.324209 0.150454
0.601715 0.889297
0 18 12
1 5 30
2 20 13
3 4 16
3 18 30
4 5 11
4 9 32
5 7 30
5 9 20
5 10 17
5 16 33
5 20 16
6 10 17
6 13 12
6 21 33
8 22 18
8 23 13
9 17 17
9 19 28
9 21 13
9 24 26
10 17 20
10 20 33
10 23 31
11 12 27
11 17 32
12 15 28
13 14 29
13 17 15
14 21 16
17 19 12
19 23 22
35 264 81 44 237 223 50 50 126 234
85 247 199 116 104 172 181 6 250 112
139 277 161 44 148 20 5 14 206 30
278 291 213 67 166 84 211 104 12 132
280 86 79 20 199 82 256 207 98 303
125 168 44 91 39 187 183 265 147 73
302 268 309 296 90 143 150 53 13 254
24 52 25 206 179 185 295 297 293 116
92 282 26 234 150 210 215 206 204 252
88 23 77 115 188 125 243 218 306 88
22 178 247 47 33 281 86 37 69 55
51 162 151 49 121 133 198 128 87 4
154 59 258 29 196 21 91 40 187 276
175 277 313 129 150 102 221 288 65 114
299 67 183 255 170 135 212 60 24 314
204 179 11 311 123 229 304 12 240 178
40 133 286 149 25 79 119 3 170 63
316 89 77 85 245 59 77 234 288 54
173 253 75 88 239 184 306 276 7 55
21 191 82 32 139 137 306 292 196 165
57 88 266 137 123 57 133 180 16 14
195 55 246 83 101 198 305 274 63 318
285 15 270 20 133 17 192 222 87 97
207 277 208 285 183 181 65 91 249 50
17 255 90 208 32 176 307 7 200 300
15 22 29 304 160 290 253 34 128 159
77 193 11 129 155 318 258 81 243 52
2 280 282 126 1 67 158 122 138 17
3 277 38 49 30 45 237 308 109 190
290 270 295 142 25 76 239 54 79 262
28 120 205 288 53 227 298 91 20 61
107 163 221 51 83 63 104 52 126 207
