10
984
0.5
100
180
0.342125 0.744395
0.962619 0.474006
0.850392 0.814596
0.461233 0.908243
0.464446 0.168765
0.250262 0.744671
0.378558 0.919659
0.395675 0.618064
0.624059 0.003665
0.0554121 0.953606
0.0930973 0.689136
0.000745994 0.983521
0.556493 0.0250487
0.743935 0.300919
0.741633 0.901358
0.536425 0.57899
0.999769 0.439701
0.499355 0.69791
0.370711 0.0453968
0.643755 0.673069
0.840837 0.91901
0.569228 0.366568
0.334558 0.584028
0.551756 0.872379
0.542587 0.782141
0.366645 0.245278
0.718939 0.227132
0.281104 0.0830861
0.0956598 0.82973
0.946694 0.594047
0.320476 0.0928318
0.15615 0.71073
0.965518 0.480441
0.0010422 0.460568
0.942958 0.117003
0.765094 0.301019
0.743493 0.771427
0.943303 0.295163
0.478106 0.633989
0.0579773 0.243258
0.721683 0.267045
0.908224 0.2332
0.365033 0.795787
0.748274 0.830475
0.187566 0.129256
0.25505 0.494165
0.507793 0.449469
0.432235 0.739622
0.900356 0.681681
0.987549 0.230707
0.110565 0.657735
0.773203 0.989265
0.271931 0.86378
0.255682 0.996399
0.432687 0.864498
0.142898 0.694234
0.277535 0.846441
0.637719 0.279137
0.85833 0.926604
0.877514 0.488823
0.541567 0.35747
0.285417 0.775567
0.172688 0.739867
0.993948 0.184352
0.924006 0.811154
0.892353 0.601656
0.240947 0.598329
0.301565 0.319641
0.192295 0.583659
0.71495 0.919471
0.607462 0.435818
0.112352 0.188377
0.040473 0.696428
0.0659335 0.0655837
0.167575 0.654728
0.987938 0.784244
0.848136 0.254848
0.549722 0.00699356
0.321966 0.104198
0.611991 0.978064
0.253561 0.677056
0.832274 0.719813
0.563729 0.218915
0.572131 0.296149
0.0849017 0.0155576
0.197434 0.320126
0.982486 0.823909
0.678144 0.631872
0.67082 0.262074
0.276615 0.707038
0.770696 0.488384
0.0268113 0.0487711
0.23179 0.139233
0.302767 0.902359
0.566343 0.15547
0.878535 0.520602
0.288011 0.986537
0.613255 0.414839
0.660249 0.609894
0.780611 0.467611
0 24 14
0 81 35
1 12 29
2 15 22
2 83 20
2 87 12
3 14 20
3 20 27
3 65 30
3 67 11
3 68 19
3 72 30
4 9 29
4 37 34
4 58 28
4 95 29
4 98 14
5 12 22
5 23 21
5 54 13
5 83 23
5 87 30
6 14 26
6 87 21
7 9 24
7 12 11
7 72 25
8 32 24
8 42 18
8 45 26
8 63 26
9 42 22
9 46 32
9 52 15
9 61 16
10 18 20
10 27 13
10 42 19
10 60 32
11 85 14
12 26 11
12 40 12
13 17 17
13 29 14
13 38 19
13 41 12
13 60 14
14 25 27
14 27 33
14 42 27
14 56 33
14 94 12
15 34 29
15 40 13
15 43 15
15 49 32
15 58 23
15 85 24
16 94 31
16 98 24
17 66 18
17 75 35
17 78 13
18 99 29
19 20 14
19 41 19
19 62 33
19 76 14
19 92 29
21 25 14
21 48 23
21 65 23
21 81 19
21 84 34
22 26 27
22 82 16
23 27 19
23 35 15
23 44 26
23 45 21
23 48 25
23 59 23
23 68 25
23 73 34
23 90 15
24 39 34
24 41 26
25 71 18
25 87 22
26 52 32
27 38 14
28 89 13
29 46 31
29 77 28
29 79 24
30 62 10
31 42 15
31 78 12
32 57 23
32 77 29
32 82 28
33 38 34
33 68 14
33 96 20
34 51 12
34 54 36
34 69 16
35 54 24
35 79 11
36 49 17
36 86 17
38 51 21
38 61 14
38 65 29
38 75 36
38 78 11
38 91 32
39 80 14
40 54 20
40 86 18
41 60 26
42 99 29
43 45 35
43 46 17
43 49 17
43 89 33
43 94 13
44 54 17
45 47 13
45 57 27
45 82 22
45 87 30
45 91 16
45 94 22
45 98 29
46 61 16
46 78 13
46 91 34
47 53 12
47 58 30
47 65 33
47 87 17
47 88 17
49 83 29
49 99 15
50 96 13
51 61 34
52 54 11
52 72 16
52 97 24
55 60 28
56 57 25
57 68 31
58 83 20
58 94 21
60 61 18
60 69 12
61 91 18
61 98 27
63 81 11
63 83 30
63 90 16
64 82 25
65 83 23
66 94 23
67 70 22
67 73 17
67 91 19
68 87 34
69 78 28
70 95 19
71 77 31
74 91 10
76 97 17
77 86 31
77 90 16
82 99 15
83 89 21
83 99 15
84 93 15
384 1271 1117 1060 1395 1263 1067 949 1380 973
1052 1366 923 1218 172 594 1483 443 1756 635
1784 427 1113 484 1121 1346 202 18 988 599
157 1451 35 1210 709 1117 1069 1775 1719 448
912 1109 1698 1574 574 1253 658 1316 1230 776
1188 69 1478 1445 1570 710 356 1540 1545 1143
1556 1582 1460 1416 1450 475 1121 1382 1177 466
67 183 1167 474 26 504 493 744 646 383
1674 201 365 1083 867 1041 1552 818 6 26
714 1666 1275 1619 242 1195 351 239 1703 33
754 701 1079 1341 818 1334 370 186 821 738
909 1147 586 419 105 1045 1778 1503 892 264
196 843 278 1402 1056 118 1164 1054 87 1784
1041 1233 1024 654 1283 398 1008 1625 448 1188
321 1333 1644 295 1203 1576 600 1334 352 1257
659 1387 2 141 291 1209 1166 368 1693 1044
689 1234 318 941 1340 56 1318 449 325 723
66 1039 1797 695 1318 717 1767 1438 840 1670
552 1215 604 770 629 581 176 1523 794 893
1323 421 1395 750 372 175 763 926 634 1375
1771 1307 1732 1440 1362 799 682 472 12 640
385 1447 160 1350 262 1625 1584 66 1644 709
225 1748 434 1461 1012 1462 1720 772 618 720
1650 460 663 802 554 717 743 1144 738 1599
551 1493 444 1324 810 1542 357 1798 1669 1751
588 341 1520 1278 979 313 1046 1223 700 1263
572 1679 1259 355 1759 476 1120 1025 659 738
185 1371 1073 127 292 1636 1216 501 115 638
401 227 757 593 441 114 147 167 934 297
298 839 469 1205 399 831 491 1655 644 1275
131 1527 122 1025 764 1099 307 680 1022 1682
1591 1054 1612 250 295 1382 1007 571 1716 1087
1129 1526 809 9 176 1460 704 1446 1660 6
1654 1586 1511 1388 1535 1438 1298 22 110 115
1176 815 1466 216 1768 528 1342 1783 1732 94
646 579 13 1227 317 163 533 216 1231 1612
695 477 387 888 1230 215 986 440 782 23
805 820 1120 1022 975 929 1774 1135 907 226
847 779 1779 1730 534 1402 1616 942 425 1478
1231 1224 1273 490 1501 1746 1382 49 901 737
1043 161 1163 1353 1195 192 598 696 368 1418
177 625 931 665 803 1452 1204 173 852 111
918 1611 1130 1138 1090 487 1156 915 1325 1316
935 989 343 1069 1209 967 1543 814 27 1183
90 693 1341 976 290 671 381 575 733 1070
44 41 375 1226 445 480 466 420 1794 1143
1016 1225 802 1027 582 541 579 1181 826 1187
806 92 1400 714 637 1400 1170 18 1719 682
1011 1753 1695 1254 1075 67 789 1719 1450 948
560 1458 977 807 1594 1179 1306 935 301 1273
1694 1559 759 697 1634 1358 800 384 1039 1141
1098 1616 1701 353 977 1027 1746 1689 1006 1187
1545 1267 532 1185 1073 430 1656 302 1071 1380
901 1614 1467 870 886 559 1384 133 459 902
622 507 1258 825 1210 1244 516 1378 330 222
367 1394 1125 50 122 1538 1222 145 1267 1382
1641 599 189 290 1085 650 1479 1088 244 175
191 1086 830 1352 438 1352 46 743 1217 1148
1255 1261 162 1240 1264 952 1623 787 31 369
1048 11 1725 597 702 685 161 161 1077 1666
378 678 646 1360 1109 428 171 1748 973 520
74 50 323 1427 1422 195 24 239 492 1201
1097 1425 1106 1548 1761 1276 376 1030 311 1127
427 108 1715 192 1223 380 168 907 107 919
995 189 13 1554 1584 1440 179 591 454 1125
1556 1354 126 1781 633 92 184 1354 961 1100
1674 1705 647 1764 661 1691 280 17 625 597
1047 681 166 1349 1545 1353 652 1047 624 983
110 1587 151 1564 472 1532 581 874 1301 1549
926 1566 1520 1679 1574 1633 86 1701 1213 1248
467 607 1262 1353 1457 65 806 708 581 1120
274 1456 901 947 1694 741 899 1263 1642 633
1290 464 689 968 482 774 1248 1371 1763 41
1308 1468 526 297 419 1190 833 518 881 1236
807 259 239 133 1641 514 1416 416 1464 741
1648 1620 1272 1098 879 589 126 1416 266 1565
165 1083 1321 14 1224 582 71 247 221 950
1609 82 172 1035 1040 1000 811 125 392 40
1555 1317 386 209 70 1626 1116 807 761 1438
211 750 1137 1683 1618 1401 1467 30 329 820
1670 869 347 733 1105 1475 592 1471 1547 3
1108 333 726 476 637 512 889 1398 1764 1623
21 545 206 361 129 1244 1152 878 1420 1531
1259 799 1322 1216 466 1476 809 1797 600 1040
451 1166 421 91 1312 1482 1419 1382 900 1771
143 807 640 605 1402 1183 39 872 545 1436
236 516 213 688 137 1600 981 196 1482 1398
11 679 445 322 1413 1747 248 1337 696 565
1143 472 608 9 769 189 482 503 1198 802
954 445 796 993 1792 727 642 186 837 1652
1567 44 1034 211 691 400 180 1053 1613 1494
1246 335 866 1227 1459 836 1715 918 946 468
274 1424 1326 437 83 1164 748 1623 736 393
926 944 1762 481 1579 215 999 586 1287 1189
1419 1227 1454 682 496 1597 314 592 335 1413
1431 1096 243 328 963 673 1221 585 283 1505
560 1156 765 567 172 698 1786 467 1329 48
1086 1169 522 248 1725 1736 1637 251 1061 486
84 609 58 447 770 939 1498 1704 1382 1730
1694 1274 1561 1379 606 958 368 824 370 1537
1012 647 1435 766 1026 1736 1737 1582 381 1406
317 1378 1713 858 1564 1663 1267 1305 1105 1756
341 449 1243 1545 997 254 1387 128 210 512
579 320 307 1339 1201 1467 1474 940 1324 582
148 1481 1134 1214 484 861 1171 1168 1163 462
1472 1562 1 1314 396 1409 1485 1300 1370 355
1520 914 996 1433 847 1537 690 1674 343 1074
1412 153 1711 1646 595 842 903 1500 1530 1125
1303 1661 372 909 1182 172 288 212 909 1271
184 1454 1247 1582 659 1671 863 221 442 76
1548 1534 1135 1409 891 29 730 41 272 1687
1276 5 1469 1388 1230 1154 1085 1140 1048 1376
728 14 330 374 523 1646 784 108 1330 134
181 566 258 927 230 1629 377 872 1230 1427
785 678 711 808 382 1212 286 1005 599 1538
204 1417 788 414 512 1103 879 1401 1561 239
1080 1136 273 775 1538 892 761 1506 558 1615
1442 263 260 1518 1543 1756 1442 640 1539 301
1735 702 1746 1068 1271 620 846 7 424 890
754 1189 905 1148 73 1050 1218 865 1449 442
982 755 169 43 201 1068 339 396 789 112
1489 703 529 1069 1202 1209 237 26 16 430
1376 565 1508 432 1238 315 156 912 743 1034
1497 1648 1707 1198 1565 1364 1081 628 582 664
1312 1682 1019 732 1562 1773 146 1020 364 313
1735 780 1295 1171 721 730 589 71 285 1747
1099 974 1103 1384 412 256 1505 1417 243 1087
35 121 573 1762 1504 737 1548 128 1023 923
466 494 538 161 1232 1520 1165 38 740 602
147 1413 765 85 1514 509 1154 1223 813 971
1146 1379 1124 1784 1304 583 912 599 1363 1624
406 341 114 1742 1186 176 984 394 1444 92
476 367 1683 852 820 1544 1277 770 730 1464
92 1748 810 480 1401 1292 349 1756 1419 590
640 1515 813 1229 1798 474 1742 164 1095 289
152 320 919 954 922 1702 429 999 307 1299
1709 786 989 1297 1535 1468 368 81 1253 697
594 1239 1784 1622 1290 896 657 1329 1630 226
1645 1209 323 1418 751 540 857 347 90 647
462 133 1791 779 306 138 1609 1766 472 1004
538 1774 1108 1475 1094 727 1777 662 1059 355
1531 635 1469 787 966 488 1764 275 1790 82
771 655 66 379 1774 380 1085 748 156 874
1750 622 1188 39 1108 1654 601 1762 128 687
43 1536 962 1790 1496 564 590 1797 471 150
710 533 129 24 1740 762 723 594 1789 493
1707 924 1104 1488 1549 337 82 1469 501 1554
1291 972 830 846 576 1046 681 15 106 65
716 1253 1793 305 276 75 1400 166 510 1452
616 674 1239 27 646 808 939 1165 1422 1461
754 1219 1529 155 1159 1790 1220 1427 495 181
646 1545 1273 604 308 368 854 1772 963 342
1255 315 1309 1230 1701 151 426 1545 1236 71
456 811 547 1750 1513 1339 1346 225 348 237
1053 1115 612 394 544 466 1395 99 401 766
1627 871 1377 596 1191 1381 1113 1780 125 781
273 118 1746 53 1132 1623 1392 1052 282 1529
1024 135 1355 1535 104 1117 470 1456 1629 941
751 60 1160 1504 1414 297 937 1104 1195 1015
1566 198 557 350 1334 1027 1130 879 313 1354
1436 1407 1584 1327 596 479 741 565 529 852
1498 995 1016 242 1603 1326 271 377 267 244
980 743 43 176 1589 1751 1607 178 259 720
1607 434 1098 1466 655 1165 1639 1106 1360 1762
1055 635 1374 1009 969 63 582 516 1002 1627
974 360 773 872 30 48 1656 910 63 576
1625 595 1201 201 1588 963 813 1080 96 1181
148 306 413 33 1289 1266 172 789 1134 984
910 145 253 1431 211 241 214 1198 1530 959
718 663 1332 623 908 1010 1141 1524 471 1019
1298 1097 179 1707 715 436 827 1638 1416 1602
845 1308 1057 72 1434 1778 1046 723 257 491
1075 997 1191 1786 145 377 655 648 1480 59
1436 1420 282 213 1144 1301 1102 858 8 1076
247 1287 368 1550 144 108 1193 923 969 386
1283 359 586 928 183 527 1339 694 1631 1366
65 268 577 1385 1674 515 28 1705 1638 675
560 918 21 566 1368 887 183 1181 1576 1270
893 63 93 1346 1669 1658 1380 1012 1414 287
80 1436 17 1353 277 1281 1205 178 282 918
