10
755
1
49
84
0.249744 0.789759
0.487886 0.819036
0.613834 0.0311155
0.374535 0.213417
0.13081 0.00698749
0.0945781 0.855431
0.420263 0.196044
0.356134 0.43414
0.807111 0.612396
0.356439 0.13351
0.851734 0.804297
0.0530038 0.952425
0.799466 0.788243
0.136911 0.198987
0.482848 0.0183948
0.813744 0.82917
0.124477 0.474345
0.0034282 0.853999
0.564471 0.624543
0.439908 0.773381
0.928246 0.0505637
0.471834 0.0853774
0.886823 0.142262
0.126369 0.295233
0.670039 0.662254
0.779155 0.987238
0.0139406 0.779627
0.120575 0.11986
0.423931 0.833697
0.304108 0.95046
0.642623 0.532848
0.841995 0.069887
0.882227 0.0737203
0.108 0.824727
0.0257718 0.0604591
0.414446 0.57696
0.485519 0.538514
0.724228 0.521991
0.369651 0.79024
0.759618 0.0797799
0.852146 0.562275
0.475438 0.5352
0.236839 0.00648034
0.447982 0.575651
0.905004 0.128797
0.237464 0.791492
0.837526 0.716032
0.154062 0.316837
0.0758843 0.391778
0 2 26
1 2 9
1 4 25
1 7 9
1 15 23
1 24 13
1 42 18
2 4 34
2 10 17
2 13 34
2 15 14
2 16 35
2 23 34
2 31 16
2 36 9
2 40 17
2 44 21
3 26 25
3 27 18
3 31 33
3 33 19
3 40 34
4 7 16
4 41 24
5 14 27
5 35 23
5 41 27
6 11 26
6 16 21
6 24 18
6 37 21
6 44 34
7 15 32
7 26 24
8 14 23
8 21 24
8 41 23
9 12 31
9 16 16
9 47 14
9 48 20
12 19 25
12 36 22
13 28 20
13 38 16
14 16 25
14 46 25
15 21 24
15 30 12
15 43 26
16 21 25
17 29 21
17 41 33
18 23 31
18 28 10
18 29 18
18 32 22
18 47 29
19 23 22
19 33 23
20 37 14
20 39 12
21 22 29
21 30 12
21 39 20
21 40 27
21 47 22
22 43 31
23 38 17
24 32 15
24 42 31
24 44 17
24 45 31
25 29 34
26 41 33
27 29 13
29 30 24
32 43 31
33 35 22
34 43 30
35 42 13
36 39 19
38 47 15
39 41 20
344 406 763 173 499 710 650 54 275 617
210 465 154 727 605 260 74 650 716 400
420 552 594 811 176 116 247 28 467 650
669 550 399 752 823 464 770 786 543 78
6 223 662 731 576 232 719 385 528 606
729 156 480 349 325 553 607 438 757 586
440 173 752 110 14 248 825 613 177 115
195 774 32 458 667 357 613 484 460 732
8 678 589 281 577 543 392 214 164 212
452 105 809 261 362 384 256 578 5 230
796 330 801 458 458 255 1 249 151 805
782 333 51 561 443 267 514 451 744 224
331 820 577 518 646 663 675 170 625 782
656 8 427 699 606 333 204 744 194 13
660 318 149 528 360 105 18 634 85 333
24 421 350 383 784 134 117 698 328 116
437 233 563 515 35 481 95 127 156 662
316 599 437 285 719 185 542 169 436 714
75 447 338 329 77 598 130 489 681 36
298 229 629 357 610 220 756 125 392 396
721 540 702 817 770 295 200 629 631 52
567 175 377 352 420 61 776 347 531 296
634 566 30 314 148 173 436 36 768 129
656 836 93 229 302 270 695 55 362 404
162 135 111 526 23 441 48 463 46 654
620 764 579 778 44 674 670 377 165 778
146 138 716 689 775 347 498 155 476 735
121 492 568 33 765 221 189 531 623 496
736 783 496 451 772 768 475 7 406 565
551 133 175 262 240 538 772 313 787 67
423 728 533 444 367 590 153 625 755 597
321 771 576 305 463 509 366 762 694 719
831 292 100 411 96 268 554 42 698 572
146 293 80 533 453 812 535 408 629 175
321 17 228 17 763 392 550 320 649 834
620 447 620 766 54 315 691 550 35 263
717 221 48 131 388 287 567 421 576 264
679 195 241 513 296 683 390 223 564 637
27 680 22 728 219 68 16 714 94 667
184 142 402 513 414 164 13 592 425 256
384 820 489 412 731 426 457 479 440 822
431 816 305 139 523 140 838 367 471 205
338 288 170 324 175 1 777 123 5 486
230 423 506 203 13 186 596 735 822 367
56 417 115 172 786 646 729 302 618 737
134 452 202 340 656 87 114 372 717 623
403 539 245 748 26 12 642 516 749 492
12 815 820 691 674 764 86 508 572 826
353 95 400 761 95 539 749 168 373 495
392 495 817 418 708 229 571 554 649 569
164 448 428 670 233 296 19 648 176 56
61 761 359 290 160 737 545 549 792 698
118 624 251 222 468 437 243 672 283 29
53 602 321 507 44 396 272 604 284 788
259 33 248 648 461 433 124 288 479 146
334 18 68 338 178 404 738 286 429 268
25 577 547 829 128 540 443 92 386 370
778 826 81 231 383 343 86 839 313 529
141 755 83 413 168 553 705 157 32 646
327 605 164 566 587 721 252 628 87 218
529 591 716 337 761 435 582 416 598 422
408 318 343 589 270 584 694 183 266 443
770 513 241 613 664 672 826 1 442 527
703 447 671 364 748 757 160 355 706 628
482 501 345 45 507 709 505 715 522 450
197 551 545 618 360 110 151 439 208 19
173 560 367 736 166 29 453 506 455 95
728 319 201 108 722 78 420 213 494 260
47 477 709 171 457 245 411 211 446 323
221 830 726 38 69 628 76 571 71 675
639 162 212 327 177 61 693 560 697 808
662 410 2 44 370 241 535 439 795 462
223 416 467 606 470 828 604 472 408 795
477 353 595 146 473 162 683 53 310 402
671 165 115 21 388 609 366 255 495 284
695 452 748 691 499 790 180 397 336 834
204 212 651 533 523 559 56 761 343 234
345 400 509 474 50 801 586 82 272 482
474 66 368 133 314 617 365 34 776 398
796 111 762 346 198 193 380 719 391 194
534 519 310 115 650 610 478 241 511 227
28 548 291 780 38 321 441 810 202 43
264 410 245 256 543 125 366 505 108 120
252 389 137 49 94 744 15 219 227 461
