5
507
1
25
40
0.735968 0.424844
0.929208 0.641982
0.356871 0.438269
0.134273 0.16782
0.890462 0.54009
0.53327 0.165797
0.5518 0.0965737
0.498127 0.319657
0.236257 0.177207
0.566327 0.169722
0.831134 0.975857
0.917604 0.375869
0.525528 0.816201
0.955107 0.158744
0.858105 0.329585
0.483636 0.450803
0.24566 0.0572559
0.878062 0.959649
0.339075 0.278104
0.982542 0.837027
0.573259 0.897047
0.330808 0.115826
0.950131 0.280792
0.289273 0.362343
0.20793 0.735074
0 2 27
0 5 14
0 9 12
0 11 13
0 14 9
0 20 12
1 5 28
1 7 30
2 12 12
2 15 9
3 5 28
3 20 31
4 7 28
5 10 21
5 11 27
5 18 14
5 19 32
5 23 17
5 24 23
6 8 22
6 14 22
6 21 16
6 23 19
7 14 25
9 10 19
9 11 25
9 13 27
9 14 21
9 22 27
9 23 20
10 12 22
10 19 11
10 20 18
11 12 28
12 13 30
12 16 20
12 17 25
12 19 32
18 24 9
20 23 20
157 69 1 187 160
134 58 72 157 157
92 131 40 16 18
65 76 73 127 123
182 107 147 112 93
94 43 104 103 76
142 135 162 138 80
42 191 32 174 73
179 189 31 163 103
111 21 24 171 146
21 129 6 187 109
186 45 140 100 120
105 144 31 38 82
88 84 7 105 164
36 141 173 172 147
116 16 93 89 15
125 176 54 92 198
121 101 0 109 142
85 30 43 139 8
144 100 197 139 107
109 21 24 165 186
136 44 175 16 32
90 144 69 169 30
170 119 167 53 58
77 185 19 74 142
105 54 50 23 77
49 167 180 47 169
43 99 97 183 13
122 35 173 51 52
105 133 54 194 182
167 199 170 0 72
163 195 15 87 61
64 115 87 176 184
26 155 98 198 56
113 150 85 88 63
103 78 22 168 99
175 37 72 116 120
43 46 120 56 82
16 100 36 36 69
170 165 37 126 58
