5
1747
0.5
100
140
0.400757 0.203806
0.191011 0.732329
0.723274 0.751336
0.665176 0.83572
0.611145 0.559844
0.923502 0.952536
0.732921 0.993965
0.273829 0.55498
0.506189 0.648727
0.268174 0.880619
0.693865 0.0921616
0.901604 0.0791862
0.514574 0.350822
0.418074 0.626869
0.12105 0.535012
0.834199 0.180648
0.679094 0.94175
0.595341 0.608532
0.0114598 0.769507
0.640192 0.0052477
0.583584 0.112291
0.392691 0.0238517
0.778713 0.776066
0.00633998 0.69556
0.508589 0.168326
0.945403 0.929242
0.658118 0.734269
0.0183608 0.905341
0.932764 0.406833
0.971394 0.15691
0.172645 0.058841
0.218892 0.971168
0.255806 0.599565
0.751332 0.919959
0.486932 0.241262
0.0567468 0.961288
0.191052 0.20452
0.69825 0.0109552
0.106897 0.770738
0.641351 0.987739
0.54332 0.617755
0.339163 0.352213
0.944506 0.0893425
0.916719 0.218537
0.875646 0.818667
0.789196 0.240334
0.71257 0.128584
0.938659 0.295779
0.0911889 0.0550468
0.00728782 0.68105
0.295563 0.301015
0.169947 0.388363
0.270893 0.640358
0.865985 0.201559
0.165648 0.984526
0.725897 0.918034
0.486214 0.557875
0.505364 0.757988
0.596085 0.592426
0.444677 0.847684
0.881317 0.939768
0.835727 0.866155
0.745326 0.157336
0.278858 0.192389
0.949096 0.410414
0.198538 0.313117
0.0864027 0.394143
0.62678 0.805948
0.59224 0.684243
0.0720243 0.548398
0.283823 0.857246
0.817668 0.218333
0.402642 0.625634
0.64313 0.651384
0.307646 0.866511
0.667238 0.180731
0.659075 0.154762
0.69112 0.667019
0.326303 0.3495
0.427451 0.470706
0.631313 0.404284
0.893215 0.720307
0.294743 0.752716
0.205988 0.252174
0.108868 0.35445
0.986315 0.240525
0.59563 0.344738
0.823279 0.256867
0.537593 0.53931
0.617541 0.73524
0.452598 0.43894
0.334422 0.212272
0.72037 0.923419
0.0490072 0.575001
0.169616 0.420644
0.525164 0.517656
0.0619448 0.592851
0.221621 0.191438
0.332536 0.510695
0.413301 0.281197
0 16 20
0 31 13
0 40 10
0 44 34
1 18 13
1 49 13
1 58 29
2 24 15
3 5 18
3 32 29
3 83 32
4 21 15
4 30 31
5 67 21
5 89 22
6 28 14
6 34 17
6 42 15
6 60 10
6 90 20
7 17 23
7 68 23
7 99 10
8 30 24
8 39 10
8 64 31
8 66 30
8 94 24
9 24 17
9 37 30
9 49 18
9 73 27
10 15 10
10 53 12
10 90 17
11 56 29
12 47 30
12 54 25
12 70 16
12 77 12
12 85 33
13 20 12
13 26 17
13 27 28
13 30 17
13 33 24
13 51 18
13 52 10
13 97 14
14 50 12
16 24 12
16 40 10
16 61 11
16 63 28
16 65 34
17 32 24
17 50 21
17 64 25
18 82 20
19 30 33
19 36 32
19 71 13
20 28 25
20 42 26
21 36 14
21 67 17
22 57 19
23 52 19
24 26 11
24 33 17
24 45 20
24 46 14
24 48 30
25 95 30
26 70 26
26 74 25
27 78 22
27 82 20
28 62 13
29 45 13
30 59 19
30 68 30
30 74 10
30 75 35
30 89 31
31 40 23
32 56 16
33 57 17
33 79 23
34 41 10
34 48 28
34 66 28
35 88 34
36 95 24
37 40 11
37 60 13
37 63 30
37 79 19
38 78 16
38 88 30
38 91 16
39 83 31
40 42 28
42 68 25
43 58 23
46 60 12
46 72 22
46 74 29
47 57 31
49 51 12
49 83 14
50 57 15
50 69 16
51 76 35
55 63 32
55 99 22
56 66 28
56 77 14
56 94 22
58 97 26
59 92 19
60 72 34
60 80 18
62 86 11
63 93 16
65 76 33
66 91 18
66 99 23
69 99 24
72 76 18
74 90 10
75 87 11
79 81 33
80 85 25
82 96 16
83 99 15
84 91 16
88 91 14
91 93 20
93 98 20
272 550 263 392 461
389 121 587 604 358
549 160 649 216 499
167 557 636 614 297
202 630 56 495 76
382 488 650 680 226
272 420 407 120 314
279 91 334 213 318
194 289 502 295 4
581 445 282 92 130
16 415 480 683 113
669 22 573 484 578
306 63 647 214 207
545 641 158 336 21
352 374 651 118 213
509 31 31 658 191
441 78 159 418 602
443 362 150 336 533
306 680 71 581 607
16 334 173 10 245
12 62 389 139 256
552 173 638 237 546
182 207 332 266 311
163 299 474 244 466
679 436 438 95 557
60 560 69 334 319
628 516 485 364 189
38 304 500 410 436
426 262 372 92 642
602 572 254 438 425
466 621 671 662 589
277 200 276 76 50
630 632 636 385 427
558 185 263 541 326
44 546 19 445 574
42 225 56 195 419
503 168 511 473 520
311 158 425 43 621
508 296 126 566 196
178 688 670 412 267
197 271 303 672 469
540 29 318 453 326
284 111 156 552 222
344 451 355 355 127
459 407 302 50 76
14 61 93 489 214
286 180 316 545 543
93 287 250 547 86
407 500 237 342 123
577 643 311 28 396
204 603 142 282 109
496 271 269 214 323
147 471 485 334 431
256 455 454 108 47
230 453 283 578 381
340 45 594 499 43
150 58 556 115 132
105 412 30 5 461
228 670 397 550 407
238 580 565 242 576
157 349 597 310 682
408 690 659 322 382
384 571 286 595 443
95 313 491 548 429
224 515 323 203 621
468 26 409 457 468
574 535 89 253 130
390 670 183 414 474
265 88 499 242 48
606 55 548 530 442
2 508 635 138 503
675 113 357 7 584
488 225 688 684 515
540 66 535 472 263
621 513 70 661 444
329 173 263 654 128
671 282 234 477 552
371 338 538 450 632
420 411 339 295 421
159 98 410 581 20
56 429 513 660 423
158 350 390 188 78
135 600 520 262 372
244 350 178 529 130
302 536 16 523 327
405 619 506 239 578
344 560 438 186 383
275 63 11 167 301
419 99 337 158 618
152 10 420 122 350
506 541 572 79 558
49 285 137 334 379
596 2 611 594 442
136 200 593 181 470
670 314 31 438 233
589 312 541 156 121
267 279 103 584 679
255 250 286 645 75
453 122 65 637 504
534 309 615 197 19
299 8 534 15 193
520 487 166 438 516
514 641 194 346 570
115 647 401 157 432
317 667 165 275 443
669 521 78 209 156
638 199 212 273 105
476 146 550 516 97
534 121 199 535 421
6 300 173 46 120
465 100 220 551 52
620 456 30 521 221
139 165 30 253 347
416 97 43 254 647
417 191 229 421 683
250 149 410 316 326
565 108 393 106 533
433 69 413 602 242
506 696 659 582 20
414 495 4 590 133
647 204 580 425 526
511 302 107 246 667
206 103 664 480 535
453 450 414 668 295
306 8 288 217 100
528 518 461 602 648
142 353 37 303 154
244 605 178 593 235
140 42 667 178 643
406 92 416 87 376
247 430 437 116 569
515 568 270 522 40
1 698 588 246 223
588 36 250 510 233
96 577 653 577 399
144 422 90 511 206
624 586 352 522 216
107 100 385 516 673
197 628 243 27 508
670 497 6 559 265
