10
293
1
49
48
0.794504 0.0639235
0.0906388 0.678251
0.425841 0.560036
0.535479 0.456553
0.755303 0.833025
0.125698 0.434267
0.189746 0.378448
0.59522 0.834697
0.483299 0.61643
0.405219 0.639394
0.971731 0.768872
0.949455 0.707109
0.0491534 0.815978
0.423218 0.94417
0.281529 0.319803
0.463158 0.289154
0.973895 0.0978204
0.298252 0.0174693
0.437569 0.28561
0.0646902 0.641962
0.338149 0.392293
0.0721588 0.0499706
0.532693 0.208931
0.171931 0.404079
0.360433 0.409831
0.162495 0.0807807
0.706388 0.275611
0.944572 0.885659
0.812826 0.68298
0.625678 0.775577
0.247115 0.941468
0.863051 0.288659
0.566611 0.353591
0.441553 0.978027
0.2769 0.458756
0.294084 0.524455
0.474134 0.7675
0.149828 0.273535
0.31927 0.508766
0.61766 0.375815
0.480942 0.556824
0.0723484 0.687346
0.0541537 0.157257
0.758433 0.596268
0.945075 0.926051
0.650709 0.281824
0.52076 0.483858
0.206853 0.0335211
0.109541 0.915649
0 8 22
0 40 22
1 40 28
1 46 30
2 12 27
3 11 29
3 19 33
3 34 18
4 17 32
4 27 13
5 14 11
6 13 17
6 22 24
7 34 23
8 27 33
9 45 17
10 29 24
10 43 15
12 35 17
13 23 18
13 29 14
14 32 20
14 33 11
15 29 11
15 30 15
16 39 25
18 25 19
18 41 26
20 36 10
21 38 17
22 44 29
24 29 19
25 36 22
26 32 10
28 45 11
29 34 25
30 42 14
31 40 27
33 39 12
33 47 17
34 45 26
35 39 23
36 37 23
36 45 12
36 48 26
38 42 19
39 40 10
45 47 31
393 140 71 225 434 281 262 433 127 251
475 14 334 61 200 2 198 154 193 199
379 129 4 2 376 318 56 351 182 307
19 176 270 123 100 205 360 455 67 326
160 319 14 305 154 140 46 56 136 477
397 155 290 301 200 323 457 245 337 381
324 359 397 258 11 204 376 66 93 418
212 73 104 151 229 458 78 325 474 36
452 19 247 461 405 229 459 39 367 387
472 180 323 384 386 270 165 418 452 360
333 474 3 290 122 427 391 431 155 329
178 405 339 67 411 72 167 123 289 455
339 349 455 454 377 23 284 291 26 92
4 247 68 450 411 116 414 138 241 454
22 438 467 27 225 337 152 181 151 466
420 315 397 276 124 109 22 208 21 381
128 125 67 254 237 135 5 35 214 7
228 66 164 478 455 165 234 179 276 327
243 440 475 25 201 283 331 27 407 75
446 150 352 224 190 76 369 140 376 156
265 47 395 344 88 441 425 38 297 279
49 27 347 50 195 406 275 102 377 133
275 395 84 158 271 458 171 19 472 431
367 177 344 318 362 138 307 276 234 47
320 78 264 71 317 50 117 18 418 299
476 206 447 454 90 73 138 437 413 336
164 285 335 49 132 410 237 473 62 250
190 182 417 2 33 303 1 149 42 17
294 110 98 73 469 64 94 301 129 135
89 23 306 409 129 100 177 208 180 141
157 177 102 262 223 257 64 208 464 197
422 30 109 191 378 289 224 384 240 329
458 464 150 12 189 3 141 34 404 119
60 83 426 340 347 383 221 179 244 308
47 405 169 229 312 349 114 349 129 84
188 316 421 58 303 117 390 151 236 363
407 49 428 111 286 396 316 210 473 128
40 300 15 216 154 174 374 403 397 153
260 334 169 184 98 401 6 252 476 86
417 195 25 208 166 215 460 300 334 142
431 420 448 134 260 132 45 0 164 446
384 425 473 5 69 185 127 149 103 122
130 151 32 86 92 141 80 431 379 349
43 261 459 469 255 60 433 126 9 60
126 223 129 110 288 181 431 467 143 95
146 296 306 52 475 190 205 309 281 163
270 465 150 122 473 262 79 346 182 123
459 330 277 321 93 6 239 390 284 472
