10
1180
1
100
140
0.0105876 0.175372
0.785303 0.580112
0.977102 0.489595
0.0714665 0.428853
0.148202 0.288842
0.36705 0.634945
0.00618612 0.321913
0.0387487 0.579184
0.0713323 0.0291008
0.503377 0.244648
0.831978 0.232162
0.586432 0.533352
0.492623 0.715576
0.999528 0.156672
0.931629 0.509227
0.461637 0.664744
0.721058 0.741637
0.885157 0.00838915
0.703787 0.722576
0.6726 0.111813
0.556553 0.932471
0.138967 0.793242
0.181767 0.741603
0.12653 0.0795777
0.169903 0.223947
0.432796 0.0890242
0.0793582 0.364305
0.0327499 0.93481
0.529609 0.766638
0.32153 0.665521
0.48166 0.142738
0.325337 0.45856
0.0757162 0.640179
0.508773 0.00768058
0.57077 0.456084
0.331928 0.221066
0.43798 0.412832
0.314122 0.845553
0.198228 0.916672
0.994903 0.735193
0.360845 0.16537
0.258806 0.630947
0.464752 0.112943
0.234749 0.519807
0.97384 0.0935555
0.484312 0.639788
0.884194 0.21386
0.957256 0.944512
0.899001 0.628345
0.723371 0.937597
0.478183 0.292925
0.682886 0.400818
0.558301 0.101066
0.769886 0.245961
0.34762 0.465337
0.10535 0.940698
0.0090778 0.0194717
0.763421 0.560097
0.592677 0.81918
0.431385 0.277481
0.572657 0.682937
0.718769 0.386067
0.741988 0.42728
0.550937 0.649343
0.471003 0.212777
0.190789 0.461952
0.854706 0.933129
0.809983 0.202958
0.22615 0.670964
0.152074 0.680654
0.464431 0.563367
0.498795 0.71428
0.467883 0.461241
0.251342 0.520551
0.757379 0.931143
0.44329 0.263856
0.690543 0.41076
0.481116 0.42617
0.896154 0.821868
0.736897 0.639736
0.691023 0.681459
0.51716 0.174742
0.336404 0.54912
0.803487 0.300759
0.96805 0.462197
0.705024 0.598739
0.952873 0.954274
0.292243 0.977379
0.230797 0.409496
0.540962 0.937839
0.95425 0.47791
0.892942 0.889925
0.924409 0.0163224
0.703773 0.289194
0.295091 0.94214
0.857807 0.615363
0.0754196 0.146803
0.592892 0.793724
0.790931 0.0568491
0.204828 0.858396
0 24 11
0 38 13
0 70 32
0 87 20
1 14 10
1 42 23
1 47 12
1 63 17
2 61 18
3 89 33
4 42 22
5 7 23
6 36 31
6 82 23
7 15 30
8 50 29
8 54 20
8 73 13
9 29 13
9 53 19
9 62 17
10 70 26
10 72 26
11 23 33
11 68 25
12 19 13
12 26 29
12 54 10
12 61 16
12 82 11
13 49 20
14 18 16
14 28 28
14 49 15
14 53 11
14 71 31
14 79 14
15 32 27
15 88 16
15 93 17
15 98 23
16 17 12
16 35 28
16 36 20
16 50 17
16 77 17
16 81 14
17 49 11
17 77 29
20 65 26
21 35 14
21 64 23
21 87 11
22 27 11
23 54 16
23 71 26
23 77 25
25 27 28
25 34 10
25 43 14
26 89 33
28 76 11
28 88 21
29 45 12
29 77 11
29 97 19
30 57 20
30 73 16
30 78 29
30 83 23
30 98 22
31 57 31
32 63 34
32 64 28
33 39 34
33 41 18
33 46 27
33 91 27
33 96 31
34 65 27
34 69 30
34 73 23
36 56 30
36 65 17
36 67 26
36 85 19
37 56 22
37 72 11
38 97 28
39 61 20
40 51 23
40 55 18
40 62 27
40 76 23
40 93 24
40 99 11
41 63 21
41 76 31
41 81 18
42 74 21
44 83 12
45 85 16
45 88 18
45 98 22
48 64 30
50 69 23
51 71 13
51 88 32
52 65 26
52 67 18
52 78 24
52 96 34
54 80 24
54 96 19
57 97 12
58 99 27
59 60 10
60 69 30
60 87 20
61 71 16
61 75 19
62 91 11
63 90 29
63 91 24
63 94 18
64 86 34
64 99 19
66 80 12
67 72 24
69 89 27
70 88 17
72 99 19
74 82 30
74 84 15
77 88 18
80 90 19
81 94 16
82 96 18
89 92 27
89 95 22
551 55 1367 107 309 1337 648 482 418 748
1137 3 281 982 531 1206 988 950 801 980
1072 1004 684 760 1259 214 281 1191 752 452
523 435 794 1359 824 961 293 877 593 930
761 508 1016 431 308 59 221 357 860 1025
727 507 570 872 225 1218 1273 948 190 419
1255 569 211 1242 320 362 1060 994 1034 1015
458 466 1171 161 993 1157 245 1269 1280 611
383 429 678 613 1201 930 596 567 504 164
718 1324 795 762 822 1104 816 34 970 641
341 391 153 1166 634 512 644 717 563 1305
1195 174 8 1073 910 1110 1187 636 995 1229
851 159 499 480 230 196 1172 606 1104 545
299 1039 559 514 1336 1368 273 935 478 1244
471 660 131 440 1019 755 828 482 587 635
42 129 897 1153 795 1275 834 519 880 861
535 289 1290 876 1008 1296 1226 95 1149 281
1213 377 1148 64 912 325 746 1232 1110 414
276 983 268 264 459 841 357 539 255 60
482 475 132 1328 652 71 1238 67 391 1193
451 120 305 294 462 587 1017 854 278 188
934 169 428 1077 246 566 492 749 989 257
726 797 460 1074 248 343 148 1368 23 1166
807 1198 1173 376 679 1096 1292 1236 130 513
740 351 1010 752 609 849 600 289 1028 789
438 1045 764 1246 102 1087 451 322 133 768
418 207 899 503 30 10 1056 376 343 582
1274 933 637 1027 952 616 1000 733 897 1326
1377 1397 610 499 182 1106 927 1264 95 1013
729 1332 110 86 549 296 1337 796 652 637
590 875 1059 86 509 946 800 109 561 746
715 116 831 946 1165 1241 1346 886 954 434
226 1129 166 518 67 214 1021 852 1211 692
652 880 61 692 1053 27 876 112 111 752
455 820 784 372 936 1219 328 470 565 1314
346 14 752 846 1331 959 511 741 1318 139
695 916 319 346 231 221 909 1376 1204 1125
30 1321 418 1211 251 2 476 847 911 606
935 102 619 986 850 1271 577 963 113 966
991 215 1124 269 745 1080 556 51 469 653
1047 858 212 979 4 268 1014 354 1164 922
168 925 1280 740 306 326 1057 1178 652 1015
1260 391 468 924 1311 370 635 22 143 1098
668 648 131 901 978 971 356 1202 150 846
538 409 104 1005 221 817 440 908 1231 0
17 770 1085 1130 1281 192 1323 828 980 1394
722 1129 221 429 595 111 64 1120 1388 1088
656 1394 726 788 568 941 865 640 788 1150
686 811 238 666 948 215 205 1339 217 775
205 1241 347 548 427 1389 237 259 736 1309
647 206 1011 451 603 514 242 995 187 683
1176 437 1278 656 1125 1242 154 1288 329 427
351 819 1238 1389 605 1124 1147 1275 251 594
63 1044 498 799 1085 1323 1290 1168 1013 1
228 93 703 353 418 1385 194 738 964 248
236 613 956 276 444 934 700 1193 711 1106
1331 1277 984 563 633 928 464 1022 1365 1023
526 467 241 1290 323 690 10 1186 837 1047
1085 374 610 202 850 1099 1102 1042 325 808
40 422 1048 59 118 1166 989 960 910 1397
799 479 25 286 65 170 876 473 1305 1245
965 257 554 984 377 990 751 654 1003 719
512 95 1386 1077 1150 1353 964 535 465 519
604 764 399 91 146 1379 718 760 877 1370
429 633 1129 28 118 605 671 634 272 458
1171 1194 668 1056 670 472 543 214 1006 21
820 1391 1229 787 618 891 963 960 688 1040
1143 135 720 858 269 786 1150 800 100 367
1389 938 572 232 1243 630 785 841 1071 14
1090 466 584 1221 802 540 1103 443 1377 791
304 289 1223 341 51 334 193 96 121 411
386 937 150 635 286 938 268 750 104 93
1054 1162 780 869 49 1179 246 379 95 1283
111 186 824 397 285 930 1211 1369 816 738
1266 551 1295 31 1048 1277 17 82 49 572
325 20 669 571 1268 1089 531 1057 210 1117
1035 143 401 147 492 335 1275 715 411 1033
352 1266 155 495 1 821 667 64 64 265
1154 1185 88 1112 617 998 327 739 266 951
12 797 484 825 1202 622 357 280 829 293
822 1335 379 1073 324 253 1109 65 132 119
1200 332 801 669 455 47 1358 684 102 1080
1103 24 190 493 621 1364 181 541 759 346
1280 215 98 171 95 812 118 1132 15 81
1048 1248 516 1029 268 1003 626 126 1215 15
666 629 1271 18 245 38 1105 515 308 251
115 196 618 472 920 1343 226 658 1094 40
159 972 53 870 549 482 334 924 103 674
1194 745 425 258 807 822 663 177 1264 673
722 684 1284 1092 1126 109 1189 1209 1387 780
475 252 116 1105 1143 1279 605 334 134 602
781 1053 1113 393 1037 801 440 715 963 302
748 827 927 141 862 548 1275 41 69 904
1226 1372 479 152 607 1396 261 1123 1139 948
786 283 577 195 219 1278 938 936 17 1198
54 212 654 59 822 1202 1062 26 1325 918
791 305 150 528 1384 1265 1317 1331 33 635
525 979 918 865 776 6 1061 814 1207 926
773 1186 1263 209 934 1055 122 437 254 1126
894 1357 1180 729 747 1301 339 1093 74 508
302 343 1358 1197 1378 318 520 1235 304 1103
1196 511 410 1167 821 241 1068 450 87 882
299 1077 646 1127 587 82 804 738 253 116
1287 610 364 1278 729 1357 1131 1334 1094 221
950 1323 1077 1224 120 621 294 109 597 290
1161 640 134 164 560 703 1211 474 284 1354
1345 337 366 676 880 450 5 1256 11 243
314 1300 589 609 286 645 1033 1180 323 799
191 1272 61 530 1232 12 546 1123 118 118
941 303 898 1133 90 1078 1362 1279 507 392
1244 1288 562 1290 298 98 350 542 291 772
597 1271 458 1126 953 1039 937 733 241 440
446 232 955 1346 81 432 732 739 796 495
562 671 1246 716 377 1168 1190 302 741 1379
529 783 36 190 948 1279 646 852 1203 1366
414 830 859 731 687 819 1263 630 859 1272
1279 69 996 791 254 115 133 1210 1137 984
361 1193 91 1065 984 380 900 891 95 709
344 213 1192 1075 1231 118 1110 823 1114 235
897 124 7 1160 383 1048 870 204 881 917
539 583 218 1050 725 189 666 68 1087 984
1164 1371 1391 897 445 1385 658 110 969 1112
1359 488 319 1257 729 617 1232 361 437 14
1167 228 688 758 538 286 1110 591 914 542
941 973 563 581 614 168 527 543 86 1162
330 205 541 1230 953 536 771 356 589 516
448 266 675 876 570 755 423 527 741 1283
56 180 295 1115 199 487 1010 693 6 289
676 10 1293 1122 228 583 1070 75 422 284
647 889 870 523 316 1032 361 967 659 591
242 995 937 1350 661 139 46 1203 1324 561
462 413 555 987 142 503 252 411 50 488
31 1066 972 914 883 1295 97 88 305 809
1024 215 1102 367 1332 841 316 980 380 856
679 905 1268 247 442 942 433 971 438 1098
1292 1308 1231 1112 403 570 51 856 531 948
76 1012 1273 1004 982 415 104 728 521 269
359 1351 1183 706 60 615 1398 236 888 440
1228 71 519 1255 847 965 97 954 1113 1261
463 300 536 1083 187 590 1283 772 1326 252
