10
424
1
49
48
0.870481 0.333056
0.553508 0.236234
0.710035 0.372395
0.909388 0.176187
0.69718 0.369466
0.985481 0.641103
0.529623 0.396028
0.989017 0.0789866
0.551678 0.934224
0.409324 0.0912249
0.162213 0.459538
0.948459 0.0788776
0.951651 0.885586
0.400233 0.100741
0.841022 0.907264
0.407361 0.724111
0.536822 0.778305
0.871225 0.352048
0.371681 0.591026
0.147531 0.486089
0.432905 0.65777
0.702096 0.782378
0.960419 0.622602
0.838326 0.58254
0.248443 0.930971
0.389042 0.619008
0.205767 0.393771
0.370365 0.804861
0.0173048 0.184628
0.149317 0.497181
0.558988 0.370547
0.956839 0.963307
0.595089 0.702683
0.00116887 0.158925
0.703744 0.708623
0.618564 0.0707306
0.501521 0.284366
0.168095 0.401965
0.304609 0.667841
0.975892 0.57091
0.681321 0.33969
0.592167 0.815006
0.60863 0.114638
0.365516 0.0546329
0.561933 0.579251
0.596408 0.743199
0.968901 0.25761
0.719936 0.588628
0.972121 0.0266466
0 15 33
0 30 22
0 42 19
1 18 13
2 22 18
2 30 11
3 16 26
3 41 22
4 6 12
5 47 19
6 10 26
6 37 26
7 32 28
8 11 28
8 23 20
9 35 15
9 40 19
9 47 22
10 25 16
10 32 31
12 21 18
12 36 32
13 47 23
14 36 24
15 19 18
16 26 23
16 29 27
17 41 20
18 45 16
20 33 31
20 35 13
21 44 10
23 43 33
24 30 22
25 30 12
26 28 13
27 32 16
28 38 20
29 30 29
31 36 32
31 42 25
32 39 27
32 46 26
34 38 28
35 46 25
39 45 27
41 43 16
45 48 27
155 241 443 300 46 248 162 340 356 306
252 51 109 203 267 315 365 51 247 451
438 321 257 309 166 94 444 369 228 393
216 289 398 341 319 355 375 385 327 33
391 9 100 328 79 327 267 333 362 339
257 203 75 375 309 68 277 166 239 205
172 293 204 8 29 172 51 303 357 221
361 223 119 82 318 256 402 298 277 285
90 174 309 243 184 171 448 462 252 338
212 451 97 163 389 158 99 20 24 212
7 219 33 361 461 196 310 418 421 359
59 410 246 168 21 421 14 455 348 233
389 464 181 6 296 163 160 187 99 102
37 216 131 118 388 293 300 446 404 20
95 365 128 238 311 178 215 242 376 469
250 305 342 48 458 270 199 225 36 408
288 168 447 41 164 336 324 17 444 421
243 149 211 125 137 445 184 133 278 186
457 106 96 343 37 348 203 446 27 323
231 151 201 130 417 215 285 246 363 135
437 408 173 455 1 145 69 372 423 293
3 430 263 119 249 405 233 379 414 205
294 68 414 25 133 471 276 196 190 21
57 472 20 193 40 190 346 442 125 425
398 110 455 174 337 162 148 343 331 52
354 161 180 226 212 86 3 353 161 438
448 349 152 154 125 421 388 232 344 219
265 48 322 68 57 307 121 363 269 96
118 247 121 145 10 346 263 316 479 49
215 86 51 359 190 275 333 383 316 218
53 317 162 75 319 133 418 398 95 303
14 301 434 68 180 270 259 213 409 206
156 474 122 467 94 280 462 95 425 156
39 106 296 404 214 355 309 123 164 104
151 199 203 196 107 163 236 36 158 389
461 390 299 324 189 273 9 304 328 274
186 144 37 95 84 353 32 135 191 366
81 45 184 283 395 474 421 149 131 289
155 417 99 18 254 180 151 117 469 231
288 93 350 150 233 331 322 17 303 422
144 346 176 423 302 179 161 55 131 43
225 389 430 439 116 124 173 63 335 189
236 299 349 230 473 111 461 147 209 95
265 233 390 186 388 95 478 60 479 468
162 10 405 103 361 421 350 343 165 156
398 191 476 181 377 348 374 417 330 375
314 383 211 165 138 479 390 304 397 328
249 472 46 195 394 52 149 349 221 221
