10
1472
1
100
180
0.227616 0.701018
0.271638 0.948297
0.0285162 0.330259
0.553438 0.731176
0.48303 0.46767
0.307174 0.601105
0.756074 0.127657
0.154856 0.927804
0.638189 0.582267
0.418936 0.315465
0.0057058 0.592662
0.142022 0.338711
0.0143122 0.0661028
0.3845 0.769509
0.146856 0.699351
0.0884343 0.529233
0.926605 0.693143
0.0143768 0.381123
0.135456 0.765163
0.0938338 0.620285
0.823639 0.789862
0.655132 0.901159
0.110097 0.649463
0.433901 0.92927
0.542961 0.52836
0.185824 0.0132489
0.764584 0.1766
0.869386 0.309729
0.842919 0.895073
0.38883 0.41142
0.723267 0.361316
0.470221 0.860579
0.836041 0.411126
0.172868 0.593858
0.576056 0.906846
0.671869 0.583383
0.437337 0.564243
0.189153 0.23601
0.918917 0.668068
0.470372 0.0757844
0.195474 0.95558
0.6846 0.422084
0.761405 0.91798
0.849442 0.0612749
0.0423837 0.675583
0.0320069 0.579232
0.943272 0.0350351
0.97869 0.043953
0.596951 0.337801
0.305566 0.779213
0.34733 0.861199
0.0987763 0.862107
0.902773 0.52812
0.255867 0.212975
0.211397 0.546592
0.870158 0.36994
0.116192 0.482537
0.114754 0.681546
0.475559 0.329367
0.191835 0.993718
0.323785 0.203215
0.92517 0.393593
0.00880512 0.305331
0.547021 0.4104
0.101556 0.765411
0.266977 0.852147
0.500746 0.848339
0.842903 0.202118
0.113334 0.21606
0.570265 0.771764
0.402707 0.370021
0.746759 0.417283
0.12395 0.97948
0.480336 0.457794
0.388163 0.807746
0.284709 0.207271
0.676576 0.0739937
0.784948 0.738281
0.0294937 0.0398385
0.699354 0.20083
0.25562 0.937824
0.437127 0.535429
0.243896 0.0824051
0.0219419 0.057411
0.666812 0.702147
0.555939 0.44464
0.422888 0.454805
0.476723 0.333352
0.804486 0.0698834
0.483482 0.798971
0.492164 0.424497
0.727085 0.481441
0.530709 0.0979952
0.171759 0.208565
0.420932 0.465543
0.884161 0.3541
0.240865 0.429629
0.308454 0.188012
0.666007 0.0947692
0.418421 0.33603
0 63 23
0 66 19
1 35 28
1 44 16
1 45 17
1 51 12
1 57 11
1 78 17
2 82 15
3 71 14
4 40 20
4 44 31
4 76 14
5 10 21
5 18 12
5 45 19
5 71 31
5 89 12
6 34 13
6 39 20
7 99 19
8 38 20
8 70 17
8 73 11
8 82 28
8 88 12
9 19 23
9 22 22
9 33 17
9 45 27
10 82 17
10 96 17
11 60 13
11 94 20
12 25 12
12 87 33
13 15 21
13 19 21
13 72 18
14 31 23
15 31 27
15 60 17
16 73 32
17 50 24
17 59 13
19 66 29
19 82 11
19 85 33
19 87 27
20 50 34
20 70 30
20 76 10
21 52 18
22 87 26
23 37 17
23 41 18
23 43 29
23 55 31
23 68 23
23 80 13
24 29 11
24 32 21
24 71 14
24 74 11
24 75 18
24 96 21
25 48 29
25 50 11
25 87 21
25 99 16
26 66 19
26 69 14
26 81 23
27 36 31
28 79 10
28 89 25
29 34 13
29 45 25
29 68 19
29 78 25
30 31 18
30 36 20
30 49 30
30 66 16
30 74 24
31 38 32
31 53 15
31 61 32
32 36 28
32 73 25
32 84 12
32 90 24
33 69 28
34 72 32
35 38 17
35 55 14
35 67 12
35 73 14
35 74 20
35 89 13
36 40 17
36 44 28
36 61 34
36 98 16
38 91 14
39 43 27
39 65 14
39 71 20
39 75 13
39 97 11
40 89 20
41 53 30
41 73 14
41 75 28
41 89 14
42 61 12
43 79 11
44 59 11
44 89 31
44 94 27
45 53 16
45 54 13
45 66 33
46 85 27
46 90 32
47 71 16
47 79 20
48 55 19
48 86 12
49 57 13
49 68 14
50 76 23
50 78 22
50 88 32
50 93 12
51 66 28
51 81 24
52 90 29
55 90 27
56 69 32
57 70 20
57 73 26
57 89 26
58 78 32
58 79 16
59 86 16
60 68 15
61 66 30
61 76 18
61 84 18
61 91 14
62 82 17
64 65 12
64 90 28
65 71 34
65 86 11
65 89 15
65 98 28
67 86 30
68 74 19
68 81 23
69 82 23
70 93 16
73 75 14
73 88 23
75 79 29
75 86 10
76 86 18
77 85 16
77 92 18
77 94 26
78 99 28
79 99 20
80 83 17
80 99 12
85 97 17
90 98 12
91 96 34
93 97 10
94 95 33
788 882 462 1190 416 1545 1326 414 838 1194
873 635 1403 566 506 1717 897 987 1147 438
1087 472 1284 475 1339 496 339 540 762 769
96 461 280 321 1528 1358 1599 1520 553 765
870 858 1065 1546 902 1782 936 989 1769 102
676 89 1695 1346 46 1268 1240 1565 751 550
1035 652 633 236 225 943 447 1613 776 434
1776 1542 119 512 15 415 1704 398 788 77
126 459 1232 1526 544 1297 794 1131 1320 384
737 1325 346 1446 62 1304 1174 1558 565 1768
1725 1089 1016 494 879 1476 1623 387 160 837
1578 270 1756 1099 1563 1652 810 636 119 659
602 529 1471 1225 494 1565 797 1341 604 920
993 953 190 1443 1422 349 1547 594 148 701
484 475 1216 1757 239 1500 1114 1709 784 686
940 1453 1253 353 1212 1486 1471 586 1414 807
345 1554 812 468 541 430 734 158 1147 679
1504 866 1551 443 919 1073 634 667 344 533
701 229 283 825 79 769 1186 657 618 1281
1045 811 249 1116 1160 1094 572 477 1734 651
377 926 877 1512 157 1455 73 285 160 1305
16 1207 680 1797 182 463 1446 94 1523 942
108 186 1229 475 1335 1502 470 55 1026 1778
1252 1462 793 1392 289 503 433 728 625 470
1569 1511 1744 1283 1232 82 1612 203 9 1315
1171 963 835 1458 176 1222 935 1351 311 1506
1252 622 1584 1790 902 1256 763 1768 450 1627
1144 683 1162 631 1529 1519 894 943 1703 529
1471 1499 405 889 78 237 1799 442 19 1635
1075 1350 354 613 3 152 871 449 192 1190
1062 183 155 244 1620 1196 505 1513 121 1572
668 44 695 481 1372 4 383 639 1510 210
1031 863 1404 1135 1008 125 372 1003 1437 1237
962 886 1476 1619 315 980 1289 1362 906 1526
781 1123 1413 1299 334 1692 1017 1640 594 1133
1514 1490 1239 39 1483 885 1202 294 0 63
1527 856 21 1764 1340 845 426 904 304 1680
1694 1221 1543 515 651 1403 1796 823 106 1476
1437 1538 441 13 1124 866 1474 375 588 1701
1771 1418 1204 343 1657 1113 1561 312 612 323
17 1415 849 1029 1374 1001 1477 408 1055 717
720 1542 986 1457 52 354 704 1022 755 1778
1311 727 46 241 127 1452 157 933 464 698
704 306 500 1146 442 337 1603 288 296 1790
1160 1026 673 391 1243 510 665 27 1761 1607
651 677 850 1060 1458 247 177 1654 1690 1456
105 1325 145 1027 219 784 1786 1008 428 134
1323 1134 144 1676 1194 543 669 340 79 68
1202 142 936 855 707 917 798 1747 1168 1221
61 514 1039 643 430 274 1044 612 452 423
1034 1657 798 552 495 1424 208 441 1047 437
654 1255 102 700 658 1603 1258 1379 1739 1755
596 778 873 500 201 618 236 647 753 37
1081 1379 931 1551 779 631 1219 1073 1201 1077
1141 1688 317 1304 1278 847 241 1641 125 1714
703 1792 1542 764 1604 1026 1186 1228 1128 117
1013 82 169 74 1549 856 708 235 1190 910
1003 1608 1640 1074 1190 232 579 680 341 249
1349 312 690 579 84 513 677 732 1309 563
266 1333 343 1448 1081 833 537 1236 1535 1516
845 1408 331 666 1496 497 962 737 1246 1345
1068 1257 836 1156 1165 238 1134 1097 342 1085
1113 821 1376 1559 146 1100 349 1353 1368 1071
929 1284 459 282 784 904 1383 580 1335 674
1636 1618 512 1784 1417 1093 1163 521 1233 1360
1310 1591 968 71 1652 273 453 640 1138 1083
786 373 746 27 1470 1539 1249 1159 1380 1628
261 1329 1772 667 232 888 1201 270 278 1250
486 354 331 1136 1423 108 1524 604 1273 1631
747 991 726 86 1394 412 374 857 508 1544
1529 1452 1115 1080 655 738 1370 429 1748 591
1389 120 480 1568 1053 828 968 1238 1614 1165
107 463 1317 1494 712 1308 1279 1203 141 879
389 341 196 940 200 28 1137 32 861 129
28 186 539 1734 503 1650 476 40 736 1232
226 536 407 619 30 30 163 1692 1615 1052
350 122 771 1428 391 242 368 498 1519 1666
1126 713 385 1080 1543 675 1792 1295 1560 1370
483 1763 1306 946 301 833 377 284 5 561
1242 137 1398 548 52 555 387 244 560 209
622 1459 130 1752 477 1514 345 546 174 82
385 1586 1088 479 990 66 881 933 381 141
854 607 1609 99 1588 621 889 1048 1769 1094
1481 12 74 1766 899 1319 1258 917 1285 466
696 1770 1265 1353 1177 1617 1134 1753 1027 1590
223 1600 1232 736 1438 1358 43 1532 916 584
1356 42 80 1528 505 881 1344 1696 1250 538
1362 819 1349 453 1205 139 1187 1101 1470 749
241 1022 1109 895 831 514 1186 1740 1021 479
147 1553 1670 325 894 800 424 1701 697 821
853 193 1149 685 226 1130 1632 152 274 844
673 705 1559 1089 1493 225 1046 845 343 636
297 1082 1721 684 1077 1389 607 160 1436 1711
291 800 1697 677 658 1115 351 313 1223 385
1155 1120 1493 760 635 32 536 1441 546 1501
55 936 411 1566 1608 941 18 1547 1779 633
1513 505 1251 1663 924 1122 882 1507 937 609
45 378 690 1685 524 1470 301 1123 446 478
1036 195 530 1084 28 223 34 1556 1099 830
140 96 1261 1186 884 1501 1111 642 1004 877
123 1766 1215 32 898 75 1146 1623 1316 1551
160 1701 788 1372 1512 1253 1218 31 108 1149
1037 792 526 491 877 1066 1349 929 556 1324
360 1767 1532 964 1665 67 1644 575 70 730
445 237 392 1733 469 840 875 1139 368 650
1610 1063 1276 1723 925 1322 910 727 1632 87
1367 1423 620 1463 641 1108 122 369 1140 888
623 1000 1099 1728 850 314 562 430 43 794
1746 1637 1416 1568 740 1211 1028 1456 636 421
155 1553 100 1736 1167 504 119 1299 478 666
1350 469 356 993 326 1159 650 156 939 633
785 1062 946 795 257 186 783 27 737 612
1192 332 269 1574 1631 1452 1280 258 625 1
940 1751 1194 675 1585 379 1072 120 568 1597
868 868 838 1663 675 209 1062 1105 584 1720
1277 1732 991 1793 1153 92 794 1474 1615 1137
1195 397 775 895 1640 773 584 595 1652 937
1121 737 1060 1161 351 169 1639 1268 716 1529
343 1026 516 719 860 550 531 600 1392 781
1002 255 1657 1710 102 453 11 783 352 1282
618 496 1329 173 983 303 970 1233 446 1760
258 1464 1274 393 598 653 815 973 693 845
367 1730 1408 921 1132 258 64 432 728 163
1559 179 1635 1200 1273 1004 216 890 279 1287
175 210 1450 28 1580 1543 1687 271 106 1372
1210 1146 1268 76 340 1427 1405 1212 862 1584
267 656 318 681 584 88 1631 1496 1044 489
1528 1046 1244 810 1459 1258 666 309 1372 553
1557 523 832 1038 1180 1189 873 1736 1382 11
904 1561 413 1403 1681 353 355 450 1061 323
39 1696 757 1519 308 1721 874 1119 1719 57
922 332 265 347 548 299 758 945 565 1778
23 1245 132 1049 901 600 572 285 685 92
1343 1612 979 440 618 1266 40 164 293 1577
786 1453 428 1611 481 896 798 1633 1771 540
1154 1666 1206 613 612 1458 268 1125 445 1727
755 770 402 1315 425 61 411 151 177 1083
911 510 1699 276 1380 829 371 321 1786 1764
10 910 1077 544 1704 1758 373 328 517 288
1754 1487 657 1083 1125 1692 647 1435 187 1616
419 905 995 1175 1371 1710 1712 554 961 954
77 1426 1471 886 222 593 1470 671 51 1171
63 464 1056 1473 263 444 926 1350 1742 493
929 339 1531 306 85 230 189 1098 1005 76
1214 1754 993 1350 1772 552 826 515 1261 739
1423 1442 619 1095 1380 961 540 322 1517 781
1347 749 556 356 382 1581 415 348 347 1543
1675 1348 1443 1177 1493 184 490 1211 1455 128
400 132 271 1794 711 1362 1488 248 24 1492
1101 1450 374 1259 1415 1539 766 1006 1116 270
746 1154 1266 1620 40 384 891 181 441 398
1776 1250 581 754 968 1577 365 488 1102 1168
1558 1653 383 224 234 452 209 1359 1619 1507
436 63 1725 1326 630 1694 259 1211 794 1534
738 485 1340 1570 431 653 1019 154 79 1281
1250 1524 1069 1063 472 993 1222 114 1607 697
432 906 1596 250 29 1130 442 1247 1627 1649
1668 454 1559 1558 1124 1462 18 1458 99 1698
181 426 1718 164 590 733 81 608 313 340
1630 341 706 1583 1173 1704 1195 34 878 1340
1074 1247 1713 286 813 1376 327 1495 20 1091
543 946 267 9 475 976 1614 763 844 263
1170 1652 202 368 1759 1031 1312 494 1421 1203
731 931 645 822 1442 20 1686 1772 570 657
403 1757 1611 1544 1118 1144 1454 1575 393 1037
1148 1138 1093 1676 514 852 1703 778 444 1292
1675 685 1757 161 830 742 1724 932 72 1774
1622 986 1474 1103 465 1053 877 886 1257 668
1227 1490 450 925 1426 18 941 416 1663 253
1583 704 1534 990 189 935 272 1739 1414 84
580 1457 1068 733 1521 278 435 689 1569 998
293 1515 1381 487 1151 800 818 1466 1272 1725
1407 967 1059 820 117 1134 236 1047 176 590
737 882 170 31 759 1443 762 1556 1514 77
31 1126 490 1399 204 901 393 1182 679 1624
1060 335 1529 1091 1421 1560 222 200 370 898
683 73 603 388 1136 1766 138 1052 684 111
241 328 1009 1084 1383 1576 811 1583 43 655
624 1313 1622 1266 1691 25 8 1588 155 1581
1077 859 1457 1151 1606 712 1600 934 666 1202
