5
1581
0.5
100
140
0.941347 0.808591
0.15072 0.337309
0.162705 0.116726
0.691653 0.500477
0.129978 0.322231
0.423814 0.857913
0.140532 0.108751
0.453898 0.714769
0.153942 0.772702
0.121234 0.216239
0.288901 0.936165
0.220646 0.305465
0.0385207 0.415033
0.0494423 0.173556
0.980269 0.733409
0.537381 0.657704
0.312375 0.485986
0.39945 0.422059
0.430836 0.773308
0.89985 0.191805
0.777011 0.943904
0.587476 0.654894
0.341293 0.423158
0.180267 0.568912
0.293035 0.214783
0.128943 0.993645
0.880629 0.480033
0.765871 0.323291
0.960471 0.106657
0.163104 0.529224
0.66884 0.241795
0.47457 0.145711
0.34625 0.796186
0.437235 0.0501511
0.156267 0.932571
0.700511 0.311573
0.0615444 0.166463
0.0411413 0.360727
0.908273 0.668985
0.386519 0.59284
0.753457 0.368715
0.159614 0.845662
0.865853 0.939228
0.38793 0.824366
0.185062 0.743023
0.124078 0.696419
0.1583 0.17746
0.930728 0.0406957
0.933617 0.529074
0.449976 0.393176
0.381204 0.115466
0.446666 0.0794957
0.812327 0.980866
0.128635 0.479896
0.942005 0.854764
0.264379 0.557466
0.963698 0.583876
0.201383 0.0336005
0.120144 0.206586
0.374752 0.76795
0.096962 0.203534
0.942712 0.886491
0.273421 0.780457
0.147485 0.0275025
0.189971 0.104064
0.24352 0.759139
0.800385 0.204798
0.06289 0.543616
0.500363 0.100643
0.857901 0.424244
0.265211 0.312073
0.996141 0.971373
0.510216 0.688024
0.813398 0.566394
0.0916639 0.308944
0.104301 0.897574
0.13201 0.205883
0.621869 0.390539
0.354197 0.89037
0.817203 0.296212
0.485945 0.187738
0.568388 0.439845
0.395267 0.978896
0.683062 0.286995
0.789628 0.657518
0.189986 0.393209
0.653657 0.24688
0.446545 0.417053
0.254343 0.239152
0.680292 0.103826
0.69651 0.0507931
0.930843 0.328572
0.0712327 0.0645916
0.406026 0.120427
0.242588 0.997104
0.429159 0.0187121
0.952594 0.0666114
0.0675712 0.0671777
0.591715 0.417513
0.551147 0.450179
0 84 11
1 50 16
1 95 20
2 18 19
2 22 13
2 98 30
3 16 27
3 94 32
4 98 33
5 40 23
6 10 10
6 16 12
6 30 37
6 51 22
7 62 13
7 73 25
7 86 14
7 91 34
8 30 36
8 68 24
8 95 19
9 81 32
10 86 26
11 12 13
11 43 12
11 74 9
12 70 16
12 72 33
12 87 29
13 39 24
14 21 28
15 17 10
15 34 27
15 39 11
15 53 29
15 64 25
15 75 31
15 76 29
16 97 17
17 20 27
17 40 25
17 67 24
17 70 9
18 30 17
18 38 34
18 40 23
18 52 27
18 53 21
18 67 26
18 98 11
19 33 33
20 88 37
21 40 12
21 61 25
21 78 16
21 87 10
22 35 25
22 40 29
22 79 34
22 90 25
23 81 27
23 83 36
23 93 16
24 27 33
24 73 37
25 39 18
26 80 28
27 51 23
27 65 37
27 72 18
28 79 10
29 68 24
30 96 20
31 89 15
31 91 32
32 79 33
33 40 22
33 47 35
33 74 24
33 77 13
33 90 18
34 43 16
34 93 18
34 95 19
36 65 13
37 50 24
37 95 27
39 64 14
39 67 23
39 70 9
40 50 26
41 68 24
42 78 36
42 81 21
43 76 18
43 85 14
43 90 22
44 83 35
44 87 18
44 99 26
45 59 18
45 80 26
45 95 22
46 77 33
47 77 22
47 80 31
48 72 30
48 99 27
49 63 21
49 98 10
50 63 17
50 86 19
51 58 23
51 63 21
51 92 27
54 98 25
55 90 31
56 77 24
57 90 35
59 73 31
60 65 10
60 94 10
65 82 11
66 86 10
67 78 21
69 99 22
70 84 37
70 99 20
71 84 15
72 90 13
73 98 16
76 77 35
77 93 15
79 82 30
82 89 20
83 95 18
85 86 33
85 98 28
90 99 10
94 97 12
184 76 206 109 633
433 440 439 23 621
479 615 345 111 539
555 503 98 326 130
698 129 173 217 92
450 303 237 577 323
429 74 349 230 658
116 322 648 458 85
443 477 469 394 487
645 115 101 397 23
682 319 506 74 10
642 594 96 167 175
513 105 270 148 239
357 301 44 672 64
377 143 481 313 350
265 637 546 207 397
653 678 559 545 164
532 613 105 635 283
670 49 459 550 165
66 623 296 426 138
504 13 15 539 36
534 465 374 408 26
410 567 397 236 394
92 126 187 595 308
450 607 574 10 458
174 468 445 136 653
398 168 272 77 60
693 97 237 433 444
632 63 365 153 176
579 644 428 342 314
35 648 526 59 247
233 349 96 689 364
694 642 408 310 670
658 216 306 427 293
196 72 406 446 117
88 168 683 338 246
14 52 478 472 130
347 360 102 597 406
55 699 369 610 135
580 381 577 10 232
662 65 442 60 580
476 161 218 126 136
527 71 98 624 679
692 524 693 272 492
585 612 340 252 606
686 596 665 534 97
630 630 96 122 100
633 298 301 654 311
527 123 556 215 113
275 510 359 11 21
265 158 377 664 166
469 565 430 560 352
295 313 6 370 109
108 568 503 609 127
264 450 582 386 173
369 156 449 372 586
257 116 466 681 530
115 32 156 630 474
684 6 359 115 587
479 448 201 159 318
98 670 403 207 222
364 339 267 382 169
10 504 129 532 189
481 695 200 326 557
376 691 226 400 369
54 484 464 353 190
58 599 207 490 3
132 188 300 98 322
681 402 90 478 610
384 28 75 355 17
639 352 258 625 370
529 437 262 199 672
483 611 66 30 484
528 303 642 555 599
490 204 532 446 111
463 469 567 660 450
293 47 633 289 655
542 446 683 456 28
572 456 318 154 496
446 509 525 305 654
593 98 429 196 289
298 38 675 213 434
230 649 656 248 27
398 569 445 262 405
699 637 267 441 51
341 119 91 510 390
18 136 173 299 45
583 297 627 388 364
237 144 305 258 155
631 571 609 255 487
604 508 518 163 102
28 120 471 318 204
663 317 81 551 408
196 455 140 501 111
605 598 202 496 409
279 571 652 98 549
602 424 259 331 99
12 269 613 138 108
553 128 455 461 567
448 662 35 559 320
441 59 606 678 280
639 461 437 615 215
676 629 478 624 694
517 315 520 253 470
508 385 657 159 530
17 219 115 250 304
608 558 439 680 40
185 449 417 68 659
115 83 678 537 18
44 265 85 467 276
452 402 34 349 688
689 177 458 391 307
677 298 82 189 174
688 0 321 68 179
535 122 27 78 242
96 85 631 698 277
357 452 603 82 16
621 110 316 312 653
547 248 628 90 7
276 404 47 687 426
46 13 45 657 550
366 324 467 422 134
26 533 222 176 675
300 438 52 127 18
465 108 505 520 270
655 571 489 55 49
482 469 178 646 521
141 207 75 471 12
58 217 221 500 2
551 542 446 347 413
609 489 681 220 201
215 257 245 265 277
522 126 366 323 413
431 3 686 278 76
218 696 357 399 263
449 342 315 365 695
634 364 387 191 179
218 201 356 92 542
364 195 487 424 449
95 108 618 481 350
