5
1306
1
100
99
0.026856 0.70493
0.335998 0.616283
0.335756 0.881646
0.00899366 0.245759
0.0229848 0.138475
0.600174 0.76797
0.203615 0.650262
0.222924 0.743859
0.395925 0.545307
0.754375 0.828031
0.857153 0.727977
0.480401 0.134583
0.517874 0.189708
0.00232434 0.817214
0.464295 0.0268832
0.80333 0.112545
0.665846 0.413121
0.277431 0.434887
0.493836 0.499566
0.319942 0.777891
0.268963 0.242645
0.417506 0.740456
0.513854 0.889343
0.0522176 0.893236
0.623476 0.00325116
0.554627 0.0400162
0.283167 0.29412
0.358816 0.173081
0.356439 0.992932
0.373547 0.671279
0.518931 0.91893
0.458713 0.451114
0.619677 0.804031
0.833488 0.269382
0.128257 0.934062
0.186946 0.0958749
0.969346 0.578552
0.189437 0.62474
0.900488 0.801526
0.307553 0.415051
0.550551 0.526363
0.780677 0.0123305
0.989547 0.484327
0.634232 0.542898
0.509418 0.819234
0.862764 0.0563333
0.714538 0.175225
0.918449 0.805755
0.139609 0.513953
0.337272 0.6811
0.245489 0.464846
0.706358 0.462557
0.960179 0.840856
0.434352 0.533561
0.419616 0.0567874
0.845641 0.234456
0.759323 0.77475
0.839639 0.331039
0.666209 0.676411
0.315766 0.587485
0.318909 0.984122
0.703192 0.601532
0.116322 0.158968
0.40892 0.86957
0.351505 0.513315
0.520594 0.861516
0.773692 0.708514
0.988821 0.167488
0.580962 0.434207
0.695175 0.868312
0.724574 0.756614
0.119154 0.723724
0.00221125 0.366146
0.565405 0.628259
0.608409 0.183601
0.530978 0.919209
0.521176 0.784101
0.586452 0.697687
0.138904 0.112608
0.624508 0.784163
0.141805 0.081476
0.595588 0.23103
0.614597 0.887773
0.845189 0.855545
0.619017 0.238337
0.0471318 0.944722
0.921559 0.288422
0.158772 0.0220083
0.16216 0.0477734
0.311484 0.554782
0.239365 0.522798
0.126617 0.956991
0.0254223 0.905976
0.677712 0.353702
0.100296 0.450917
0.89255 0.307762
0.493915 0.777247
0.425597 0.178156
0.0364264 0.182798
0.818279 0.158332
0 2 22
0 29 25
1 40 15
2 3 23
2 48 14
2 69 25
2 79 20
4 14 31
5 10 18
5 60 20
6 24 30
7 43 29
8 45 33
8 50 11
8 51 22
8 73 12
9 27 28
9 89 31
11 41 21
11 88 23
12 55 23
13 20 19
14 26 13
14 71 24
14 72 33
15 76 20
16 18 12
17 69 30
18 37 22
18 50 18
18 62 27
18 86 30
18 99 23
19 81 19
20 58 28
20 61 31
21 81 13
22 35 23
22 47 29
23 35 10
24 31 12
25 87 28
25 88 28
26 75 18
26 85 17
27 98 23
28 70 26
29 34 17
30 61 13
31 38 31
32 49 20
33 43 14
33 75 21
33 93 11
35 53 17
36 76 32
38 61 14
38 96 29
39 65 15
40 55 21
40 70 12
42 84 26
43 97 15
44 45 25
46 54 21
48 81 32
49 88 12
51 53 19
51 55 10
51 60 27
52 73 28
53 82 13
54 78 20
54 88 18
54 91 21
55 63 31
56 75 16
57 79 15
59 75 15
60 61 27
63 92 27
64 79 19
64 84 19
64 91 16
65 67 33
65 95 26
66 79 11
67 73 30
68 71 33
68 83 19
73 91 31
73 94 33
74 88 32
76 80 27
76 88 25
76 90 20
77 97 11
89 93 26
92 97 28
318 126 263 99 335
370 94 25 229 65
333 23 14 179 432
115 219 96 63 232
134 1 311 304 358
70 28 102 468 236
137 240 329 424 3
342 475 400 65 188
389 263 494 36 426
68 443 55 354 314
413 56 159 41 246
0 327 118 147 459
418 372 166 2 369
462 39 351 360 130
456 301 297 212 214
478 187 309 332 227
482 267 349 18 83
300 424 161 237 13
49 125 222 176 125
0 491 371 402 413
285 6 252 339 329
383 218 93 104 446
181 93 28 128 208
163 239 196 490 185
45 58 397 138 366
310 261 214 438 240
418 448 344 466 298
479 420 175 231 352
364 54 468 470 22
48 53 120 274 366
286 432 270 492 19
452 279 392 92 348
407 468 183 459 470
484 319 252 422 176
105 197 258 418 112
119 91 104 296 33
224 72 90 242 437
323 408 151 397 112
206 433 200 407 342
332 196 415 400 183
41 457 51 35 124
139 151 381 382 147
113 292 401 242 467
407 255 271 101 39
121 13 77 413 331
113 358 167 352 442
309 196 258 413 469
230 188 272 393 210
324 40 139 332 491
179 293 122 367 466
455 135 163 130 39
51 196 26 89 437
57 225 158 275 128
20 381 371 486 80
392 29 84 335 74
89 453 30 1 373
105 304 33 59 122
197 15 431 352 159
247 342 462 101 369
162 484 240 35 163
60 395 207 2 375
308 258 381 103 42
224 238 354 166 107
75 129 255 133 187
441 277 459 481 179
445 30 83 82 282
280 442 429 466 411
136 456 218 299 194
472 234 470 326 428
478 296 466 59 201
274 26 184 47 180
423 492 47 51 103
372 191 448 51 385
53 379 53 301 282
98 159 162 274 329
283 445 11 379 0
225 394 241 331 368
314 50 7 357 297
412 26 15 162 42
351 42 433 51 150
163 26 262 357 59
143 188 446 217 171
384 450 246 7 400
415 441 245 211 432
224 353 311 257 315
327 54 88 347 291
299 184 104 19 396
260 384 101 27 407
146 362 198 206 268
175 294 434 280 109
148 346 148 27 474
98 156 466 69 43
334 72 400 5 473
376 354 187 44 119
415 461 98 465 418
212 435 238 458 424
41 380 356 170 493
68 44 346 362 329
321 113 122 60 238
