10
124
0.5
25
32
0.54154 0.901994
0.843999 0.378348
0.934108 0.100082
0.302074 0.302794
0.771748 0.585847
0.553988 0.70363
0.852523 0.691254
0.448183 0.960252
0.287671 0.646719
0.241773 0.00843144
0.17648 0.575656
0.232147 0.53221
0.757205 0.210884
0.770612 0.9866
0.28485 0.952561
0.70363 0.73941
0.679911 0.220589
0.35544 0.3418
0.521706 0.627317
0.694621 0.800853
0.851302 0.0234362
0.217304 0.458695
0.747053 0.875245
0.715133 0.643459
0.833723 0.729021
0 8 18
0 12 15
0 15 11
0 16 10
0 19 11
1 5 21
1 18 23
1 22 7
2 16 18
2 22 13
2 24 7
3 10 9
4 18 18
5 11 23
5 13 15
5 14 19
5 19 10
5 22 14
6 16 12
7 9 15
7 10 19
7 21 16
7 22 21
7 24 27
8 10 8
8 19 29
8 22 32
9 17 8
15 20 10
16 20 12
16 24 11
18 23 14
43 48 187 178 265 63 135 23 30 61
186 101 144 62 260 5 313 116 21 101
76 268 88 261 259 118 116 156 154 295
281 173 194 121 249 265 263 131 282 146
133 163 5 261 256 136 266 53 226 103
222 50 196 199 53 124 220 305 77 249
63 317 110 194 176 281 274 178 253 205
168 9 153 279 43 196 34 257 231 82
279 209 83 123 28 207 67 67 128 238
203 241 281 70 74 147 239 263 315 250
237 263 43 232 144 214 67 114 253 116
22 65 239 237 45 21 196 76 210 80
68 246 99 158 56 6 89 212 57 130
28 224 193 275 286 168 45 268 283 166
206 84 269 105 95 265 52 72 289 182
186 145 208 88 71 21 17 111 110 30
125 192 140 302 127 312 285 106 69 90
23 216 267 6 19 224 5 65 57 270
302 315 182 56 251 175 279 60 156 279
115 7 118 195 102 241 314 252 275 29
271 286 53 262 25 34 70 211 280 291
191 138 75 3 239 40 245 117 225 0
4 95 219 175 198 115 93 25 263 47
221 176 290 236 122 103 238 96 173 161
133 237 240 254 56 170 292 311 271 210
11 25 166 5 303 60 63 24 164 97
282 271 242 255 263 192 148 247 77 38
160 166 279 12 259 231 224 48 35 209
76 260 48 92 293 189 287 251 235 140
70 255 255 24 129 179 4 174 286 292
149 202 134 208 105 272 62 163 20 144
307 103 177 299 142 273 24 41 121 256
