10
657
1
100
99
0.0533365 0.70831
0.603905 0.845079
0.789677 0.199817
0.529402 0.536406
0.0874529 0.013094
0.743164 0.187874
0.452564 0.37241
0.267351 0.723304
0.0851614 0.953819
0.391214 0.368382
0.42059 0.917234
0.120832 0.157374
0.894252 0.910037
0.400907 0.813811
0.864757 0.960225
0.0201956 0.700441
0.664029 0.376824
0.285923 0.338077
0.479263 0.612505
0.588785 0.926445
0.91956 0.575216
0.549723 0.155205
0.718266 0.608406
0.413172 0.103108
0.649948 0.019231
0.798366 0.374867
0.762876 0.992802
0.252984 0.0663178
0.118211 0.618118
0.165266 0.1814
0.929104 0.0293844
0.800891 0.213005
0.251554 0.308501
0.723208 0.433906
0.0565878 0.69734
0.118713 0.100389
0.926182 0.986895
0.31864 0.78306
0.935946 0.81157
0.469747 0.0402095
0.45899 0.813688
0.702939 0.218018
0.981575 0.738629
0.054377 0.765942
0.436333 0.60752
0.523795 0.0227735
0.155549 0.569067
0.511153 0.309954
0.116052 0.0295079
0.51301 0.175704
0.685769 0.760157
0.879115 0.558583
0.968366 0.0992316
0.432118 0.212318
0.353226 0.928073
0.469476 0.17592
0.398271 0.427102
0.710305 0.923933
0.648092 0.432354
0.328771 0.0143275
0.400949 0.770425
0.127473 0.0477342
0.671252 0.634776
0.941305 0.617743
0.0704793 0.370292
0.537725 0.565499
0.598207 0.173094
0.452733 0.724172
0.86648 0.486002
0.0625308 0.373078
0.578046 0.451595
0.863256 0.781465
0.839883 0.144008
0.559101 0.536643
0.940299 0.4103
0.58831 0.0188625
0.426714 0.976055
0.201102 0.439448
0.952334 0.862146
0.813901 0.221901
0.3896 0.491462
0.54527 0.483013
0.858298 0.12678
0.748437 0.0968039
0.649047 0.48623
0.439019 0.214362
0.799387 0.104656
0.248007 0.221741
0.893169 0.111256
0.267747 0.688758
0.0158166 0.039786
0.786807 0.278208
0.891749 0.123968
0.833503 0.130724
0.757016 0.33111
0.166919 0.597764
0.345084 0.943913
0.240198 0.890425
0.701223 0.0588008
0.56477 0.847869
0 27 14
1 14 18
2 44 25
2 54 31
3 14 24
3 37 15
3 46 26
3 80 10
4 81 32
4 89 13
5 92 11
5 99 13
6 90 31
7 62 29
7 65 19
8 18 28
9 11 19
9 25 29
9 50 21
9 65 10
9 97 11
10 26 24
12 40 31
12 41 14
12 62 16
12 66 21
13 93 31
15 76 29
16 47 11
17 53 10
17 83 33
18 20 31
18 25 23
19 89 23
20 57 15
21 29 27
21 98 11
22 53 20
22 59 28
22 92 12
23 69 25
24 67 14
24 88 17
26 80 26
26 85 23
27 64 13
27 67 14
28 37 14
30 33 15
30 75 24
31 76 26
32 33 33
32 41 32
33 96 27
34 40 28
34 54 21
35 65 30
36 49 29
36 55 32
37 43 19
37 73 17
38 58 20
39 59 10
39 87 16
40 88 31
42 50 21
43 45 33
43 60 25
45 88 26
45 95 25
47 69 32
48 49 28
51 58 16
52 83 16
53 70 10
54 58 21
54 84 21
55 57 17
55 61 24
55 90 32
56 91 27
57 68 11
58 78 22
59 66 19
59 91 32
60 79 29
61 76 21
62 77 33
63 99 27
65 69 34
65 72 21
65 74 28
67 93 27
71 81 22
74 94 13
76 86 26
82 98 11
85 89 12
87 98 32
242 323 329 828 316 59 920 835 452 538
131 757 228 370 567 835 912 721 610 914
293 185 772 910 456 40 400 450 641 755
926 824 416 327 104 108 254 766 152 364
675 854 859 964 575 310 2 770 641 338
143 186 445 701 222 303 245 248 713 575
544 534 769 637 427 972 146 172 22 409
858 219 903 336 128 359 651 948 169 977
850 450 517 414 621 45 783 972 913 64
203 34 771 296 975 581 655 560 532 914
307 929 499 889 746 450 340 379 839 744
508 831 186 294 649 83 504 837 438 651
660 668 55 540 447 827 652 470 40 412
859 194 156 373 201 635 476 94 628 248
279 515 267 935 577 40 726 391 353 805
819 769 299 824 421 107 124 733 306 244
561 15 115 733 630 570 337 116 534 621
53 144 981 786 139 854 204 162 176 750
555 291 185 776 159 540 256 689 41 662
18 284 966 359 910 566 593 288 29 124
349 67 207 135 6 258 258 618 409 506
391 331 441 276 278 820 336 527 890 264
569 262 605 207 386 697 938 634 128 919
580 951 104 541 738 335 871 287 44 391
742 55 142 532 341 197 349 314 798 330
368 351 640 273 931 314 292 308 839 364
526 147 376 692 284 613 133 224 779 880
246 42 32 562 116 375 434 684 217 549
812 260 347 501 256 401 451 517 37 584
148 821 98 344 747 412 775 331 557 827
899 682 502 421 665 177 527 860 256 207
644 391 589 804 706 711 322 26 48 120
916 821 836 926 646 981 950 759 308 622
70 396 491 315 11 123 664 915 913 176
65 45 255 14 388 315 892 293 793 473
434 596 160 544 151 924 326 344 903 216
225 555 238 963 186 437 821 272 811 686
721 23 55 439 19 763 304 767 295 403
386 300 333 436 817 970 197 874 313 333
886 916 346 175 937 870 620 959 695 630
285 122 755 956 614 101 385 840 42 223
616 665 752 67 956 41 691 367 192 8
548 692 878 971 618 605 630 196 461 958
603 798 779 663 714 935 234 590 586 192
960 351 538 409 718 161 316 201 507 813
4 13 26 654 317 231 750 262 94 634
115 731 324 399 524 789 315 314 285 108
515 484 183 45 792 254 538 809 922 54
107 381 894 505 745 558 240 35 156 223
732 342 648 658 522 775 880 870 92 582
433 752 161 158 99 94 147 784 794 185
938 878 368 611 907 396 313 495 49 707
315 846 302 771 875 895 315 379 684 903
709 14 485 442 176 606 186 958 294 335
767 769 311 588 660 162 836 559 963 757
190 399 328 427 801 668 440 18 553 377
738 516 945 663 124 834 529 667 242 288
622 899 213 782 748 729 515 871 388 86
225 643 634 350 823 438 986 839 405 2
240 381 72 413 299 925 531 982 661 828
73 454 849 559 95 380 221 452 409 637
122 126 849 485 606 211 199 650 300 533
195 756 181 535 6 771 441 454 544 869
472 718 898 758 734 368 104 229 468 804
441 39 586 898 892 440 683 543 528 22
825 939 592 120 656 670 830 829 159 339
926 981 854 252 269 806 504 916 594 954
330 105 796 853 785 457 740 971 818 445
850 329 582 908 165 564 958 708 414 131
45 748 291 1 924 183 657 212 123 634
845 462 790 136 766 200 420 320 26 729
947 873 419 682 89 779 352 536 476 198
697 39 822 149 439 594 857 611 354 265
190 850 730 426 590 429 446 945 567 133
987 972 855 187 700 952 694 940 74 282
322 92 363 700 422 619 55 612 696 138
762 645 551 387 746 983 217 398 112 878
261 65 131 763 961 307 381 393 578 258
759 839 832 863 553 902 9 85 491 31
484 981 967 165 846 972 505 575 85 209
473 938 774 758 500 5 316 261 101 260
141 429 918 125 834 611 513 332 971 530
141 29 695 728 158 326 966 339 632 775
938 813 473 852 716 636 660 501 205 71
855 647 81 156 774 833 322 449 112 478
67 824 487 346 488 370 685 335 338 644
894 66 551 603 473 707 725 230 538 566
45 979 173 134 453 671 819 417 709 281
704 496 627 175 782 1 418 648 578 145
100 204 641 144 950 226 457 70 568 169
784 827 251 757 835 20 362 27 416 379
902 557 920 61 116 123 790 114 568 672
756 744 450 422 566 209 227 517 403 661
799 411 361 5 413 853 523 168 18 585
714 118 488 119 756 427 384 361 448 513
840 832 972 185 437 520 860 299 972 792
67 153 26 612 51 236 231 319 907 737
126 658 402 891 782 699 315 421 739 943
871 919 131 467 142 492 126 332 670 565
