10
329
0.5
49
66
0.805649 0.00401727
0.734453 0.485156
0.622759 0.453123
0.503061 0.871909
0.185246 0.572806
0.383313 0.119391
0.86467 0.457437
0.522025 0.00437458
0.178514 0.445733
0.166653 0.248806
0.121281 0.923107
0.0225241 0.595455
0.347858 0.438241
0.615546 0.0581354
0.984714 0.448607
0.0442524 0.483347
0.589846 0.606966
0.258951 0.22659
0.525592 0.8414
0.606876 0.0274325
0.378919 0.718327
0.226509 0.587122
0.768394 0.642596
0.592918 0.644345
0.954895 0.300756
0.592235 0.410277
0.0926407 0.133388
0.771217 0.300938
0.461148 0.420378
0.394268 0.0518316
0.935327 0.205461
0.618826 0.0254785
0.694588 0.591306
0.97992 0.368841
0.369013 0.074694
0.727612 0.588981
0.187731 0.0452662
0.214945 0.521616
0.321786 0.117981
0.754767 0.710118
0.0995602 0.387699
0.264411 0.0926502
0.604179 0.858426
0.533033 0.553785
0.665531 0.0123864
0.817261 0.680296
0.249224 0.889962
0.469263 0.555825
0.43911 0.936216
0 5 30
0 16 15
1 20 25
1 47 19
1 48 21
2 22 10
3 10 27
3 27 19
3 39 18
3 45 22
4 29 15
5 13 16
5 21 11
5 31 17
6 16 19
6 25 19
6 31 17
6 43 23
7 8 24
7 24 31
7 36 24
7 38 14
9 18 25
9 19 31
9 34 14
10 20 18
11 37 14
12 25 17
12 26 18
13 17 25
13 33 26
13 48 12
14 16 28
15 20 24
16 29 14
16 48 11
17 42 24
18 32 12
18 41 18
19 37 28
19 45 15
19 48 12
20 35 25
21 23 26
21 44 31
22 24 13
22 43 17
23 34 16
24 42 25
25 46 24
25 48 11
26 48 24
27 28 22
27 29 27
27 47 21
29 40 21
29 42 15
29 46 10
30 32 17
32 33 20
33 35 18
36 42 29
40 48 24
45 48 27
46 47 16
46 48 13
587 550 342 228 161 118 23 235 361 223
267 167 651 226 67 125 307 254 356 129
180 149 483 92 618 160 170 426 451 338
126 566 452 332 65 224 520 403 21 80
232 151 38 137 651 204 395 237 654 129
255 80 380 637 370 613 181 610 551 499
268 10 354 441 356 65 212 229 546 435
396 334 130 347 606 374 128 361 632 466
24 481 113 432 646 302 447 605 387 200
139 279 247 203 144 481 103 574 603 36
219 376 82 110 312 282 321 279 541 610
28 468 208 332 542 621 215 30 265 453
541 15 34 384 516 293 347 137 109 286
493 390 198 474 359 127 569 228 602 475
139 204 180 276 12 312 596 602 315 551
463 125 522 420 260 132 27 270 48 441
569 200 339 302 224 39 479 414 295 650
420 305 459 499 456 595 133 393 156 549
212 475 316 33 657 611 622 326 316 583
595 448 515 411 286 622 168 488 638 578
64 163 283 630 292 350 11 61 178 18
46 392 135 29 266 15 65 525 311 288
163 572 52 65 306 447 22 434 274 585
273 586 266 558 77 18 467 354 181 494
105 442 351 380 288 65 366 543 585 132
22 236 312 82 86 47 599 469 327 48
253 489 53 238 302 372 311 10 406 427
328 429 10 545 169 159 185 426 452 425
313 221 160 145 346 394 296 426 509 173
386 576 398 254 57 54 154 612 622 583
144 398 348 241 81 287 19 602 551 62
295 546 527 614 456 197 117 584 519 648
254 326 538 381 224 654 267 384 108 143
435 514 260 26 242 372 68 621 60 337
197 331 106 247 227 140 82 546 165 322
407 535 245 570 258 103 628 253 630 325
84 468 117 56 369 285 450 624 545 636
142 136 261 89 250 385 47 200 641 634
578 6 274 382 526 347 486 95 428 544
170 638 234 553 504 402 266 21 529 251
550 409 176 295 619 125 175 368 330 275
200 126 459 181 403 585 507 247 510 10
152 319 38 525 257 604 178 495 478 72
46 412 651 324 658 537 486 262 508 617
36 618 390 73 10 73 173 163 513 12
27 472 383 386 394 50 345 432 213 352
399 438 281 490 497 165 309 260 301 81
623 85 186 621 615 288 374 588 554 479
620 480 240 12 41 80 275 165 443 32
559 653 255 347 433 8 453 402 603 69
334 241 438 589 471 478 24 162 435 593
293 110 122 576 452 544 301 395 584 172
272 220 240 489 227 541 332 112 571 293
254 411 207 642 7 608 97 560 444 117
639 566 16 154 469 401 84 348 11 525
213 612 186 598 443 27 10 574 31 107
287 308 298 515 237 367 334 102 240 622
220 61 423 546 340 530 523 652 516 635
143 204 535 629 302 273 173 560 489 599
235 480 456 265 300 23 404 163 587 301
201 71 600 291 200 449 157 365 460 8
273 290 170 647 238 565 232 198 174 115
576 101 106 624 277 396 301 27 198 212
417 221 357 42 74 97 267 398 199 236
17 397 39 530 519 281 113 339 583 378
273 274 658 240 644 191 365 433 76 582
