10
495
1
49
84
0.693822 0.741278
0.67117 0.498046
0.19056 0.403625
0.33428 0.0972353
0.988215 0.337258
0.752662 0.520917
0.983791 0.606373
0.723276 0.807269
0.355072 0.246424
0.427021 0.266361
0.851396 0.805383
0.286847 0.908353
0.333273 0.0732879
0.225663 0.793215
0.387796 0.552492
0.509702 0.368875
0.749357 0.156971
0.726621 0.809697
0.0225904 0.635046
0.081025 0.696251
0.194709 0.73074
0.0801386 0.538762
0.0749554 0.596524
0.299187 0.145935
0.432945 0.00677419
0.421492 0.410603
0.85121 0.139295
0.666991 0.648417
0.844451 0.260638
0.156056 0.645561
0.490201 0.785268
0.164858 0.448231
0.240537 0.402977
0.73162 0.542303
0.121295 0.448237
0.759842 0.668821
0.919677 0.0658582
0.140601 0.952648
0.836829 0.00234982
0.591915 0.919762
0.189171 0.0976668
0.487418 0.33848
0.680427 0.526507
0.564164 0.0984395
0.400795 0.848386
0.416669 0.905796
0.874115 0.461267
0.286678 0.567195
0.324977 0.9042
0 3 25
0 4 21
0 9 19
0 11 29
0 38 10
1 10 13
1 24 17
1 38 12
1 40 34
1 46 14
2 8 12
2 12 10
2 15 23
2 48 10
3 21 18
3 27 24
3 41 11
4 15 34
4 42 22
4 43 30
5 6 16
5 36 12
5 46 9
5 48 30
6 10 9
6 17 18
6 35 16
6 38 10
7 30 16
7 36 14
8 22 20
8 35 29
9 29 19
9 31 19
9 37 20
9 43 10
10 24 30
10 25 30
10 30 26
10 41 26
10 44 32
11 25 10
11 34 12
12 15 12
12 21 18
12 30 11
12 35 30
12 40 10
13 19 10
13 44 12
13 45 14
14 17 24
14 22 22
14 32 10
15 21 30
15 22 31
15 33 16
16 23 32
16 30 18
17 24 21
17 41 17
18 45 28
20 24 17
21 32 11
21 48 17
22 32 12
22 41 29
22 48 18
24 33 21
25 26 30
27 48 24
28 43 20
29 44 17
30 42 13
30 46 27
33 44 23
33 47 31
33 48 29
35 43 14
35 47 33
39 45 12
41 48 11
42 47 28
42 48 25
18 194 590 372 474 512 738 143 342 646
321 179 29 535 464 540 441 617 577 1
129 764 339 561 702 770 571 554 491 212
708 387 631 40 646 578 97 724 788 99
754 230 188 506 518 9 350 607 45 44
51 452 160 156 246 446 227 704 487 170
558 624 739 228 633 502 83 253 702 661
246 391 368 587 145 152 144 508 181 376
315 683 802 451 304 579 636 444 113 205
124 322 615 421 406 544 697 223 646 445
179 629 207 75 316 14 317 223 685 219
251 477 189 247 408 775 532 485 182 507
797 765 562 294 343 839 484 25 592 837
197 305 195 360 610 390 322 770 508 830
529 217 448 575 587 291 442 551 11 233
764 595 644 340 90 229 764 727 793 645
231 122 248 18 35 696 441 14 101 524
582 550 434 140 163 344 473 53 318 805
720 69 686 87 581 685 800 441 828 436
438 214 267 488 501 412 62 32 761 306
205 673 813 628 287 808 213 506 464 745
683 593 171 610 271 416 9 401 56 737
743 107 177 572 804 698 823 551 208 155
27 18 159 96 367 529 544 261 552 456
98 225 443 351 439 397 216 827 740 163
538 559 634 311 160 399 131 278 394 255
34 739 697 252 410 8 268 778 801 290
470 39 835 746 738 110 167 232 237 396
351 147 491 489 194 207 299 683 731 652
734 541 227 322 326 647 242 270 351 719
547 103 253 629 802 445 409 383 406 687
399 0 415 605 629 400 807 540 71 610
236 726 3 816 246 390 82 0 443 494
165 305 20 35 404 823 3 768 349 571
381 140 418 391 581 706 58 373 3 564
4 417 222 111 362 137 257 33 359 389
487 529 111 524 551 50 109 349 426 369
626 285 632 534 628 333 326 682 377 177
397 20 821 617 634 596 194 88 687 4
248 591 347 170 634 267 698 451 738 5
490 516 18 669 753 618 763 711 194 103
133 58 103 90 374 298 169 350 645 374
213 693 590 502 541 663 458 226 159 719
46 301 536 127 636 558 374 47 768 392
736 386 3 454 187 114 102 770 350 738
503 238 96 734 294 219 338 120 633 279
206 190 288 657 385 726 536 717 837 720
593 17 588 545 362 254 282 597 10 169
259 451 536 71 824 690 151 744 590 254
83 134 384 207 23 503 565 798 434 73
478 573 602 830 472 655 253 263 316 576
682 58 685 831 641 60 457 788 241 708
735 229 429 673 538 792 212 36 370 406
176 703 433 634 88 196 375 368 717 57
103 571 379 508 722 700 635 74 644 410
11 698 777 677 498 336 389 35 183 706
64 703 720 53 804 181 333 57 161 785
528 527 255 104 829 635 483 321 429 46
122 483 207 476 766 733 112 652 699 789
519 127 599 502 14 155 627 203 655 812
477 353 608 797 719 73 725 760 551 340
202 647 721 222 584 773 441 455 420 466
169 585 818 525 598 338 763 502 752 297
411 327 138 745 590 350 151 591 27 613
311 756 128 410 107 800 280 706 702 547
727 405 422 441 837 278 192 739 427 193
299 730 820 228 193 434 33 64 666 459
497 775 172 254 353 297 23 134 251 139
349 280 172 350 280 488 324 299 456 53
111 739 822 54 174 305 80 164 509 459
578 331 148 257 100 211 229 776 450 520
255 651 827 378 426 532 291 635 272 552
550 365 648 219 416 152 837 364 736 698
824 761 759 313 126 792 375 577 6 73
627 279 728 254 409 701 753 801 756 293
64 411 338 492 109 287 659 516 246 827
260 837 557 85 765 560 252 4 472 190
252 743 732 352 126 612 61 814 525 381
725 250 193 711 445 782 668 801 294 523
348 76 533 40 47 834 533 19 733 656
443 75 13 382 11 834 67 255 26 34
483 734 91 677 456 42 696 210 417 442
668 647 700 269 18 60 821 779 568 258
516 614 590 705 727 417 254 390 58 426
