5
1032
0.5
100
99
0.872574 0.484678
0.36229 0.131187
0.294969 0.992817
0.404866 0.0792201
0.8586 0.885081
0.624165 0.811711
0.0862833 0.34297
0.101302 0.0724309
0.422676 0.797173
0.806482 0.533244
0.0305479 0.880639
0.0642817 0.272656
0.946227 0.0215563
0.0888985 0.657966
0.724112 0.968442
0.51874 0.647513
0.151789 0.627821
0.434558 0.480227
0.839687 0.300452
0.970537 0.583808
0.688475 0.481629
0.927781 0.455114
0.548937 0.757176
0.38635 0.440559
0.99513 0.372159
0.323435 0.655338
0.975547 0.0297614
0.426492 0.104108
0.66754 0.963713
0.267289 0.579237
0.0149728 0.439261
0.431702 0.372724
0.7522 0.62517
0.372256 0.804396
0.219777 0.624935
0.885683 0.561468
0.773027 0.425411
0.728753 0.541616
0.164064 0.705195
0.872987 0.803718
0.0659193 0.839847
0.895575 0.812198
0.809722 0.895639
0.143735 0.0284564
0.0398602 0.597988
0.665325 0.15556
0.777471 0.497527
0.430624 0.578232
0.987711 0.595757
0.501992 0.852981
0.503634 0.371471
0.335985 0.179587
0.877295 0.326307
0.155371 0.648511
0.179827 0.693263
0.360409 0.127906
0.197839 0.333949
0.749323 0.416424
0.836883 0.10393
0.234378 0.592846
0.700909 0.824171
0.601611 0.39904
0.386742 0.0110844
0.610092 0.527885
0.452352 0.812251
0.895505 0.355281
0.884628 0.893746
0.475248 0.593926
0.474537 0.81523
0.60705 0.516241
0.968429 0.311929
0.700924 0.600552
0.502336 0.800409
0.418437 0.237162
0.580019 0.631467
0.874371 0.43675
0.251795 0.651309
0.408377 0.60877
0.0486477 0.172668
0.755899 0.924696
0.235604 0.63889
0.841341 0.0808373
0.153034 0.89069
0.828834 0.912164
0.195604 0.213937
0.0333905 0.759967
0.553645 0.0728001
0.687284 0.531459
0.832301 0.545754
0.995206 0.753255
0.0729214 0.932528
0.898896 0.0769318
0.386258 0.241383
0.266549 0.535535
0.995822 0.485019
0.974037 0.501144
0.0267896 0.940928
0.0904911 0.232599
0.739449 0.931786
0.0498244 0.714826
0 74 21
1 38 14
1 56 12
1 66 37
2 7 14
2 22 18
2 43 11
2 60 29
3 57 24
3 86 11
4 60 11
4 72 25
5 48 26
5 81 15
6 93 13
7 55 18
8 20 19
9 95 12
10 23 25
11 64 27
12 61 24
13 47 24
14 22 12
14 70 17
15 88 22
15 96 35
16 72 25
17 34 15
17 99 27
18 74 18
18 86 20
18 89 11
19 98 16
20 33 22
20 52 13
20 68 15
21 28 18
23 46 28
24 79 17
25 74 18
25 83 36
25 96 21
25 99 19
26 32 16
26 36 14
26 64 37
27 78 27
28 41 16
28 47 17
29 68 15
30 92 26
31 60 19
32 63 10
32 80 37
33 44 24
33 54 14
35 60 13
35 73 33
37 64 20
38 45 35
39 73 32
40 93 14
42 72 22
43 77 19
44 77 26
45 83 12
46 94 15
47 84 17
48 58 11
49 83 23
50 78 32
50 79 18
51 90 19
53 73 19
55 79 28
56 62 13
57 95 16
58 69 16
59 67 17
60 65 14
61 62 15
61 92 15
63 90 38
64 87 17
67 71 16
67 81 26
69 75 19
69 84 29
69 94 27
72 76 18
75 92 35
76 90 13
77 91 35
78 93 15
80 85 14
80 98 36
82 86 28
91 92 36
92 97 21
264 85 438 435 43
68 116 165 475 115
239 269 34 135 233
445 250 31 26 232
345 247 9 214 272
245 450 30 375 12
418 326 72 251 145
328 51 356 164 464
247 435 299 131 55
3 15 47 475 482
190 138 30 322 328
401 25 393 448 102
397 157 318 66 4
332 320 352 169 193
473 372 85 291 27
143 6 209 383 396
48 106 467 485 332
126 210 451 345 279
469 271 476 267 132
233 391 446 46 338
261 125 213 398 97
448 377 264 279 437
284 289 270 398 213
125 141 48 403 264
437 399 10 275 236
436 184 25 255 222
270 160 61 84 258
196 347 469 310 51
395 26 423 43 222
95 137 49 177 414
473 406 409 224 162
249 38 282 123 248
395 196 215 14 209
477 157 429 244 429
20 442 237 311 198
366 122 211 238 126
28 377 362 26 470
152 86 351 31 204
221 141 7 396 230
324 83 371 195 326
130 243 277 229 400
388 261 334 172 372
302 0 80 419 446
454 237 158 94 475
232 121 472 16 336
291 268 205 485 43
456 391 400 403 220
265 451 439 449 486
271 27 436 455 445
378 461 147 220 4
270 284 316 445 176
60 463 349 8 37
120 275 459 339 253
484 243 403 315 359
376 382 204 339 111
266 191 308 391 192
102 123 343 451 31
271 142 77 173 64
53 415 394 455 191
139 369 325 189 20
5 350 349 432 148
460 426 175 280 163
385 114 369 207 208
2 270 417 69 32
0 393 218 135 1
335 468 162 103 7
185 462 315 249 378
247 156 211 59 401
174 488 353 216 29
111 492 86 32 179
337 463 123 268 113
81 192 18 188 463
83 121 360 112 183
51 50 364 73 72
295 218 104 454 147
405 153 97 92 146
164 414 241 111 340
212 402 450 491 423
243 92 159 209 238
37 465 277 122 145
482 30 10 45 248
376 243 307 17 270
335 365 374 474 25
48 144 235 225 385
249 448 318 247 3
77 349 224 98 260
365 445 182 84 211
419 244 140 139 154
371 441 276 179 41
127 186 386 133 373
243 183 194 189 341
173 299 199 286 95
125 116 88 112 283
133 249 323 415 58
3 362 369 218 387
98 128 270 87 155
168 22 448 244 102
367 375 201 152 291
379 262 48 104 362
