10
786
1
100
99
0.47922 0.334601
0.862621 0.0943871
0.0309297 0.15849
0.781302 0.638527
0.391959 0.52689
0.0237593 0.0254209
0.867936 0.0885275
0.744551 0.24624
0.625204 0.352074
0.633776 0.00695174
0.360129 0.781002
0.296018 0.605354
0.766198 0.60626
0.291321 0.172152
0.274305 0.852829
0.0693336 0.0293585
0.407603 0.746662
0.983243 0.69836
0.71662 0.718636
0.772916 0.584579
0.637668 0.661449
0.157012 0.891599
0.462879 0.653618
0.667459 0.868681
0.594914 0.523183
0.651342 0.0632754
0.954008 0.432243
0.28533 0.939852
0.395538 0.215902
0.121602 0.816745
0.974885 0.0123022
0.411228 0.195562
0.768867 0.117025
0.242525 0.677549
0.434189 0.121087
0.0112352 0.175085
0.0423091 0.136518
0.581727 0.667398
0.502706 0.339199
0.538959 0.594438
0.987284 0.311617
0.11754 0.707102
0.403533 0.151965
0.244666 0.463405
0.880558 0.089495
0.651633 0.189029
0.551168 0.484699
0.112713 0.199382
0.690701 0.0312823
0.340221 0.578027
0.850761 0.824294
0.542927 0.0571444
0.498566 0.463605
0.146664 0.930467
0.576814 0.251831
0.794792 0.408645
0.669097 0.867836
0.69293 0.25336
0.535543 0.348306
0.968894 0.639956
0.40087 0.615429
0.399293 0.978934
0.47604 0.847315
0.493867 0.358135
0.341761 0.666352
0.15356 0.83491
0.723201 0.749529
0.518433 0.693262
0.923064 0.448886
0.893158 0.833877
0.674521 0.531165
0.000401718 0.413689
0.671758 0.367739
0.0505421 0.671549
0.674105 0.772026
0.351887 0.0943752
0.661989 0.143817
0.746581 0.498634
0.772153 0.205587
0.29147 0.829079
0.0869006 0.467252
0.460478 0.428562
0.271791 0.87556
0.799801 0.700661
0.0722295 0.457713
0.931176 0.818253
0.815782 0.324407
0.294781 0.288531
0.725954 0.0734515
0.900682 0.772301
0.517606 0.601321
0.369008 0.578318
0.684598 0.404378
0.599055 0.142991
0.636216 0.497271
0.91022 0.922974
0.873148 0.359209
0.278611 0.887177
0.911989 0.324537
0.348965 0.0826359
0 13 13
0 70 14
0 88 17
1 18 10
1 92 13
2 61 26
3 4 28
4 41 19
4 43 10
4 65 17
4 73 24
5 64 22
6 45 15
6 58 24
7 22 20
7 91 27
7 96 9
8 21 33
8 61 16
8 83 12
8 87 23
9 10 19
9 86 13
10 37 16
11 70 27
12 90 18
13 25 25
13 36 18
13 48 28
13 53 10
14 37 22
14 48 29
14 73 16
15 16 24
15 82 14
16 84 24
17 66 18
19 67 18
20 43 28
21 54 30
22 66 18
22 79 12
23 27 27
23 61 19
23 69 16
24 30 27
24 49 18
24 75 17
24 98 22
26 52 32
28 72 20
29 63 26
30 46 30
31 32 25
32 60 26
32 67 18
33 35 16
34 37 10
35 64 23
37 69 22
38 66 16
38 84 30
39 60 10
39 76 9
39 92 10
40 76 23
42 46 10
44 48 13
45 68 19
46 64 15
46 65 28
47 79 13
48 52 14
50 51 22
50 90 24
51 82 19
52 74 12
53 81 22
54 89 23
54 95 24
55 68 9
56 75 22
57 64 25
59 78 14
59 92 20
61 84 23
62 72 14
62 79 13
63 69 28
68 92 17
70 99 23
71 82 19
77 79 32
80 97 14
82 92 29
85 93 23
87 93 22
88 97 32
94 96 17
14 793 57 325 706 100 547 129 804 960
844 712 338 697 127 516 954 549 540 280
30 737 613 573 757 954 357 897 369 782
365 489 311 195 443 705 805 746 870 159
188 809 517 25 549 11 294 702 568 170
437 411 179 636 784 500 945 495 629 978
383 397 857 238 579 776 908 747 354 319
677 971 113 373 877 406 810 963 491 629
642 202 236 276 451 462 303 485 666 404
642 7 277 181 443 204 630 568 746 757
485 509 694 309 299 441 799 336 307 403
97 540 849 112 584 699 723 620 846 955
10 684 928 338 733 206 738 563 337 716
599 978 222 280 919 554 693 546 438 939
698 750 302 376 469 211 341 713 655 958
420 592 189 346 761 173 564 560 584 456
420 119 343 957 535 184 981 231 400 405
677 370 318 418 267 84 477 361 554 799
202 766 904 940 667 58 727 17 255 63
730 810 386 593 670 192 929 948 379 374
844 435 275 928 273 234 881 351 29 882
984 764 135 582 841 769 818 844 238 296
118 82 875 548 438 471 483 289 807 502
734 972 430 125 455 178 233 886 83 594
740 801 195 346 354 696 591 1 270 864
125 447 938 958 519 966 829 279 513 898
467 665 582 657 254 534 465 848 866 226
602 263 299 254 505 955 203 563 534 109
828 807 159 40 877 298 890 614 744 579
98 449 280 625 491 914 323 152 226 180
512 811 366 749 334 89 462 231 329 526
703 708 176 979 873 531 428 68 18 658
346 104 53 498 275 961 404 882 956 439
873 686 66 429 514 42 632 289 253 834
238 716 218 504 896 171 53 624 410 319
801 452 814 804 239 560 455 163 622 239
75 753 826 748 972 183 227 625 969 406
111 833 467 966 573 361 610 985 187 407
663 212 12 739 816 230 942 622 345 697
437 655 587 457 920 13 439 444 478 519
240 956 892 816 420 907 841 735 813 411
427 743 204 270 397 128 865 360 664 139
895 692 93 723 752 940 391 768 652 356
187 563 651 100 740 773 23 730 543 840
158 60 913 684 573 436 22 703 844 802
406 98 309 730 64 391 154 632 814 741
891 933 19 909 57 442 763 134 206 186
291 531 649 753 234 239 69 193 795 429
471 326 55 321 659 353 288 569 939 837
438 381 461 465 343 607 835 833 489 172
604 103 327 216 729 955 453 431 820 274
382 108 844 565 827 714 10 822 597 625
399 60 476 460 497 725 1 367 414 704
40 658 43 488 165 742 790 612 730 363
208 720 215 243 144 399 846 827 266 43
787 182 884 977 97 650 519 774 955 36
340 213 812 506 714 341 758 973 935 334
32 949 99 25 55 50 337 876 861 280
442 373 339 131 420 423 346 257 947 989
952 405 352 636 751 899 536 560 342 5
657 256 702 126 677 957 3 972 384 437
767 857 356 800 875 312 508 403 691 784
916 487 703 916 871 316 962 265 122 105
688 608 879 327 87 219 732 451 557 40
409 430 260 894 205 239 480 211 602 195
941 37 55 80 807 294 904 449 862 87
600 45 942 401 514 541 22 220 412 198
755 287 95 698 13 452 607 359 526 559
673 243 230 389 593 547 695 271 624 539
839 565 473 4 847 960 512 587 579 333
288 670 962 326 898 560 265 493 744 110
925 500 439 986 17 684 266 13 400 106
853 359 919 933 898 659 386 824 132 575
372 64 986 553 801 67 762 784 457 418
25 331 857 348 170 100 120 251 408 435
660 492 812 948 56 508 736 767 397 431
492 981 785 30 178 776 245 464 435 874
187 194 87 547 439 51 184 3 794 440
427 348 899 861 130 771 490 914 45 511
19 49 115 896 921 487 340 329 347 113
833 65 33 259 766 267 204 114 182 104
778 199 543 815 732 962 869 808 414 549
382 743 562 239 295 353 10 893 260 174
929 596 328 689 525 934 393 716 739 34
866 505 658 6 989 963 519 203 955 415
148 787 780 949 609 890 660 292 613 314
49 978 713 828 966 862 675 102 765 793
81 258 855 129 787 223 388 384 599 594
456 555 312 932 76 987 900 428 149 528
354 912 731 314 623 779 812 453 384 373
333 699 749 623 364 105 675 430 636 723
77 788 648 20 61 890 974 527 831 422
409 652 300 221 145 441 361 500 162 418
151 747 446 846 886 61 574 599 399 243
623 688 652 184 213 23 156 148 333 405
479 869 808 864 618 947 304 201 642 723
46 306 679 17 693 370 265 850 769 351
382 257 685 458 924 421 531 342 387 721
368 702 205 877 937 754 664 647 587 689
