10
367
0.5
49
66
0.21212 0.467814
0.791268 0.221896
0.936486 0.0981125
0.198281 0.470047
0.334764 0.882046
0.698113 0.935306
0.128368 0.556831
0.520052 0.0818538
0.146114 0.699974
0.412139 0.792228
0.269113 0.416339
0.636932 0.15341
0.401613 0.137298
0.421004 0.0428628
0.330478 0.791531
0.417636 0.110362
0.302694 0.77527
0.246129 0.512256
0.324153 0.401632
0.786962 0.578344
0.510725 0.774217
0.159959 0.392377
0.589397 0.56652
0.397847 0.0199038
0.0716527 0.393459
0.478548 0.426556
0.773608 0.287372
0.137732 0.0814328
0.888849 0.498788
0.202106 0.242048
0.344446 0.0162174
0.32716 0.0603956
0.655451 0.98508
0.413852 0.781711
0.168212 0.342307
0.674996 0.0696906
0.604612 0.418597
0.346269 0.0941542
0.460056 0.535504
0.775485 0.0844438
0.699267 0.845909
0.745516 0.582719
0.389157 0.938165
0.769282 0.520307
0.389231 0.165511
0.122247 0.791462
0.559663 0.585776
0.899155 0.50903
0.764039 0.0847181
0 20 21
0 36 28
1 9 27
1 33 27
1 38 23
1 46 16
2 46 27
3 9 15
3 18 9
4 46 16
5 28 13
6 12 19
6 13 21
6 17 8
6 25 25
6 33 20
7 19 19
7 27 27
7 32 10
7 34 25
7 48 17
8 12 18
8 25 24
8 44 17
9 34 17
9 35 19
9 43 25
10 33 10
10 45 10
11 14 22
11 20 9
11 43 9
11 44 18
12 21 17
12 29 14
12 40 21
14 27 14
14 41 29
15 39 25
15 40 20
16 25 12
16 40 28
17 42 10
19 20 20
21 23 17
22 28 21
22 41 11
22 43 13
23 43 26
24 37 19
25 31 11
26 38 22
27 44 18
28 40 13
29 44 13
30 36 18
30 46 15
31 32 23
31 36 20
36 43 12
36 44 15
37 41 28
38 41 20
40 47 14
42 43 27
44 48 27
238 461 450 169 452 147 358 218 367 466
288 334 285 492 228 558 467 558 605 638
207 582 69 224 56 63 357 201 513 99
49 270 160 657 464 521 564 459 319 521
81 644 192 237 580 85 454 586 442 594
57 527 455 477 237 105 469 609 264 325
193 90 459 183 641 147 374 512 598 647
493 358 81 446 225 338 389 41 422 280
264 545 498 62 30 640 219 114 603 347
566 469 360 145 337 231 109 255 561 370
572 324 283 108 466 259 408 623 190 468
365 263 563 22 537 651 385 32 502 71
181 98 245 41 177 617 585 647 143 365
535 278 301 337 627 401 322 427 492 217
160 457 172 235 380 136 157 622 60 438
397 83 617 446 652 490 373 587 104 522
159 96 448 96 439 326 347 627 197 271
42 175 508 563 249 265 374 503 460 573
321 35 535 235 129 80 239 247 208 30
67 95 333 455 256 75 424 451 551 236
211 421 445 20 612 340 516 621 589 635
282 503 647 485 139 65 436 626 519 416
621 40 619 333 373 260 162 574 39 254
548 64 644 524 499 103 620 561 181 552
260 629 192 655 298 67 170 604 303 573
430 574 584 442 425 180 521 352 511 658
600 259 166 81 53 616 176 25 629 575
630 496 525 544 253 284 2 129 45 383
434 535 297 55 441 177 182 416 311 75
2 433 157 323 604 530 208 95 609 525
641 437 1 119 398 69 505 182 276 342
645 176 69 583 103 505 251 490 274 480
47 594 219 240 54 610 96 184 649 547
209 135 264 422 54 331 151 119 72 19
115 562 106 464 396 237 292 151 147 371
388 222 397 39 470 323 355 545 239 295
219 465 630 484 310 530 414 292 609 132
85 592 564 257 514 285 178 616 463 305
44 186 316 616 488 223 408 173 213 529
560 52 323 448 359 148 527 311 455 400
597 590 513 286 272 264 131 102 82 391
621 594 371 2 567 424 127 300 160 137
330 555 439 151 8 590 642 180 635 322
449 352 277 98 192 397 442 74 186 592
243 308 377 251 417 216 218 364 44 10
587 589 149 93 100 183 194 338 643 509
340 645 647 168 634 387 272 562 593 402
399 407 425 479 413 360 69 219 181 157
399 39 301 393 147 509 473 303 595 437
537 395 446 122 86 232 607 476 40 318
583 256 69 81 582 533 486 327 386 622
235 495 377 470 109 78 412 0 334 309
131 54 331 75 285 411 492 500 229 161
226 444 303 105 477 641 587 419 508 226
485 22 524 283 405 104 329 279 321 393
417 434 277 129 500 600 622 101 143 555
83 25 399 194 295 561 131 421 8 155
183 330 475 107 345 360 586 69 491 658
392 507 225 373 148 335 418 63 492 313
252 259 551 64 170 169 624 289 500 241
614 68 641 509 93 612 344 158 539 536
380 48 657 123 610 246 383 621 509 210
494 349 510 432 490 158 198 377 126 239
600 479 72 265 460 412 138 423 42 300
413 100 595 219 8 32 529 471 145 540
350 463 624 154 295 340 318 420 490 90
