5
1236
1
49
66
0.668067 0.0674369
0.965255 0.840913
0.924605 0.206537
0.304739 0.0226386
0.398377 0.851139
0.956057 0.250029
0.678052 0.592043
0.275966 0.71308
0.920765 0.350253
0.256073 0.532013
0.601055 0.770175
0.824041 0.988774
0.181373 0.870494
0.351678 0.0665943
0.941432 0.479952
0.940515 0.261629
0.223785 0.276955
0.374401 0.890805
0.357544 0.560717
0.49208 0.32011
0.0954307 0.237964
0.081788 0.674374
0.879777 0.188029
0.301093 0.23235
0.470397 0.972825
0.620183 0.286086
0.187552 0.15843
0.635643 0.528553
0.307967 0.230683
0.704047 0.336075
0.852109 0.893171
0.987165 0.788847
0.814424 0.855465
0.879842 0.0677708
0.822429 0.902803
0.0991203 0.566261
0.980514 0.600244
0.670769 0.94916
0.570967 0.268014
0.0863595 0.419636
0.263352 0.916886
0.979363 0.869104
0.40733 0.128617
0.432303 0.327762
0.344357 0.629169
0.104819 0.651097
0.202353 0.697566
0.695743 0.475665
0.293287 0.0056093
0 8 18
0 12 34
0 15 19
0 17 21
0 22 15
0 34 11
0 42 18
0 46 33
1 27 23
2 25 22
3 27 23
4 16 12
4 20 21
5 25 24
5 38 27
5 47 18
6 30 12
6 41 21
7 11 39
9 25 26
9 45 11
10 17 16
10 28 21
10 31 27
10 43 12
10 44 18
11 27 13
11 42 29
11 48 38
12 29 37
13 29 25
14 29 17
16 37 32
16 47 33
17 38 14
17 39 20
18 22 37
18 38 15
18 47 24
19 21 29
19 35 28
20 25 37
20 27 38
20 28 15
20 38 34
21 42 23
23 38 19
24 32 24
25 30 16
25 36 25
25 42 15
25 46 30
26 47 36
27 31 25
27 41 24
27 48 24
29 41 19
29 43 19
32 48 37
33 43 32
34 36 11
34 43 28
38 44 16
40 45 11
43 47 19
46 47 35
270 308 293 227 42
229 221 279 193 24
18 137 27 310 5
68 138 246 137 13
251 50 43 171 229
209 47 136 234 291
306 66 295 310 153
296 233 0 177 59
197 327 20 252 320
294 90 247 320 176
185 294 282 56 325
317 278 208 231 180
208 9 161 245 270
100 151 312 297 127
86 169 318 167 209
196 219 52 15 43
157 294 25 315 131
298 107 161 166 125
213 170 134 168 18
145 170 142 198 95
122 245 131 153 114
85 52 201 38 70
329 311 180 167 84
267 262 58 227 55
98 149 24 145 227
135 187 218 163 90
180 255 19 328 221
281 183 233 125 3
247 140 295 308 305
80 322 153 49 77
244 171 276 217 159
100 69 24 190 222
255 304 99 258 102
246 326 186 118 112
209 55 98 155 263
144 137 189 57 9
287 66 304 164 247
120 270 137 209 34
39 189 148 121 100
155 322 311 236 131
329 198 218 142 116
159 75 125 201 272
293 159 3 121 256
232 133 44 231 0
157 5 5 162 307
168 113 140 30 138
187 97 250 4 7
234 153 44 101 86
120 182 36 322 1
44 292 114 265 287
99 37 233 325 129
326 232 208 270 245
37 190 123 3 63
281 50 162 224 202
34 124 136 75 323
158 142 169 50 232
121 186 133 138 217
298 150 146 41 271
236 247 211 194 6
102 99 67 122 88
163 322 113 304 227
188 140 84 168 10
283 29 129 293 241
127 177 322 172 143
69 240 313 255 45
45 21 319 129 131
