5
1333
0.5
100
99
0.666559 0.996654
0.141278 0.953258
0.103499 0.286351
0.566945 0.521795
0.784292 0.466728
0.179485 0.827668
0.0310503 0.89879
0.495802 0.194541
0.633703 0.19524
0.626416 0.32738
0.530283 0.833312
0.459313 0.543789
0.485793 0.608511
0.442438 0.503039
0.182484 0.397556
0.67956 0.267337
0.969163 0.590799
0.229409 0.567126
0.676901 0.872884
0.236291 0.139133
0.294996 0.155343
0.604508 0.990371
0.264736 0.0293344
0.799352 0.19644
0.289963 0.530663
0.138813 0.581539
0.841648 0.609381
0.51827 0.848293
0.0194197 0.437837
0.814218 0.580564
0.894677 0.0348607
0.920123 0.561945
0.12665 0.20858
0.383406 0.881881
0.262207 0.425991
0.943284 0.839943
0.0394484 0.730369
0.78237 0.867539
0.505203 0.087977
0.270626 0.774633
0.235352 0.382222
0.45136 0.840804
0.867933 0.276745
0.646545 0.982162
0.114327 0.260487
0.102105 0.599382
0.076174 0.812075
0.423054 0.763678
0.302911 0.311565
0.703336 0.744003
0.84683 0.76067
0.500972 0.168894
0.994292 0.0127543
0.950518 0.894294
0.0826481 0.972202
0.816029 0.164279
0.83943 0.974493
0.033962 0.0334888
0.620058 0.250956
0.720238 0.163434
0.128231 0.934167
0.933492 0.968137
0.556295 0.68559
0.52197 0.573527
0.746257 0.493663
0.786596 0.157144
0.708579 0.766742
0.0847783 0.943923
0.24374 0.505647
0.690606 0.0430964
0.266592 0.344096
0.33211 0.205002
0.438952 0.784851
0.404155 0.228421
0.241672 0.190068
0.0260285 0.976164
0.262121 0.674892
0.485934 0.148409
0.751744 0.847356
0.48733 0.515465
0.411999 0.465514
0.0655387 0.900993
0.804352 0.965865
0.81479 0.4367
0.832182 0.689369
0.596644 0.747226
0.435125 0.829384
0.143346 0.176746
3.33807e-05 0.286343
0.334707 0.0892719
0.417229 0.460246
0.362632 0.301743
0.558359 0.844479
0.585797 0.301886
0.340125 0.889421
0.180812 0.847763
0.166475 0.493665
0.4705 0.285685
0.302611 0.117267
0.313031 0.487519
0 34 29
0 38 11
0 70 28
0 76 29
1 3 30
1 9 34
2 98 14
3 60 31
3 64 13
4 10 18
4 27 19
4 72 24
4 85 13
5 36 10
6 96 10
7 14 22
7 55 23
7 95 22
7 98 14
8 12 10
8 37 11
8 56 15
9 50 16
9 70 25
10 24 17
10 32 29
10 37 18
10 54 32
11 25 23
11 30 31
11 49 17
11 50 27
12 15 14
12 36 32
12 59 17
12 75 33
13 59 20
13 65 24
13 82 26
15 48 27
16 43 23
17 46 11
17 62 23
17 80 13
18 35 19
19 85 25
20 51 15
20 88 21
21 84 16
22 75 17
23 41 25
23 89 33
26 33 32
26 92 20
27 35 30
27 40 20
27 61 29
27 87 27
27 96 25
28 68 16
29 62 18
29 73 29
31 79 31
31 85 23
33 50 33
33 74 10
34 44 10
38 42 26
39 92 20
41 45 25
41 49 18
43 68 28
43 72 15
43 95 33
47 84 29
50 86 29
51 67 29
51 83 22
51 91 10
52 62 31
53 78 14
53 93 26
54 94 18
54 97 27
54 99 16
57 74 15
57 98 19
58 95 31
61 77 32
63 76 18
66 70 31
67 72 25
69 91 23
70 78 34
71 96 12
72 84 28
80 88 29
81 97 29
83 90 28
281 157 439 364 341
22 17 154 23 209
38 143 142 399 170
373 8 217 177 286
81 160 271 105 196
418 297 88 176 258
214 94 388 128 145
246 57 230 137 150
353 396 167 314 245
389 212 489 204 488
10 14 79 254 302
344 108 44 24 94
323 168 417 27 237
308 219 226 263 456
122 112 475 243 138
337 360 36 244 178
354 118 244 102 177
29 93 447 381 124
37 326 167 407 184
79 396 83 429 301
425 32 109 435 455
240 219 155 156 27
17 242 326 336 285
82 195 101 256 419
82 79 407 179 236
235 198 84 491 328
422 348 358 67 268
26 20 147 324 373
448 187 32 9 212
318 114 337 106 129
231 377 143 188 203
47 291 108 36 467
348 491 59 346 312
386 370 488 171 246
379 154 446 144 270
43 48 376 262 345
147 29 130 278 150
196 122 135 276 205
371 274 432 319 98
80 244 160 106 232
169 250 397 323 242
240 419 362 417 243
299 77 121 330 404
209 288 415 138 372
59 137 266 226 333
247 67 402 445 130
490 474 339 287 444
454 42 339 326 447
294 321 389 386 68
357 462 406 16 106
74 158 420 72 170
393 281 103 27 27
302 31 421 332 462
462 41 272 298 84
346 242 89 229 344
431 191 245 42 43
114 11 440 362 426
290 81 19 412 31
206 135 316 452 447
160 297 55 393 295
212 437 475 172 393
144 210 150 481 386
71 447 133 437 205
405 328 166 251 492
179 212 399 290 281
329 183 384 222 177
273 154 58 416 469
224 194 236 445 106
215 475 400 291 373
357 38 44 291 236
352 230 414 7 38
76 130 313 282 199
405 30 174 286 388
307 192 10 153 173
45 489 295 229 19
30 104 93 451 339
156 331 122 159 201
200 126 197 173 405
81 45 493 270 113
334 69 18 244 207
264 184 199 388 75
473 99 334 399 307
246 363 422 103 248
109 355 233 310 288
204 90 182 203 253
143 366 415 121 308
222 22 81 149 195
45 119 186 72 385
293 432 73 459 439
176 434 460 485 397
253 452 336 239 220
40 218 446 341 361
378 313 169 414 190
75 396 334 460 221
192 372 170 82 172
303 181 451 309 234
183 261 476 239 489
344 263 152 412 265
16 472 196 288 450
