10
953
1
100
140
0.523403 0.34364
0.304766 0.197835
0.63825 0.335379
0.60236 0.722059
0.447137 0.855599
0.783504 0.140833
0.0654998 0.945727
0.706078 0.64146
0.484725 0.824851
0.80305 0.670952
0.199988 0.448296
0.763547 0.667676
0.217664 0.373447
0.261949 0.294318
0.255521 0.717184
0.524122 0.017987
0.836613 0.487076
0.378009 0.84867
0.0345971 0.582772
0.685182 0.299311
0.00660967 0.200177
0.108443 0.0379658
0.482772 0.124005
0.20825 0.275797
0.474431 0.33298
0.81515 0.883515
0.0586248 0.539235
0.301418 0.695185
0.50017 0.186676
0.0925716 0.00173514
0.738499 0.865871
0.77883 0.48843
0.844383 0.936105
0.975949 0.325802
0.842893 0.342281
0.118889 0.718798
0.526324 0.0667767
0.771589 0.615911
0.416616 0.46519
0.137363 0.378762
0.190586 0.951912
0.828697 0.777769
0.324332 0.503589
0.920015 0.133059
0.697142 0.70715
0.128983 0.802765
0.0320029 0.27971
0.476573 0.5574
0.1036 0.672908
0.0385992 0.318434
0.205982 0.751106
0.351968 0.131193
0.788217 0.893241
0.230368 0.261614
0.797535 0.939454
0.27599 0.480491
0.866352 0.304598
0.646937 0.606554
0.969785 0.847437
0.865081 0.715509
0.413641 0.100431
0.990185 0.32237
0.105351 0.338597
0.997489 0.172133
0.821338 0.801933
0.171758 0.684165
0.0959886 0.295822
0.120438 0.413799
0.680632 0.403853
0.969151 0.141935
0.608821 0.738626
0.561789 0.213493
0.0474412 0.0188446
0.324911 0.713083
0.0962242 0.806543
0.749257 0.380306
0.65454 0.368268
0.425133 0.674799
0.881571 0.921537
0.554515 0.558355
0.774843 0.63097
0.828353 0.193172
0.481476 0.403828
0.671083 0.586224
0.766551 0.771476
0.620267 0.235819
0.199364 0.152931
0.722224 0.583649
0.899596 0.737752
0.464118 0.807091
0.476558 0.401701
0.131641 0.246923
0.638082 0.31376
0.547854 0.591404
0.813954 0.700733
0.653897 0.209682
0.244013 0.240809
0.150307 0.353449
0.125816 0.242009
0.408292 0.181716
0 1 15
0 34 23
0 61 33
1 11 32
1 48 14
1 70 21
1 79 18
2 28 10
2 97 35
3 9 14
3 58 26
4 46 29
4 52 24
4 70 11
5 15 18
5 55 36
6 90 29
7 14 32
7 22 16
7 86 36
8 67 26
8 68 14
10 20 14
10 26 10
11 13 35
11 22 20
11 43 11
11 58 15
11 61 16
12 57 30
13 70 25
13 72 15
13 99 10
14 18 16
14 74 11
14 79 21
15 17 10
15 29 31
15 32 23
15 73 14
15 88 27
15 97 26
16 70 16
16 76 13
17 26 23
17 48 19
18 28 33
19 41 10
19 88 15
20 24 33
20 28 35
20 40 13
21 71 32
21 77 22
22 53 18
22 69 34
22 98 25
23 71 25
24 31 22
24 35 25
24 46 31
24 56 28
24 62 26
24 73 11
24 76 13
24 80 21
24 96 16
25 38 28
25 82 24
25 85 14
25 92 13
27 54 35
28 40 22
28 92 10
28 94 22
29 77 24
30 60 23
31 82 21
32 44 10
32 57 14
32 68 12
32 92 15
33 79 30
33 92 24
33 93 30
34 92 14
35 57 37
35 79 31
36 66 30
37 55 35
38 74 23
39 47 24
40 71 26
40 92 32
42 64 35
42 81 36
42 87 28
43 68 17
43 90 31
45 71 31
45 77 21
45 85 35
46 55 17
47 56 28
48 77 23
49 60 27
50 90 19
51 70 18
51 74 18
51 75 28
54 55 37
55 57 26
55 84 35
55 91 10
56 82 27
56 85 17
57 69 23
57 78 17
57 88 18
58 71 29
59 92 16
60 62 22
60 75 24
61 64 12
63 93 32
64 70 15
65 71 28
65 83 35
65 99 17
66 82 27
68 82 14
68 90 14
78 85 18
83 96 30
84 89 21
85 98 35
88 93 25
89 98 24
93 98 30
94 95 11
888 1386 615 1151 134 1154 130 700 34 375
502 476 447 327 214 1150 1194 877 1330 983
424 344 278 402 1142 1326 1014 1128 941 1286
971 922 274 439 15 11 1376 1330 426 956
409 457 1295 1076 1170 189 225 663 65 406
478 1078 685 1098 515 338 1081 577 553 894
1119 150 183 421 1336 904 584 1165 1238 834
39 655 614 914 146 1029 503 778 202 295
661 720 1067 466 563 651 903 360 477 232
327 908 1392 710 325 229 1345 660 360 263
659 838 1302 1351 427 19 432 1025 1094 464
1356 562 930 1342 138 1224 96 459 803 487
826 1124 1247 1220 1185 1002 244 479 1316 45
1168 902 672 903 1229 1079 139 212 862 1156
223 1281 627 1189 690 1373 689 859 633 298
61 438 494 792 1233 1230 974 1015 1185 860
742 117 1300 956 1130 1182 45 1309 1038 1347
695 166 944 1337 937 748 309 101 127 722
1010 100 850 637 193 412 617 574 349 659
1393 535 1294 674 503 23 31 180 143 916
413 581 982 919 1273 689 1038 295 1381 462
1246 131 508 254 743 492 649 99 781 1052
432 1047 863 718 124 971 1390 1096 1020 105
715 141 83 862 649 947 459 76 1102 931
721 157 635 1106 1206 793 628 909 510 362
1117 203 826 958 818 1182 189 862 290 99
622 958 683 538 363 1106 1017 711 283 113
1165 1345 1356 1014 527 990 406 415 1086 136
557 598 374 167 1087 668 1329 776 860 1336
1223 924 1165 508 426 494 956 755 75 1248
1110 651 665 672 1192 1376 715 1251 306 160
1398 729 1213 69 1158 1351 989 104 507 118
301 1266 318 675 569 833 959 480 706 1358
167 232 669 965 244 711 540 24 1093 389
1175 104 1008 1033 893 866 55 1080 1323 1382
351 847 304 869 565 605 636 2 854 824
803 728 588 383 648 121 264 484 1169 536
201 556 1137 550 785 1181 1246 781 1305 1286
151 630 852 109 119 334 538 828 983 300
331 643 1115 190 910 1354 1195 1190 999 33
844 342 380 1200 1302 106 138 853 796 302
220 127 818 533 455 858 1343 1038 641 142
912 693 406 1249 144 481 825 716 1243 989
1364 107 1317 731 846 440 793 238 3 607
978 1215 215 1228 281 658 276 641 1294 247
682 1339 4 148 588 4 852 930 180 359
1059 1340 1147 871 400 1154 593 1194 1036 50
317 1275 1137 1037 706 313 888 1257 644 89
670 715 286 217 715 1363 567 191 1212 1017
1062 785 1369 808 429 606 602 388 251 636
569 931 482 459 1232 843 1245 361 484 849
16 849 1110 384 1115 189 1316 819 1025 21
1102 382 865 167 786 865 360 290 1162 1295
226 682 332 223 194 30 1048 352 758 426
61 1112 412 1252 168 915 878 1142 344 799
1355 510 538 13 860 976 180 984 446 1297
696 29 781 868 366 41 1155 795 1228 1349
790 264 708 53 84 812 1056 97 153 152
1260 1009 633 146 425 190 718 47 721 316
633 897 1125 90 879 1057 1303 1102 8 1391
961 760 843 602 1119 841 1290 1048 370 437
286 345 382 43 434 971 1079 1383 1113 1273
1336 1071 401 1070 1200 705 812 160 955 440
981 1112 1064 765 607 969 759 47 582 166
61 15 1303 581 1327 546 274 16 851 498
1322 795 1337 383 907 376 447 121 350 852
639 706 115 355 1217 116 1360 1207 853 632
1113 446 859 604 1166 37 51 872 770 701
1396 1346 941 505 409 442 269 11 687 285
323 973 177 900 720 818 1247 1361 65 1114
620 350 1397 1230 534 769 1199 479 297 806
1194 505 761 1148 752 396 856 1296 227 1381
997 269 111 479 1288 658 50 253 1173 706
301 266 159 1064 539 842 596 1392 1070 994
1378 466 792 1173 139 1175 851 501 843 892
1089 1364 1386 800 113 634 103 83 678 366
938 363 1382 113 221 221 973 1174 322 178
829 1148 1088 966 116 997 1381 963 240 618
79 1162 1167 1058 195 1065 108 712 216 561
343 1190 484 1297 174 339 877 405 533 722
49 656 56 1168 923 929 1344 699 602 1120
391 635 514 1267 918 273 1199 1040 990 825
896 794 129 197 425 61 666 847 8 523
35 830 645 1100 983 35 1016 227 660 215
191 590 548 948 1066 167 980 1016 989 940
339 1096 1219 197 263 338 1297 996 623 378
827 547 330 468 901 828 1213 1304 521 742
523 1399 1099 1137 1133 220 8 960 647 722
770 529 1009 1281 1170 879 1028 638 188 263
555 575 857 399 872 383 1149 520 440 746
135 999 731 152 800 513 134 144 734 762
649 309 763 783 149 797 566 371 1336 430
1208 863 38 227 374 850 618 245 1215 1014
456 1256 703 1300 347 830 536 391 609 95
203 180 899 913 774 87 1320 305 642 737
658 87 1343 59 1214 193 652 1238 851 646
1079 222 101 1013 996 1016 867 942 794 462
733 834 943 1215 520 109 663 407 568 520
1184 909 94 311 962 55 434 951 499 589
644 819 1032 565 1014 1276 361 1125 419 1102
698 468 225 681 1350 1219 1057 529 332 178
1132 1211 118 1057 618 1245 999 1052 66 895
638 1006 101 910 832 886 1107 1009 655 769
563 368 548 802 929 529 643 466 193 712
1315 291 1099 831 1234 331 1189 1247 314 336
1363 1211 464 94 497 101 1236 846 992 256
1354 943 298 1248 588 843 292 190 592 300
1014 207 821 45 447 49 933 1245 588 637
317 11 1242 1005 1008 670 386 1300 201 518
289 105 1046 119 804 10 724 827 497 1225
378 878 306 965 547 1085 357 713 225 668
402 314 141 501 467 1074 1011 968 475 1328
1180 432 618 933 658 968 344 620 748 1172
1361 566 781 1238 356 910 618 960 1037 367
827 342 129 295 541 62 796 694 223 788
449 1190 101 1099 348 839 37 124 1099 1254
281 488 734 871 909 143 479 605 692 72
125 1134 1372 754 897 5 595 628 1252 1020
1296 168 756 1326 916 269 1148 585 409 242
1318 385 1107 940 93 1174 1122 551 1040 217
818 849 1091 602 753 1089 438 1075 63 889
1215 1222 1336 43 1152 1110 1177 451 1228 675
1207 677 780 1306 1231 369 1303 1023 23 175
962 703 828 496 360 1374 62 877 342 737
561 200 1076 365 1129 638 886 381 534 433
53 1046 750 850 608 360 557 544 1141 199
942 1122 762 953 645 1002 1107 830 658 1116
23 295 684 578 359 714 548 1354 894 736
1314 208 976 357 1134 933 777 746 76 726
1355 1344 601 389 187 691 1039 914 206 392
137 401 589 141 895 452 85 83 408 1037
637 557 132 1385 774 1196 523 311 1298 168
1295 492 745 1299 1253 359 902 31 394 1032
681 1147 681 1295 853 516 96 1310 703 12
515 688 784 406 761 944 57 1344 1104 901
1099 85 75 880 1102 28 377 419 75 850
394 509 951 239 1336 376 1333 536 224 156
1205 352 786 1100 68 347 21 779 630 578
1228 1063 921 83 322 1157 1024 403 749 356
683 225 410 779 494 418 2 186 176 602
