5
260
1
25
24
0.909101 0.360214
0.749316 0.225008
0.727901 0.541873
0.124596 0.773829
0.488085 0.582983
0.536225 0.463535
0.881221 0.051337
0.916744 0.960235
0.864047 0.573704
0.202535 0.0257211
0.382993 0.595686
0.555773 0.9879
0.608634 0.13563
0.140327 0.325405
0.796481 0.581011
0.749403 0.257076
0.203262 0.472878
0.731851 0.407031
0.209376 0.183063
0.755793 0.598664
0.634841 0.934691
0.497018 0.158338
0.716059 0.18505
0.0578288 0.768076
0.119049 0.753892
0 12 21
1 10 26
2 5 14
2 8 10
3 11 30
3 21 26
4 13 25
4 18 20
4 20 10
5 16 24
5 22 13
5 24 29
6 17 11
6 21 27
7 15 12
9 20 31
10 18 12
10 24 19
11 15 14
12 17 9
12 19 10
14 20 11
16 23 10
18 21 20
99 62 101 16 23
51 52 48 71 117
117 21 44 116 37
56 31 30 93 119
77 85 13 41 30
20 90 32 32 14
89 12 37 103 85
69 70 72 80 90
83 71 41 101 8
89 59 65 62 24
30 111 57 6 91
47 25 70 107 68
114 25 61 79 67
20 76 3 13 85
60 9 38 92 35
97 75 51 48 76
71 31 33 77 31
92 5 97 98 58
58 83 27 55 101
81 28 107 93 79
109 16 104 27 111
47 31 118 97 8
52 16 73 41 6
49 106 52 113 39
