10
318
1
25
32
0.494529 0.393832
0.86597 0.539698
0.37769 0.35362
0.887114 0.64508
0.407001 0.36626
0.935831 0.636276
0.996879 0.542476
0.99552 0.92429
0.959581 0.709582
0.163966 0.0402364
0.710825 0.0470156
0.485174 0.818218
0.0554323 0.354429
0.944663 0.97172
0.530063 0.292009
0.348478 2.56947e-05
0.123612 0.855629
0.948942 0.0762121
0.419305 0.875994
0.654487 0.326968
0.778217 0.287824
0.431495 0.555343
0.403018 0.594421
0.995811 0.325632
0.0444019 0.636364
0 1 26
0 8 33
0 23 35
1 7 9
1 10 11
1 14 24
2 16 18
2 19 20
2 20 28
3 10 12
3 11 28
3 19 16
4 5 37
4 24 26
5 10 16
5 11 32
5 18 37
6 19 24
7 11 36
7 19 24
9 15 13
9 19 35
11 12 30
11 13 32
12 15 21
12 18 26
12 21 27
14 20 18
15 20 30
17 19 21
20 21 25
22 24 25
307 16 41 152 271 183 296 227 128 10
169 189 44 239 54 176 300 10 106 284
206 276 301 272 184 278 99 199 10 148
269 72 257 253 69 315 190 36 127 46
219 189 235 197 99 139 112 126 152 84
317 222 290 10 307 207 294 171 312 200
34 38 211 97 249 195 73 42 223 81
218 95 265 92 119 155 152 262 12 169
6 107 120 319 280 168 312 142 75 199
211 266 195 273 181 202 33 287 238 125
152 144 217 31 36 283 122 79 221 74
77 67 77 20 288 284 91 126 287 69
225 130 73 154 182 307 110 143 178 273
72 279 35 95 177 287 238 28 146 282
211 52 162 30 280 119 64 157 95 89
313 164 29 169 228 143 65 214 124 51
253 295 210 105 278 66 128 20 181 172
153 204 148 183 26 137 315 12 85 151
209 4 106 234 278 205 59 146 236 132
255 252 107 289 249 293 97 196 277 202
46 181 88 179 268 189 66 180 4 240
310 197 111 90 163 209 31 100 110 99
221 297 215 62 221 71 181 268 307 254
301 38 73 306 79 206 268 174 228 188
259 22 263 246 13 90 36 185 127 173
111 146 0 274 199 97 148 255 318 192
226 123 140 242 219 9 221 296 236 88
173 119 29 194 74 22 186 310 112 17
259 185 145 262 110 132 111 190 59 9
24 317 168 255 21 79 202 218 6 109
124 154 40 274 78 248 67 30 305 292
178 12 93 60 49 131 187 87 85 184
