5
1512
1
100
99
0.481287 0.075918
0.859177 0.272533
0.51977 0.790754
0.932808 0.135283
0.763404 0.0565493
0.913746 0.986163
0.473455 0.44441
0.72514 0.618563
0.400716 0.576272
0.779727 0.897241
0.191942 0.865359
0.431155 0.264355
0.149914 0.417338
0.173042 0.0143799
0.375182 0.790019
0.320323 0.511353
0.642438 0.767879
0.822321 0.834996
0.231901 0.124646
0.769457 0.627704
0.989617 0.865137
0.912467 0.436607
0.336239 0.759955
0.588358 0.453615
0.2235 0.283369
0.115376 0.604036
0.66919 0.133547
0.702238 0.0942975
0.73738 0.805614
0.981812 0.0102373
0.213425 0.787723
0.0782993 0.193233
0.121819 0.984141
0.0133284 0.786479
0.874835 0.0396759
0.622935 0.214018
0.560917 0.927606
0.739045 0.71204
0.218645 0.611401
0.161735 0.75597
0.540428 0.14783
0.738601 0.369359
0.220885 0.198258
0.0044391 0.712128
0.301263 0.246306
0.138299 0.842407
0.852703 0.507019
0.502745 0.0470304
0.432883 0.276434
0.991027 0.87078
0.729618 0.518972
0.454716 0.510188
0.382509 0.277937
0.379499 0.606001
0.592674 0.326247
0.470704 0.725343
0.620345 0.692835
0.657348 0.51174
0.738643 0.807829
0.443837 0.83425
0.704335 0.632841
0.067018 0.206489
0.0691226 0.65842
0.693959 0.714418
0.229187 0.077968
0.765396 0.944112
0.689987 0.389377
0.460355 0.616344
0.746213 0.950086
0.347137 0.717877
0.16817 0.625308
0.760155 0.226836
0.264174 0.128599
0.175157 0.628482
0.66401 0.906652
0.950782 0.965441
0.89952 0.00252126
0.253989 0.514782
0.0496792 0.75707
0.174995 0.422434
0.198077 0.835788
0.828476 0.605553
0.570623 0.443959
0.365499 0.211902
0.318843 0.200132
0.439083 0.546932
0.242821 0.738617
0.793169 0.232262
0.264061 0.735745
0.822415 0.536488
0.348934 0.590714
0.268226 0.678144
0.625615 0.38564
0.543871 0.464052
0.780358 0.721984
0.743345 0.541241
0.218895 0.39181
0.528685 0.729114
0.995533 0.962025
0.73644 0.732637
0 84 11
1 6 27
1 27 11
2 21 28
2 94 18
3 41 14
3 63 17
4 56 10
4 90 29
5 94 9
6 56 10
6 66 15
6 72 15
6 81 25
7 82 11
8 87 28
9 59 24
10 22 10
11 56 13
12 44 11
13 67 20
14 19 28
14 32 18
15 33 22
15 92 22
15 93 16
16 20 25
16 39 34
16 53 19
16 59 14
17 36 18
17 40 20
17 74 11
18 31 11
18 62 12
19 82 14
21 95 12
22 66 25
22 82 17
23 28 11
23 94 14
24 31 10
25 93 30
26 30 32
26 53 20
27 64 33
27 86 32
27 97 12
28 75 15
28 90 27
29 41 17
29 46 9
29 68 17
34 56 18
34 98 9
35 44 23
35 48 13
36 37 13
38 97 22
39 82 29
40 58 14
40 73 26
40 77 20
41 48 22
42 82 25
43 64 16
44 55 12
45 90 15
46 52 33
47 64 19
47 78 32
48 79 18
49 71 16
49 82 30
50 90 27
51 79 20
54 79 30
55 58 19
55 62 28
55 70 21
55 88 15
56 87 12
57 98 24
58 69 28
59 89 27
59 92 13
60 83 24
60 90 25
61 96 11
62 64 11
62 84 18
64 67 16
65 98 16
67 99 20
76 97 26
78 96 12
80 97 23
85 86 14
85 91 12
219 390 455 307 406
350 274 151 360 176
339 456 463 423 215
336 17 419 331 87
453 311 301 364 279
93 388 351 108 114
116 175 428 150 364
143 269 297 322 329
374 485 372 333 464
64 101 146 123 30
30 113 297 374 280
38 423 193 2 74
371 439 250 246 428
463 435 474 442 182
377 205 92 362 192
342 125 476 299 245
230 31 337 202 125
117 52 121 485 218
88 357 351 195 243
493 395 341 256 357
240 142 343 276 294
304 362 188 436 278
138 147 343 419 46
318 122 314 424 133
125 432 229 32 394
306 163 62 388 179
437 489 2 489 258
251 421 478 367 152
381 491 473 110 452
321 365 101 216 297
362 424 487 486 326
384 329 488 70 200
465 47 230 397 285
200 253 76 418 80
268 322 397 201 25
160 128 67 232 37
440 47 9 141 150
282 438 368 315 24
482 5 307 321 263
378 334 136 370 48
201 275 319 342 411
449 298 434 56 487
214 336 440 442 431
441 250 384 388 60
265 493 368 99 479
241 24 176 70 295
470 324 41 125 249
278 62 144 89 325
205 477 196 58 89
318 232 398 442 389
111 138 258 236 483
302 9 245 233 452
131 270 275 226 168
162 451 420 275 316
474 104 386 323 258
302 474 10 351 12
38 163 108 260 449
450 415 237 326 355
285 219 356 362 483
93 329 190 40 284
356 113 316 161 49
242 336 160 251 51
57 212 117 90 430
196 404 165 220 336
85 212 106 483 181
347 80 279 109 180
175 332 128 330 418
226 76 391 262 156
490 413 4 117 282
364 120 429 318 357
297 154 450 421 169
46 148 192 288 437
374 402 475 362 64
215 114 250 256 92
290 491 93 174 363
175 289 396 205 454
47 171 406 320 53
336 63 256 94 441
251 314 253 289 286
183 481 461 428 76
13 76 448 213 169
98 319 278 355 202
361 267 393 157 54
222 443 310 43 199
125 21 368 107 102
50 381 73 342 273
415 248 163 292 182
482 64 454 253 482
120 320 204 91 306
209 251 106 35 338
173 392 481 234 106
218 489 96 13 265
465 458 184 390 469
118 73 331 121 222
5 307 241 164 342
258 155 213 280 419
92 117 271 239 17
77 123 152 56 377
10 311 174 476 88
