10
158
1
25
24
0.86802 0.476323
0.72034 0.761798
0.0726844 0.906791
0.372903 0.0180093
0.867473 0.226687
0.823401 0.0944544
0.612125 0.500845
0.684094 0.215961
0.303234 0.0665043
0.688548 0.980747
0.809349 0.914999
0.56867 0.354412
0.271696 0.714826
0.00561877 0.4162
0.229418 0.589092
0.73943 0.853631
0.294639 0.829777
0.185625 0.0392174
0.41056 0.384429
0.163161 0.662401
0.676946 0.779262
0.279206 0.454448
0.696952 0.359439
0.236838 0.844724
0.256623 0.145296
0 18 32
1 23 34
2 3 21
3 7 22
4 6 18
4 22 12
5 18 29
7 14 32
7 24 30
8 9 27
9 14 32
9 23 32
10 18 28
10 20 9
11 18 11
12 15 33
12 18 10
12 19 8
13 19 11
13 21 19
14 18 13
16 20 27
17 18 16
18 22 20
166 41 147 73 219 45 225 142 204 193
215 48 201 102 129 27 4 8 217 145
79 128 142 166 115 23 214 134 5 40
15 162 96 206 182 224 143 106 3 54
117 134 178 135 233 111 159 217 196 219
50 35 237 96 146 69 197 82 28 48
60 99 117 100 3 141 69 197 9 185
36 162 36 106 226 146 173 108 162 27
137 20 21 49 25 64 24 159 180 55
36 32 213 195 124 93 147 222 59 72
29 209 14 200 203 228 196 126 202 228
238 212 57 224 164 85 186 136 119 221
235 173 138 122 216 54 77 50 28 182
101 111 59 193 47 93 71 147 217 162
59 106 183 67 12 137 111 92 86 138
91 232 134 224 229 193 147 171 8 25
115 75 232 226 166 81 201 111 147 135
225 201 132 134 236 135 45 42 129 135
89 112 58 191 60 115 145 167 209 52
92 133 220 89 192 107 236 100 137 235
131 203 31 166 137 105 66 234 139 129
177 43 237 166 106 68 224 95 239 157
174 10 119 19 178 53 217 90 159 98
148 222 221 182 218 55 151 41 77 183
