5
2297
0.5
100
180
0.220758 0.455419
0.430926 0.766589
0.0325784 0.407402
0.535829 0.484191
0.747273 0.875976
0.441479 0.0321808
0.288542 0.616884
0.555435 0.962398
0.130462 0.539192
0.220742 0.422061
0.42821 0.508822
0.840676 0.764201
0.0793047 0.667755
0.418707 0.485648
0.364219 0.107884
0.593846 0.271242
0.315268 0.498736
0.772262 0.565999
0.992232 0.593515
0.766766 0.144107
0.906587 0.194413
0.638047 0.887026
0.673322 0.395678
0.611248 0.523793
0.205767 0.997063
0.0765248 0.278622
0.665338 0.790861
0.321905 0.46595
0.949568 0.505181
0.368678 0.158459
0.833237 0.64466
0.605849 0.699634
0.18509 0.0238566
0.927053 0.173746
0.757347 0.978228
0.265667 0.302411
0.638824 0.652665
0.196542 0.0377577
0.0344775 0.131949
0.661635 0.707017
0.827393 0.272801
0.746388 0.0453148
0.785396 0.144342
0.6969 0.208311
0.19104 0.725938
0.223058 0.270988
0.13211 0.959619
0.471122 0.828515
0.0167752 0.733586
0.090975 0.0182844
0.204176 0.882891
0.901398 0.649975
0.317801 0.232182
0.517065 0.708704
0.199957 0.478865
0.118145 0.557664
0.658669 0.899416
0.59688 0.987052
0.290169 0.960218
0.74382 0.863425
0.106293 0.318764
0.191093 0.719442
0.976296 0.918377
0.0120949 0.976479
0.998566 0.148399
0.264279 0.822498
0.969985 0.300511
0.976494 0.970424
0.992506 0.719631
0.113234 0.562424
0.283892 0.825047
0.741137 0.353683
0.252371 0.615837
0.174849 0.562337
0.587004 0.016427
0.644074 0.0636725
0.119789 0.490037
0.600614 0.81895
0.591151 0.983524
0.520835 0.825006
0.387628 0.858764
0.612057 0.864219
0.529947 0.202394
0.888601 0.714346
0.469247 0.666861
0.873637 0.497063
0.28747 0.230837
0.433206 0.899491
0.109356 0.725318
0.649636 0.94739
0.251266 0.846132
0.889392 0.114755
0.190305 0.0875526
0.703579 0.92415
0.11732 0.262239
0.366393 0.550547
0.36498 0.466042
0.635105 0.969521
0.765872 0.395739
0.118145 0.665928
0 2 13
0 12 10
0 93 34
0 95 10
1 15 12
1 22 17
1 31 12
1 75 15
1 81 13
1 85 31
1 97 14
1 98 24
2 16 20
2 70 18
3 50 23
3 76 29
3 80 10
4 18 17
4 86 33
5 9 16
5 46 22
5 56 15
5 58 11
5 70 11
6 12 15
6 39 26
6 46 11
6 53 16
6 57 22
6 89 26
7 37 25
7 59 13
7 65 21
8 21 36
8 29 17
8 77 33
9 10 15
9 31 27
9 53 21
9 63 15
9 80 12
10 12 25
10 43 19
10 48 29
10 88 23
10 98 24
11 26 12
11 36 14
11 53 23
12 86 15
13 25 24
13 32 17
14 50 11
14 69 18
14 71 27
15 45 26
15 64 29
15 66 27
15 91 21
16 56 24
17 18 16
17 33 11
17 68 16
18 19 16
18 26 23
18 43 21
18 75 25
18 81 27
19 23 11
19 51 10
19 58 34
19 81 11
20 79 27
21 44 32
21 52 23
21 87 14
22 24 33
22 91 15
23 52 21
23 73 31
23 90 25
23 95 17
23 99 35
24 43 35
24 81 29
26 58 27
26 67 22
26 82 10
26 92 34
27 39 24
27 74 19
28 75 22
28 77 25
28 97 22
29 40 32
29 44 13
29 92 13
30 64 12
30 68 11
31 54 29
31 55 34
31 73 30
31 85 19
31 91 20
31 92 29
31 99 34
32 48 12
32 53 23
32 96 13
33 56 19
34 87 23
35 55 10
35 89 27
37 38 11
37 47 19
37 57 28
37 96 12
38 84 31
39 52 24
39 66 22
39 83 16
39 91 16
40 64 12
41 67 16
42 52 33
42 68 15
42 81 12
42 86 35
43 83 14
43 90 32
43 95 23
44 47 20
44 81 30
46 47 24
46 96 16
47 49 27
47 72 15
47 89 13
48 61 12
48 73 11
48 87 29
52 63 22
52 89 23
53 66 32
53 67 32
53 68 34
54 74 27
54 80 13
55 74 33
56 58 26
56 79 10
56 90 29
57 71 10
57 86 22
58 71 32
59 77 10
59 79 16
59 95 27
60 82 30
62 78 27
62 97 24
64 74 29
65 93 31
65 94 10
66 79 32
69 86 12
70 81 23
70 82 17
70 88 12
70 89 26
73 96 13
73 97 33
74 86 21
74 88 34
77 80 15
77 98 12
82 91 25
82 98 17
87 91 32
89 92 32
854 834 305 498 868
471 823 507 692 512
768 854 145 330 331
629 132 80 628 204
647 596 312 341 245
451 198 612 820 781
744 479 743 257 88
548 410 331 264 784
768 664 448 474 889
35 95 380 38 506
102 409 216 886 353
410 664 776 695 737
562 610 544 752 787
555 242 535 764 280
582 71 304 715 542
426 464 604 0 507
541 373 405 705 473
838 515 113 861 642
889 596 55 603 292
627 61 327 5 860
153 489 873 83 421
563 446 74 711 78
136 661 103 161 588
269 13 200 643 469
858 206 178 516 613
211 798 762 822 453
474 283 97 267 503
644 703 404 544 453
741 369 186 5 16
469 616 439 688 403
131 352 119 734 263
471 709 738 542 290
211 665 244 422 38
107 56 149 632 173
629 93 146 464 639
816 45 104 664 369
832 856 508 356 651
138 664 802 433 236
787 113 516 680 808
819 94 279 870 811
3 676 252 63 601
861 25 807 219 544
443 185 383 610 549
530 359 475 809 847
133 409 32 564 874
91 524 833 43 183
170 191 585 799 151
395 893 728 871 70
576 21 101 478 776
867 664 137 34 523
400 600 706 20 790
721 703 227 373 169
218 331 542 555 861
792 119 840 857 829
247 786 662 787 201
58 801 834 712 529
370 184 543 399 764
766 686 544 650 387
12 397 131 307 744
695 335 366 883 642
486 843 438 27 178
560 420 424 446 813
265 582 12 127 566
74 335 396 101 469
797 326 522 433 817
722 728 220 91 836
196 611 559 60 182
118 321 892 154 317
761 99 29 732 884
223 186 785 447 693
620 563 390 135 249
498 404 541 610 471
362 452 66 524 276
390 181 461 519 13
667 525 646 253 554
72 748 703 394 9
47 101 543 49 553
101 67 286 295 754
643 835 738 659 730
72 173 801 199 742
411 256 555 221 756
741 95 140 665 859
86 214 881 706 738
177 89 542 547 642
97 795 362 465 317
509 549 761 669 856
389 847 377 465 892
155 824 538 92 454
142 636 323 1 146
880 120 283 242 548
644 202 856 672 80
90 260 667 786 806
333 694 0 584 772
539 33 538 868 786
206 369 397 40 836
390 472 898 812 59
789 207 115 369 566
801 514 559 296 26
40 764 763 337 37
750 430 529 390 826
505 756 429 553 445
642 581 324 689 606
540 110 612 510 575
825 785 767 725 798
33 380 143 424 662
477 37 259 94 166
537 193 601 781 805
724 9 253 712 632
206 717 378 694 751
178 39 71 20 704
593 3 13 797 532
121 340 719 40 410
209 247 577 13 272
313 402 148 81 145
452 37 835 707 519
823 511 810 845 459
396 411 278 327 569
756 393 341 834 714
621 621 819 567 303
780 86 222 582 164
23 597 384 279 807
708 777 696 726 141
807 312 281 348 849
354 638 367 562 711
732 746 356 896 275
531 354 432 574 176
528 361 710 453 592
371 419 780 174 755
357 707 772 544 894
821 738 236 40 180
107 568 757 633 41
808 713 820 89 881
122 166 324 25 446
751 450 774 51 442
701 807 897 405 429
487 49 746 691 114
163 50 125 878 419
107 133 672 304 3
530 806 575 204 261
595 723 373 745 101
322 434 233 31 440
273 553 304 796 638
200 268 817 733 540
837 692 242 706 550
893 514 22 334 603
613 99 763 762 239
584 714 855 50 844
160 234 642 109 851
477 754 604 796 284
528 185 623 28 832
561 321 390 325 674
429 501 298 551 610
645 559 719 476 891
289 212 631 614 343
31 140 498 213 624
194 791 97 599 520
10 12 763 182 685
642 188 891 517 590
214 867 881 0 422
699 7 351 325 267
796 137 253 281 747
375 845 370 655 467
365 172 277 766 664
340 402 423 449 518
21 361 64 845 315
876 773 229 661 539
836 246 515 220 255
629 336 758 852 223
598 732 818 818 419
528 215 127 824 97
438 65 241 483 271
193 451 816 410 164
395 795 719 654 131
405 595 23 535 808
473 700 54 719 400
559 367 94 436 606
67 785 334 193 640
216 808 401 742 858
699 881 613 614 501
403 839 46 71 474
