10
147
0.5
25
24
0.0399006 0.810231
0.865591 0.336362
0.267743 0.526499
0.946353 0.309502
0.290914 0.660517
0.89454 0.642958
0.600264 0.805388
0.740836 0.056531
0.0333204 0.562122
0.648433 0.796666
0.494377 0.103739
0.0227389 0.403365
0.863798 0.722037
0.372483 0.119728
0.310686 0.207107
0.00121351 0.686674
0.491892 0.325816
0.378971 0.0786644
0.949111 0.712602
0.52563 0.427077
0.46992 0.567775
0.922642 0.232817
0.892237 0.481979
0.518232 0.237935
0.42389 0.187926
0 17 24
0 24 27
1 19 24
2 9 27
2 19 18
2 23 18
2 24 11
3 10 32
4 16 14
5 20 30
5 23 27
6 13 16
6 21 23
6 22 21
7 19 15
8 23 34
9 21 19
10 15 35
11 20 32
12 16 26
13 15 26
14 15 22
15 16 35
16 18 32
16 222 184 144 199 87 9 24 37 150
67 25 52 183 71 83 226 62 155 6
181 201 18 104 98 27 193 45 96 50
222 110 163 54 237 236 60 215 186 195
7 91 109 159 24 87 206 0 2 205
125 188 187 161 149 101 23 190 43 212
110 25 160 235 83 11 10 145 87 191
179 31 60 154 222 91 9 87 156 201
177 67 232 164 19 187 233 181 147 165
231 0 150 180 122 135 189 236 135 156
28 55 59 140 95 199 218 187 187 138
239 68 22 17 123 239 60 100 145 43
151 29 13 205 152 91 184 88 128 47
199 103 193 56 45 64 36 147 227 94
81 65 22 230 217 231 115 22 211 69
116 19 137 153 183 174 99 29 33 18
221 0 213 190 8 229 125 28 95 175
166 88 14 208 194 110 24 227 33 113
65 73 192 189 22 213 227 78 124 51
88 205 209 172 227 15 138 126 49 27
57 148 150 193 73 50 205 194 209 147
66 20 97 28 112 63 196 33 74 9
60 201 51 181 8 107 152 133 1 203
239 16 198 207 134 111 107 58 126 197
