10
1142
0.5
100
180
0.493349 0.256576
0.626085 0.741072
0.773678 0.604587
0.339468 0.303366
0.499131 0.799058
0.185392 0.743932
0.275235 0.252937
0.591933 0.692455
0.13222 0.0602408
0.867045 0.650816
0.360234 0.978811
0.519083 0.47626
0.586534 0.874207
0.98849 0.641991
0.1665 0.681403
0.749224 0.0962155
0.707594 0.285041
0.938317 0.278658
0.284579 0.936057
0.349192 0.136457
0.00394558 0.938885
0.342498 0.264574
0.697473 0.813353
0.435009 0.189124
0.0547439 0.332226
0.492189 0.760102
0.993875 0.632932
0.373237 0.599596
0.441702 0.526877
0.20027 0.0474843
0.0534745 0.214015
0.751574 0.155723
0.507575 0.880171
0.507962 0.100624
0.496682 0.733157
0.271328 0.839952
0.995036 0.982041
0.895485 0.666703
0.383275 0.463675
0.701585 0.50055
0.200604 0.605954
0.466512 0.484187
0.444967 0.674921
0.767988 0.114446
0.745375 0.285908
0.97855 0.360851
0.544973 0.801292
0.0390427 0.930103
0.997989 0.157124
0.315921 0.179884
0.363195 0.793946
0.134819 0.776282
0.961929 0.261205
0.106782 0.614213
0.0240226 0.644616
0.517539 0.508396
0.74194 0.0788948
0.583609 0.880577
0.093107 0.331254
0.645446 0.749842
0.133787 0.829079
0.939378 0.887419
0.282763 0.354653
0.729182 0.982634
0.087629 0.216213
0.132287 0.61347
0.864453 0.348256
0.0297298 0.536828
0.594751 0.214625
0.764896 0.358426
0.285239 0.706956
0.914934 0.755651
0.0521652 0.632122
0.708924 0.0159727
0.322531 0.183177
0.426832 0.235061
0.770451 0.526673
0.391024 0.49452
0.693844 0.0833555
0.629993 0.284189
0.727801 0.99109
0.666968 0.624343
0.736615 0.723261
0.835066 0.102731
0.627826 0.77265
0.882706 0.116284
0.141829 0.275313
0.689621 0.623082
0.217102 0.507809
0.0227109 0.00297419
0.825937 0.272347
0.607465 0.129609
0.546768 0.159644
0.588521 0.0803346
0.430803 0.373665
0.615437 0.848374
0.00637453 0.220987
0.844577 0.312442
0.561019 0.925806
0.119929 0.570005
0 22 14
1 29 30
1 36 26
1 85 18
1 86 34
2 38 28
2 48 16
2 93 13
3 12 17
3 96 24
4 9 26
4 10 10
4 47 33
4 65 26
5 59 33
5 68 29
6 11 17
6 30 16
6 43 35
6 58 13
6 81 28
7 50 16
7 71 23
8 19 15
9 11 25
10 40 11
10 54 24
10 88 10
11 44 16
11 61 30
11 81 10
11 85 26
11 87 12
12 13 28
13 15 17
13 69 16
13 95 26
14 20 11
14 74 11
15 32 17
15 35 34
15 57 12
15 77 25
16 45 19
16 94 20
17 68 24
17 79 22
17 87 18
18 20 20
18 46 18
18 76 34
18 86 10
18 92 19
18 93 21
18 99 12
19 68 17
19 80 27
19 84 20
20 25 35
20 74 23
21 24 20
21 40 10
22 46 11
23 29 17
23 47 28
23 56 22
23 80 21
24 27 23
24 35 15
24 62 16
25 45 34
25 47 32
25 54 33
25 60 25
25 61 32
25 78 14
25 86 25
26 39 21
26 56 18
26 81 23
27 30 23
27 73 24
27 81 21
27 88 11
27 97 33
28 40 17
28 68 11
28 79 13
29 33 22
29 47 11
29 68 28
29 79 30
31 38 26
31 41 20
31 46 15
32 52 32
32 56 17
32 62 16
32 87 13
33 88 21
34 37 28
34 60 26
34 65 26
34 99 27
35 53 12
35 56 33
36 68 28
36 80 19
37 41 30
37 44 11
38 46 11
38 81 20
38 89 25
38 99 19
40 57 27
41 43 21
41 65 24
41 86 23
42 53 24
42 83 28
42 84 13
43 57 13
45 91 26
46 53 31
46 65 29
46 78 11
46 85 24
47 50 23
47 70 17
47 88 13
48 81 23
48 83 12
48 87 22
48 95 27
49 54 21
49 98 17
50 56 27
50 57 16
51 91 33
52 80 17
52 92 29
53 75 23
54 74 21
55 74 14
56 74 30
58 74 16
59 70 25
59 85 17
61 93 25
63 66 10
63 68 10
63 75 21
64 70 14
65 92 29
66 77 33
66 80 10
67 74 21
68 70 22
68 97 18
69 77 26
71 91 22
72 75 26
74 89 21
75 84 14
75 85 32
75 88 15
75 96 30
76 98 15
77 81 20
77 90 31
79 86 35
81 90 11
82 93 10
83 87 10
83 95 16
83 98 19
84 88 29
85 92 24
87 94 18
88 89 14
1193 1422 43 113 672 261 800 1701 1701 486
1539 1743 1448 197 543 1741 913 223 5 1531
243 212 810 688 902 1796 250 642 619 1714
270 949 1596 309 267 1571 1118 1037 754 1114
1333 938 479 849 1140 103 843 514 811 1703
137 551 1131 74 422 1311 119 246 761 1606
1526 119 38 68 378 695 1340 1049 1533 1121
1357 254 1293 915 698 114 427 1479 1785 338
696 930 1115 1311 1176 1438 1738 609 1429 1581
1087 1210 1255 1266 331 960 992 1406 715 707
443 1361 388 597 439 1557 1700 1265 518 1022
273 315 559 1574 52 843 1394 1637 226 1151
1568 487 757 511 1633 349 1003 1703 976 532
545 130 399 1464 655 1226 976 757 352 159
1675 898 188 777 341 1533 163 819 1183 1175
546 298 205 31 1142 1338 409 1680 338 1461
65 728 187 665 761 234 1282 538 1246 175
1794 1278 1302 82 781 881 1202 508 1193 227
1434 1542 1198 422 828 1363 1685 579 510 686
542 1138 977 964 1020 509 1207 1226 312 1780
1249 1342 1324 311 973 128 802 1518 1426 1426
1136 1142 62 203 487 293 267 612 1202 1231
1534 282 205 379 772 1018 331 197 94 925
1542 1199 1115 66 1522 1602 870 1640 1405 959
9 54 1477 331 862 931 1650 1411 1480 1724
471 1033 837 102 1393 436 459 1222 1534 1045
678 1139 310 424 159 53 1587 733 1311 180
1716 145 974 934 1457 886 866 669 1765 1111
176 221 945 356 657 782 634 1669 1788 1104
383 1729 239 705 1449 1369 228 930 1167 1272
509 487 942 1730 63 1169 1769 726 437 953
954 566 1252 1646 771 124 845 1339 631 1008
328 1333 1649 923 1543 749 1349 198 460 112
1200 492 1223 1047 1267 483 874 282 1153 510
1471 799 835 1262 687 1493 265 1268 746 655
133 1276 1447 1188 851 1544 1315 182 1687 1403
678 448 599 933 82 1139 1305 1585 446 1704
1375 1284 965 1789 608 674 1218 750 1302 639
954 1127 1679 626 232 463 1759 1154 673 170
1738 781 1018 1015 1194 1356 6 363 221 408
587 51 978 1324 440 911 228 847 471 1666
705 504 422 502 553 879 1779 1056 1214 25
1286 565 1008 1658 827 828 843 845 135 57
483 319 555 1111 366 440 220 1667 484 195
132 774 1792 1378 596 1371 50 689 240 209
559 1774 1239 1690 1410 815 1065 859 56 1607
1213 1124 1106 932 945 1775 1169 1782 256 174
217 777 1740 1020 884 1553 1120 1174 270 96
732 930 473 373 377 1502 1209 1410 1788 368
497 1636 1797 422 1484 1024 1086 217 1762 1652
867 1134 597 1135 1628 1589 908 390 724 1078
1709 127 241 512 597 992 314 701 1781 971
1642 894 866 1290 625 293 1568 1396 196 422
1145 1026 25 214 373 1795 514 1525 934 883
744 336 1734 32 1737 430 424 321 1613 1541
793 1064 759 320 1676 678 752 195 348 1148
1037 544 118 1547 25 1486 45 136 1078 477
1220 1229 108 237 1373 1220 71 504 1551 1208
1061 335 1489 649 976 58 948 1067 284 977
726 590 1500 29 50 1220 283 259 787 92
167 1410 393 1797 1760 976 1528 1596 255 671
1770 21 20 1507 1739 924 292 664 1724 1708
12 1140 431 563 1375 1205 455 339 763 669
536 115 1263 465 74 980 6 314 1721 1627
1570 947 592 1212 311 250 144 530 1214 299
55 454 1521 258 693 1492 1699 1600 1637 821
1372 1544 696 658 482 1240 705 1429 1667 1104
874 1286 686 1558 1231 667 347 1340 135 1660
1271 225 524 1504 1065 1417 1076 412 1101 1703
318 874 1718 1772 297 968 281 842 457 479
330 91 332 1547 613 1023 9 519 1472 1583
721 1302 1180 62 169 1688 903 67 1487 812
1499 1511 1220 228 968 117 357 515 849 1640
769 1243 1060 1014 552 1599 517 809 1306 608
1547 1361 784 205 1545 1011 537 338 660 394
1114 1356 1496 1397 1096 573 636 1508 1021 1347
88 969 1036 584 1587 1542 1201 380 1555 1186
1039 1586 56 1740 954 463 1091 309 1106 1034
730 254 156 413 1552 169 725 1139 709 169
1085 1589 15 1349 1335 688 507 365 1262 127
1668 959 1791 1211 1703 1152 1543 456 456 1127
1080 131 1620 1777 711 41 1550 1431 540 1664
846 1789 437 1589 861 192 130 1273 1633 405
1084 1783 420 154 1722 514 1108 1698 1258 227
1142 1014 441 199 692 1551 120 953 52 1764
523 574 1571 1684 1100 87 317 300 1481 97
1418 935 162 599 349 1579 696 579 1467 1297
953 1510 1241 909 610 260 28 1593 1225 596
189 1100 608 162 880 1133 70 125 89 490
229 1526 781 1180 136 117 847 798 334 228
1243 188 985 1140 1251 660 312 1770 546 995
1198 1193 1367 1588 1179 1313 1155 1678 194 130
315 222 98 257 702 982 1206 728 263 1084
266 500 516 1396 95 1695 1011 1069 1319 632
209 805 588 1218 1239 1107 913 1346 103 864
559 1527 197 98 281 1434 696 1116 1653 1293
1503 587 408 589 1454 1064 990 1620 1788 803
964 409 1069 1716 24 863 1015 1028 1107 1482
10 482 728 1151 33 1367 1562 738 584 457
1009 1348 840 1329 1339 599 615 331 152 722
368 430 20 944 1218 121 1680 1446 505 784
242 1762 787 810 466 1143 683 1656 1452 874
763 949 1049 1013 596 253 1424 898 1422 895
44 736 1642 1564 533 1440 1325 1067 1668 1481
59 1786 1234 832 235 1694 269 1588 309 804
1164 340 1124 1347 1086 205 10 484 314 788
694 1550 1403 139 1067 214 430 709 10 76
542 529 1069 1103 888 289 600 1472 539 1382
381 1509 116 157 1106 1112 276 1640 377 964
73 1650 221 1659 186 985 812 1062 919 611
54 347 1628 235 1287 1048 448 1564 136 1158
1153 1775 1505 921 594 183 1023 975 1296 236
690 125 13 989 900 1410 708 472 43 1347
1431 506 1314 65 533 364 779 632 962 547
343 1363 288 48 894 1364 546 1338 286 1289
1118 1129 207 760 237 1399 186 1208 1175 933
1155 349 587 1705 956 1694 700 1116 1441 1624
854 76 1090 45 1650 642 545 1586 643 1478
1069 1483 59 1381 524 1174 175 1738 1696 58
1445 1179 98 1379 1548 410 1236 1071 528 1678
1145 904 1440 810 1502 913 884 230 508 1491
947 743 789 145 105 1333 1007 353 736 1341
573 1249 892 996 418 660 973 390 718 1309
194 879 1787 1314 1725 449 1502 1116 1272 1067
1364 268 197 155 1340 504 1053 1792 1058 1372
1736 1591 522 1147 1788 1173 885 56 1343 37
726 493 786 258 436 1636 240 661 707 348
211 629 835 718 721 934 549 244 1396 884
975 1604 1735 402 781 1132 1048 8 398 200
1688 574 649 459 1348 1095 879 1556 1597 1586
162 1071 371 1213 411 1124 1799 892 361 1461
1165 143 579 405 1189 1228 244 686 617 601
1174 1376 1112 1221 499 1788 1414 177 1097 1217
518 609 596 1412 1185 1532 445 1549 1042 131
924 987 1443 202 82 1380 1254 1667 236 694
362 97 967 124 449 914 555 1211 1499 1281
417 294 873 158 362 1343 911 533 220 1633
801 1103 510 902 1071 1078 313 1051 627 301
1354 981 1110 1181 12 23 1066 795 1158 1724
337 253 95 238 867 368 566 1764 1325 1623
123 1656 1732 126 628 1155 167 75 588 1619
690 732 409 1761 911 1178 1164 757 776 1001
204 618 1209 1739 975 1069 1193 198 881 766
1425 1656 1093 350 116 1315 905 568 424 82
1214 1539 1077 500 1167 1347 1770 167 326 463
1352 79 166 1492 1566 33 357 798 315 1325
486 1413 1387 1384 1727 670 1292 1081 1274 356
1494 1453 45 1704 257 1680 1546 601 588 1190
1225 674 1130 130 1228 1165 359 931 393 176
615 990 1082 1428 1371 1095 188 664 1223 210
1411 42 1182 5 1557 438 256 280 1700 1536
415 896 913 1145 1641 433 1236 463 300 160
162 1317 679 1693 1567 1071 207 1362 892 889
1132 183 1462 1319 1015 333 688 1135 503 1598
638 1020 1275 160 1286 1553 1265 1661 488 798
311 743 829 1429 1093 785 1767 1120 74 1071
1530 1154 720 11 750 318 1583 732 438 202
1155 502 1062 1756 1214 1326 1014 1305 1315 923
629 639 1147 328 1408 74 1515 277 1491 355
656 1124 1277 74 25 1152 1055 254 694 1284
1462 475 1022 979 932 1015 1315 531 94 1351
6 261 1067 462 849 1662 1124 1698 291 1481
963 928 871 484 1572 451 1795 908 1253 519
31 1525 67 1273 912 948 1313 39 388 603
1384 1180 443 230 865 540 1477 1198 1381 1246
155 309 803 251 1197 1231 1304 1581 414 1591
1355 748 1327 1252 756 173 845 402 443 410
949 469 116 697 1529 1250 1055 1535 1431 419
247 587 362 1353 1200 1368 973 891 1152 164
1376 899 582 1347 1109 87 281 1125 1033 1018
34 1725 1139 609 1055 1795 1070 1002 1058 1342
1200 257 1267 1740 1144 1083 462 445 715 1113
1099 1013 858 1398 1130 552 541 577 1597 1281
671 203 1022 22 218 1198 1136 1097 978 496
562 1468 749 401 679 708 1113 1371 1026 1444
738 789 166 897 344 1017 1142 1343 1028 895
908 1712 1110 249 124 215 776 630 1114 666
766 1410 921 1272 1660 114 1012 1086 248 795
1360 1713 1594 1512 448 46 1590 1430 563 1067
1389 1405 99 836 1627 1172 365 154 183 1314
