5
656
0.5
25
40
0.167337 0.935515
0.967272 0.0274191
0.0113846 0.805079
0.734657 0.0353296
0.155841 0.0869952
0.15814 0.986679
0.30102 0.712212
0.345528 0.352285
0.232348 0.844707
0.390431 0.332781
0.815405 0.572305
0.0671458 0.855485
0.364936 0.830904
0.774198 0.653125
0.100985 0.260596
0.587267 0.12702
0.151555 0.246011
0.999904 0.673507
0.11704 0.573024
0.757822 0.916748
0.776179 0.329343
0.686624 0.210603
0.454301 0.694212
0.82078 0.304979
0.944431 0.933943
0 7 13
0 12 14
0 15 30
1 12 43
1 19 15
1 22 36
2 6 20
2 8 16
2 12 25
2 22 31
3 5 41
3 8 36
3 22 20
4 9 17
4 19 43
4 22 21
5 21 37
6 13 33
6 14 14
7 14 17
7 19 29
7 21 24
8 10 41
8 11 12
8 19 37
9 14 20
9 18 19
9 20 27
9 21 21
9 23 30
12 19 28
12 24 41
14 15 34
15 20 13
15 23 17
16 19 43
16 21 38
17 22 39
18 21 40
21 24 18
182 194 69 28 94
176 75 15 142 109
172 21 130 145 19
29 82 189 148 184
51 70 72 35 179
196 142 179 2 22
136 24 123 24 49
170 148 7 46 100
8 156 156 6 176
60 156 163 53 156
188 2 196 65 103
154 195 199 82 3
195 127 135 44 30
22 196 14 73 130
128 116 57 174 163
112 154 141 157 199
148 51 29 62 16
95 167 33 177 73
13 72 120 189 55
177 64 58 74 87
88 94 78 126 113
168 114 165 137 158
172 31 78 164 117
49 68 97 78 77
112 173 103 124 60
147 121 58 67 15
157 31 45 158 25
100 137 188 139 52
121 109 169 156 131
136 180 195 4 63
64 49 112 59 112
87 123 103 148 149
4 50 58 96 58
154 18 110 42 187
143 109 198 150 65
92 92 33 127 7
169 54 56 101 24
133 131 78 196 20
37 77 110 124 94
29 133 85 138 195
