5
710
0.5
49
66
0.994345 0.304087
0.597779 0.0929685
0.153095 0.246405
0.90195 0.466025
0.557795 0.500674
0.343998 0.900855
0.513769 0.371947
0.065797 0.891399
0.197462 0.629113
0.0687709 0.533152
0.933725 0.102699
0.724961 0.876466
0.66689 0.565069
0.797172 0.38043
0.261523 0.64597
0.166189 0.152387
0.974374 0.728566
0.671885 0.336117
0.830275 0.745784
0.425141 0.920238
0.700921 0.0515004
0.913396 0.811003
0.901653 0.223743
0.33545 0.47804
0.408994 0.625664
0.335064 0.829597
0.700534 0.875874
0.145636 0.695636
0.905857 0.977358
0.207914 0.99623
0.630006 0.322799
0.259489 0.367203
0.714078 0.662956
0.745437 0.877234
0.502124 0.447207
0.335633 0.869789
0.172743 0.417462
0.814089 0.452338
0.903112 0.373068
0.218648 0.334564
0.0425227 0.475457
0.584514 0.892248
0.33312 0.901374
0.984385 0.976259
0.585329 0.945391
0.417127 0.369264
0.397239 0.0503454
0.396718 0.753339
0.20615 0.663959
0 33 18
0 37 13
0 41 29
1 24 13
1 29 28
1 45 13
2 5 13
2 12 36
2 35 13
2 41 31
3 17 16
3 24 35
3 26 14
3 32 13
4 23 16
4 27 29
4 43 30
4 47 11
5 8 10
5 26 25
5 40 21
6 10 30
6 11 15
6 15 25
6 21 28
6 27 26
6 29 22
6 32 14
6 48 22
7 48 10
9 14 14
9 23 19
9 35 19
11 31 33
13 23 33
14 17 29
16 20 19
17 29 33
17 46 19
17 48 33
18 41 17
18 45 29
18 47 31
19 30 14
19 44 11
20 22 14
20 39 34
20 43 20
21 45 35
22 33 11
24 44 12
24 48 14
25 36 11
26 28 15
26 34 14
26 39 34
28 46 36
30 45 15
34 42 12
34 48 21
35 41 18
36 44 29
38 41 23
39 41 26
39 44 26
41 48 27
259 11 27 150 23
132 151 38 288 266
231 252 34 26 202
150 195 37 164 280
33 152 66 318 237
126 47 267 18 198
172 237 268 255 321
89 278 311 251 249
42 174 306 102 71
240 268 148 157 291
248 156 119 33 139
81 180 287 98 23
254 228 115 101 313
175 137 225 275 107
284 295 265 309 42
325 216 269 24 80
219 94 144 167 283
323 179 150 36 8
214 81 88 165 76
12 327 189 61 317
214 266 209 121 216
171 70 177 195 58
192 205 191 11 245
9 151 250 84 95
116 169 122 286 219
115 302 123 237 110
38 68 251 141 169
146 151 118 258 137
277 321 21 215 74
189 191 94 184 61
256 37 72 28 236
248 216 99 59 28
84 253 304 241 99
312 316 98 194 321
221 188 321 254 210
311 255 68 122 324
179 329 118 174 258
132 136 68 191 311
105 262 45 290 159
253 99 129 57 279
273 65 120 89 15
291 222 97 159 234
199 190 90 263 269
4 68 329 44 145
233 48 99 263 260
77 156 203 61 220
184 238 80 174 231
177 37 1 314 242
7 75 251 112 59
73 199 237 181 119
83 179 43 218 169
210 29 174 215 125
14 271 1 61 300
131 281 229 121 317
74 222 119 264 40
295 50 131 227 270
257 324 282 261 242
202 323 197 81 126
169 154 106 229 266
258 232 63 307 273
282 51 240 252 64
147 162 4 276 287
293 52 171 2 215
143 185 17 161 290
298 256 101 131 328
214 217 274 158 100
