10
304
1
25
40
0.922276 0.656962
0.470249 0.225527
0.0807116 0.420956
0.37788 0.613587
0.316869 0.411588
0.191458 0.05274
0.846181 0.597637
0.481311 0.502582
0.66931 0.00122476
0.508098 0.0204289
0.160798 0.0716654
0.324337 0.529244
0.94022 0.552601
0.407558 0.311536
0.309733 0.337918
0.305155 0.920447
0.54555 0.460673
0.933122 0.234559
0.308857 0.600825
0.582937 0.10945
0.993095 0.108344
0.767807 0.634922
0.0507445 0.412694
0.375047 0.447792
0.40518 0.447296
0 7 31
0 16 27
0 21 11
1 4 11
1 21 21
2 4 17
2 5 8
2 7 28
2 11 17
2 13 23
2 14 16
3 6 33
3 9 9
3 10 15
3 19 14
4 22 19
5 9 22
5 13 15
5 24 15
6 16 21
6 19 19
7 8 13
7 12 32
8 11 24
8 12 19
9 12 31
10 14 11
10 16 27
10 18 10
10 23 15
11 16 16
13 21 25
14 16 17
15 19 20
16 18 17
16 23 12
17 19 25
19 20 29
19 21 13
19 24 13
26 339 367 332 162 131 368 361 231 347
199 23 309 362 334 393 299 116 51 69
287 22 342 395 101 342 220 114 99 237
51 21 25 289 173 121 331 196 320 86
226 136 22 396 303 338 179 300 144 85
101 147 245 236 190 326 60 21 27 393
83 226 130 64 22 209 145 228 225 131
214 339 226 1 367 304 261 188 205 166
119 366 393 24 204 275 5 283 278 153
220 302 215 312 328 240 182 231 274 386
341 151 321 293 294 130 102 218 208 53
300 15 4 17 40 326 355 350 144 267
216 21 157 329 280 17 125 122 78 206
264 64 230 322 362 31 31 177 52 354
313 370 391 110 347 121 341 316 384 140
101 314 330 125 118 327 204 92 96 123
18 343 282 266 307 285 227 22 367 23
295 148 342 35 383 27 86 118 399 279
349 127 108 228 149 65 380 136 58 98
115 0 139 173 51 156 188 81 75 82
260 365 81 157 374 188 383 177 58 249
300 221 104 195 43 142 396 165 268 163
296 320 360 8 177 6 177 313 228 117
84 383 272 87 359 394 243 46 57 203
108 231 212 34 205 381 254 122 149 42
342 328 335 55 78 169 19 13 142 386
217 136 146 275 184 193 391 16 167 189
161 363 161 47 146 118 97 6 375 238
36 255 197 102 330 242 363 85 208 144
82 10 395 266 218 265 237 312 235 304
122 198 302 118 155 150 378 65 393 97
325 171 381 268 151 336 74 378 308 108
52 184 28 333 315 283 41 0 86 232
135 18 168 352 258 251 26 237 45 117
395 367 260 399 39 342 309 77 108 28
69 375 257 309 367 26 82 57 224 39
335 243 47 61 147 383 323 246 311 185
210 286 32 224 295 358 131 372 103 46
304 238 86 129 347 278 342 31 217 60
11 179 374 241 377 260 108 258 92 33
