10
514
0.5
49
84
0.402522 0.84032
0.769309 0.55164
0.538456 0.0209496
0.213154 0.79224
0.967163 0.750935
0.813956 0.546581
0.91216 0.260635
0.860351 0.137919
0.698161 0.0437321
0.339587 0.917696
0.223694 0.527823
0.833562 0.821835
0.903726 0.63536
0.728506 0.544306
0.265216 0.574402
0.159994 0.303033
0.873564 0.290207
0.831212 0.930527
0.518646 0.215353
0.237236 0.317876
0.106081 0.225853
0.291233 0.594132
0.884104 0.401636
0.218021 0.503693
0.20732 0.328171
0.465697 0.470145
0.643335 0.195804
0.433653 0.0821081
0.488432 0.634455
0.974343 0.75288
0.741304 0.507901
0.458717 0.345074
0.71136 0.867932
0.249998 0.464659
0.293114 0.045893
0.597681 0.148605
0.544217 0.929782
0.204795 0.175875
0.553579 0.481159
0.223969 0.171739
0.811559 0.528422
0.868554 0.488398
0.591386 0.476697
0.457175 0.153207
0.76335 0.733592
0.432352 0.0332237
0.976557 0.745591
0.643931 0.77662
0.0136759 0.0431573
0 1 26
0 5 29
0 8 21
0 17 30
0 19 12
0 35 14
0 36 10
0 44 26
1 12 10
1 42 13
2 6 26
2 9 14
2 13 13
2 21 17
2 23 23
2 46 31
3 9 9
4 8 19
4 11 9
4 26 23
4 28 34
4 38 29
5 45 27
5 46 11
5 47 12
6 27 34
6 32 14
6 36 26
6 43 32
7 42 19
8 22 13
8 34 29
8 36 11
9 25 9
9 32 26
10 42 26
11 25 26
12 25 31
13 18 15
13 27 21
14 26 27
15 28 23
15 31 21
15 38 28
16 27 31
16 30 9
16 45 31
17 25 26
17 27 28
17 35 17
17 42 17
17 47 13
18 20 29
18 39 21
18 44 17
19 48 16
22 32 12
22 44 9
23 26 30
23 35 27
23 45 15
24 27 16
24 28 20
24 31 18
24 42 27
26 33 28
26 37 31
28 32 16
28 34 14
29 35 27
29 42 27
29 44 15
31 32 18
31 33 15
31 40 25
33 38 21
33 42 24
35 41 19
36 39 23
38 44 15
39 43 16
42 43 9
42 44 12
42 45 11
687 642 729 104 414 499 331 432 703 746
269 337 770 788 568 627 780 228 646 458
279 534 378 432 261 463 354 508 480 763
212 61 234 305 174 150 371 628 18 593
231 177 780 336 520 789 148 403 144 483
672 165 123 32 352 244 639 542 147 360
729 531 751 811 106 412 767 78 665 800
634 306 161 177 680 754 199 119 77 370
395 469 158 750 323 768 639 112 23 349
22 691 359 406 807 116 277 178 18 170
709 27 447 232 185 94 265 657 95 594
228 636 329 235 147 397 254 754 430 597
456 625 702 644 577 148 404 325 705 404
416 594 732 665 124 571 695 206 322 252
188 488 233 78 76 622 165 70 295 469
135 485 748 277 228 470 231 541 226 716
451 304 653 831 297 95 577 334 324 155
21 455 726 502 743 604 291 360 686 767
839 501 311 249 709 556 751 641 380 676
421 543 767 693 603 89 444 802 83 406
108 57 402 412 258 81 181 666 214 124
229 43 461 619 236 433 503 295 791 29
733 712 644 513 771 147 290 349 295 512
266 235 357 438 168 35 634 35 612 779
550 414 435 587 321 577 122 511 807 56
827 813 539 99 72 689 564 827 124 55
184 8 124 776 799 28 827 130 616 273
578 485 4 496 803 74 638 76 251 609
595 41 692 718 119 692 517 391 781 98
457 272 21 282 210 581 646 56 27 479
504 555 75 136 769 651 48 509 674 504
518 693 222 500 72 141 553 532 80 76
357 421 482 285 785 762 631 164 582 421
477 525 684 566 764 832 414 59 299 535
657 206 210 649 101 798 246 314 330 361
770 824 425 5 280 387 371 11 281 201
60 51 787 356 33 12 165 189 671 299
352 49 738 459 629 86 717 35 41 351
332 387 458 754 599 353 193 633 108 373
27 115 637 330 568 540 326 311 610 498
538 554 551 837 452 504 520 278 493 121
242 665 711 243 587 22 258 395 50 643
46 481 470 70 277 726 735 240 493 675
531 77 785 610 316 502 366 682 244 312
450 109 795 319 208 649 707 549 459 333
502 201 343 586 764 162 192 87 650 251
768 767 204 302 139 596 85 601 539 14
22 283 511 804 459 688 747 414 599 571
462 615 19 663 509 828 170 58 690 512
576 667 820 257 157 792 87 710 67 341
252 718 650 548 386 502 417 174 630 145
553 181 599 271 696 602 376 369 444 446
729 269 495 671 416 362 94 210 303 140
359 375 599 231 705 182 769 544 147 232
355 232 675 615 75 158 801 300 30 148
64 756 215 498 656 830 636 736 451 466
149 457 785 580 752 805 143 343 619 50
612 726 463 144 710 714 673 70 752 405
299 468 253 525 397 268 803 230 166 620
790 439 751 214 95 215 760 429 556 22
44 58 217 729 464 8 723 559 646 82
323 374 413 812 242 602 601 668 152 184
291 280 138 673 158 459 370 479 96 806
545 744 337 722 804 345 3 207 208 784
277 345 685 483 604 333 260 296 163 839
565 518 83 6 556 294 457 357 356 718
695 199 765 3 566 193 776 304 588 49
316 140 746 809 123 667 440 794 201 804
481 154 474 64 772 334 156 134 731 104
149 259 491 595 462 616 633 82 221 14
390 307 58 159 362 353 494 240 137 391
574 792 151 187 211 66 119 451 212 160
710 302 699 604 59 378 43 296 829 237
810 617 569 730 222 399 512 35 235 294
365 490 812 259 225 821 202 433 87 122
768 725 606 63 265 680 65 442 297 214
686 54 768 696 391 726 123 818 128 359
342 704 804 453 611 672 200 764 670 482
809 751 730 207 145 430 725 172 32 109
624 804 733 108 65 439 81 703 122 814
167 695 642 246 4 171 774 551 725 521
76 274 10 210 791 463 28 324 483 314
819 122 645 646 256 701 427 130 760 461
384 560 591 145 410 308 128 468 598 471
