5
629
1
49
48
0.0350406 0.779151
0.26617 0.0510435
0.929502 0.391862
0.96513 0.0985757
0.229196 0.560927
0.0147312 0.449368
0.0441139 0.696673
0.424166 0.0568498
0.221502 0.796045
0.120781 0.0291756
0.0712837 0.794704
0.302221 0.0565342
0.534762 0.195745
0.924818 0.491954
0.475263 0.979511
0.958368 0.245318
0.735705 0.484015
0.407924 0.314318
0.758271 0.332005
0.932993 0.548556
0.648559 0.30893
0.739551 0.718682
0.836014 0.696735
0.181439 0.607563
0.476937 0.734667
0.72071 0.450205
0.69093 0.311143
0.16945 0.830457
0.272731 0.136725
0.479907 0.377324
0.680292 0.166732
0.956543 0.396076
0.42011 0.386587
0.310078 0.329985
0.502554 0.27674
0.819839 0.456163
0.271115 0.579029
0.618636 0.708173
0.473514 0.871225
0.791488 0.968591
0.765069 0.962975
0.150579 0.587327
0.421766 0.412657
0.187268 0.57316
0.0174985 0.96149
0.987283 0.30902
0.321545 0.537811
0.109484 0.296643
0.727296 0.332139
0 8 13
0 11 19
1 37 25
2 14 32
3 21 16
3 25 17
3 30 20
4 42 14
5 33 21
6 11 18
6 32 27
7 25 21
7 35 28
8 20 30
8 34 20
8 48 36
9 37 35
9 42 21
10 34 30
12 16 14
12 33 16
13 29 31
14 18 20
14 28 14
14 39 22
15 26 19
16 24 18
17 18 25
18 38 20
19 40 12
20 27 34
20 33 24
21 28 33
21 45 18
22 24 25
23 42 17
24 36 15
24 40 20
25 29 17
25 42 21
26 34 13
28 44 18
29 31 34
30 41 37
32 43 16
36 47 11
38 47 26
46 47 15
86 155 144 202 61
118 111 31 197 19
11 71 71 179 201
72 35 38 164 192
139 16 114 101 222
39 124 99 69 128
0 45 177 63 147
129 100 195 98 111
146 151 160 211 214
161 39 72 207 180
14 157 128 47 107
46 176 204 159 80
72 68 205 173 193
22 127 79 234 56
127 156 45 129 199
4 38 215 4 219
100 76 118 63 104
158 168 166 153 193
84 3 183 89 145
39 64 188 156 88
220 134 103 148 131
141 79 111 124 4
111 43 68 98 69
61 7 186 160 173
148 69 209 221 180
65 184 35 132 141
114 39 157 128 5
89 108 180 126 88
145 21 103 17 189
10 150 151 93 14
204 146 24 98 209
116 44 223 84 220
135 154 171 234 228
89 87 2 66 4
106 223 17 161 205
213 143 135 189 33
28 133 26 133 23
73 131 151 37 133
167 73 137 158 15
96 218 93 200 239
62 130 224 116 132
149 99 221 137 63
153 238 163 211 180
232 201 38 95 125
159 179 188 74 16
0 217 149 82 39
130 161 232 139 212
235 86 9 24 83
