5
698
1
25
40
0.9983 0.643222
0.84934 0.873165
0.186831 0.155346
0.660598 0.150138
0.812122 0.460252
0.980285 0.620809
0.531559 0.417306
0.633509 0.0682471
0.225226 0.212583
0.146346 0.931162
0.59286 0.952015
0.645124 0.480201
0.191143 0.773284
0.662062 0.631642
0.220851 0.0384166
0.0062641 0.639916
0.589841 0.484526
0.756819 0.701455
0.969044 0.690277
0.426354 0.370425
0.987527 0.491764
0.38803 0.20867
0.268954 0.533617
0.615355 0.916692
0.565144 0.164722
0 7 26
1 11 14
1 19 30
1 24 20
2 6 24
2 15 13
3 22 28
4 6 20
4 7 13
4 10 16
4 16 16
4 21 30
5 11 24
5 24 29
6 14 22
7 14 29
7 21 17
7 22 26
8 10 26
8 19 14
9 16 31
9 19 20
9 21 17
10 22 23
11 19 15
11 21 18
12 16 28
12 21 14
12 23 30
13 18 22
13 22 28
14 21 12
15 19 30
16 17 12
16 20 28
16 22 23
17 18 15
19 23 13
20 23 26
20 24 30
35 117 174 69 192
188 74 118 190 39
48 118 39 87 126
74 56 137 17 44
78 48 124 123 114
27 111 140 186 35
185 52 31 160 177
91 62 195 35 43
190 89 164 28 42
144 24 135 63 78
86 192 53 130 114
171 189 181 46 159
148 37 65 31 154
115 137 103 13 41
64 150 70 1 119
16 93 109 109 37
142 191 184 167 1
16 161 104 172 60
77 41 195 70 127
3 22 130 139 23
51 110 47 90 75
140 63 187 199 188
139 145 102 56 3
182 43 190 17 132
102 62 48 160 74
84 5 136 153 64
166 158 193 82 105
92 183 147 187 173
185 119 189 154 81
146 129 53 162 37
149 52 195 56 56
131 117 86 160 163
32 165 139 119 106
180 163 155 13 161
103 115 60 198 87
115 181 156 56 125
167 144 40 6 89
63 37 157 4 39
172 84 137 60 190
107 58 122 119 79
