10
196
0.5
25
32
0.349672 0.465026
0.177904 0.830841
0.298956 0.813614
0.464644 0.865989
0.953564 0.146212
0.262423 0.153789
0.914946 0.303395
0.0725704 0.435576
0.98554 0.811788
0.780317 0.352834
0.535476 0.105418
0.43587 0.930209
0.546963 0.168113
0.979525 0.712509
0.739679 0.460115
0.308103 0.0994051
0.862024 0.439214
0.313705 0.795372
0.287465 0.954088
0.719466 0.288627
0.554105 0.996887
0.520491 0.591918
0.740929 0.714947
0.439051 0.21714
0.320087 0.785166
0 1 12
0 20 14
1 21 24
1 23 18
1 24 10
2 21 16
3 16 28
3 19 18
3 24 10
4 9 12
4 12 29
4 20 28
5 11 12
6 10 27
6 21 28
7 15 17
8 20 31
8 21 33
8 22 17
9 11 24
9 23 24
10 24 15
11 19 20
12 17 16
12 24 16
13 14 17
13 20 30
14 18 32
15 22 31
19 21 14
20 24 17
21 24 14
309 223 17 4 108 6 17 190 263 239
268 293 170 312 180 156 107 296 47 295
139 131 18 89 56 264 214 276 266 121
68 160 63 209 310 9 122 300 15 254
241 94 231 149 120 37 128 124 164 113
39 48 299 131 269 48 122 92 19 220
22 246 205 248 198 212 90 212 215 134
239 140 38 241 16 66 33 275 317 241
66 253 253 154 164 314 285 108 120 141
40 88 183 125 113 261 152 132 25 125
277 307 194 253 34 152 307 118 294 151
28 3 245 94 19 2 153 212 118 149
268 165 247 214 177 310 263 296 81 38
276 87 27 171 253 178 158 305 89 315
19 291 169 278 266 91 187 220 228 66
21 230 221 117 99 75 88 55 87 239
26 220 308 251 21 35 27 28 235 311
219 78 73 14 281 58 201 291 186 277
304 186 169 65 63 37 198 97 172 28
183 218 154 206 71 192 75 170 170 6
58 119 154 280 68 256 315 314 105 208
43 277 183 205 158 23 54 101 176 316
293 218 243 135 37 249 139 290 144 175
92 265 121 209 295 16 112 59 164 308
316 167 177 181 240 127 5 159 41 136
236 310 101 74 216 6 179 307 108 14
119 254 22 181 213 317 64 46 0 298
112 253 76 190 119 58 299 105 172 117
287 176 129 45 104 175 135 231 54 230
138 92 131 145 94 175 110 309 258 235
205 132 148 172 138 93 16 130 115 64
10 225 112 62 201 111 243 94 308 112
