5
830
1
49
48
0.555494 0.781387
0.246637 0.513489
0.94268 0.231937
0.336417 0.560109
0.39846 0.634767
0.470859 0.938768
0.00163055 0.641291
0.0837891 0.699112
0.64778 0.668947
0.266526 0.630488
0.776276 0.730193
0.706786 0.0396474
0.586408 0.472804
0.366898 0.248599
0.0276234 0.269799
0.790956 0.508882
0.563914 0.623149
0.437749 0.634471
0.0554986 0.649274
0.738656 0.269894
0.451252 0.42565
0.171846 0.728026
0.856752 0.446859
0.491992 0.475542
0.237106 0.826504
0.102828 0.524765
0.364574 0.512873
0.740539 0.716245
0.165986 0.917591
0.0277926 0.284286
0.805453 0.568276
0.908666 0.9521
0.759928 0.764326
0.00166572 0.531958
0.349355 0.751884
0.803951 0.109078
0.0569371 0.346005
0.447682 0.281972
0.236777 0.59743
0.480965 0.780378
0.0209857 0.990866
0.516333 0.929022
0.917335 0.782633
0.708455 0.40197
0.950947 0.616812
0.37082 0.912503
0.507111 0.832238
0.0711998 0.972162
0.443407 0.405587
0 27 13
0 35 18
1 4 11
1 5 16
1 16 22
1 36 13
1 43 33
2 39 33
3 46 12
5 10 22
5 30 24
6 9 19
7 41 31
7 46 30
8 9 27
8 22 15
8 42 19
9 11 31
9 12 23
9 39 15
10 39 21
10 41 18
10 45 29
13 18 22
13 25 19
13 41 11
14 45 24
15 39 22
16 44 27
17 28 19
18 34 21
19 41 16
20 28 20
21 23 23
21 37 20
23 25 28
24 29 15
24 43 33
26 33 26
26 40 24
27 31 12
28 41 25
29 48 29
31 46 28
32 46 18
38 40 15
38 41 20
47 48 26
224 177 2 199 92
174 81 48 199 199
95 21 127 103 13
96 21 89 64 214
56 228 145 67 59
134 214 63 38 137
165 29 170 7 79
82 35 167 204 160
107 106 117 178 47
29 5 49 200 30
167 126 77 102 210
198 193 222 139 10
137 223 111 100 127
239 171 135 7 214
40 154 162 28 138
183 84 128 213 84
157 41 107 95 237
97 233 228 59 227
156 203 211 129 199
200 208 152 231 33
215 108 30 215 9
218 177 80 24 7
37 60 187 129 76
118 67 37 15 47
196 232 87 115 129
196 83 121 62 163
117 62 98 131 117
3 70 72 161 92
25 213 39 140 171
96 169 201 22 115
144 158 50 1 191
163 63 107 193 219
133 219 203 109 226
223 171 133 75 131
119 40 212 235 162
199 123 162 73 32
21 149 71 183 112
15 69 188 61 47
129 217 162 45 221
78 106 61 218 128
72 231 110 184 155
64 199 47 75 178
196 23 205 53 239
56 189 223 52 226
31 41 152 17 201
147 219 201 167 113
235 56 125 148 151
26 55 40 205 118
