5
397
1
25
24
0.989951 0.570972
0.435467 0.747813
0.488501 0.347346
0.24522 0.0113124
0.612644 0.828287
0.0142238 0.433184
0.529104 0.397352
0.570577 0.840821
0.21545 0.702901
0.577599 0.123207
0.414004 0.400727
0.393004 0.594379
0.693571 0.275214
0.666022 0.224754
0.433193 0.562707
0.275412 0.634673
0.048427 0.860219
0.932237 0.895295
0.510652 0.475456
0.874021 0.0516918
0.186722 0.0974554
0.567743 0.975639
0.932141 0.485749
0.879186 0.895599
0.250342 0.965515
0 9 29
1 8 16
2 3 17
2 17 31
3 7 23
3 18 19
3 21 23
4 17 23
5 14 30
5 15 18
6 11 10
6 17 29
7 8 25
7 14 10
8 16 12
9 24 23
10 12 20
12 19 13
13 17 19
14 19 31
14 24 13
16 20 10
18 23 26
21 22 26
0 37 71 99 116
87 36 92 116 72
45 54 63 31 108
9 27 76 63 86
101 58 84 51 7
19 63 80 19 89
41 60 117 25 10
57 66 64 66 32
65 40 86 27 56
105 43 45 82 2
30 8 93 61 117
116 107 97 57 80
16 30 18 31 2
115 9 66 48 68
91 21 68 79 22
90 101 47 88 15
92 118 64 86 46
34 69 7 111 12
46 106 94 42 8
14 84 71 11 25
34 81 91 51 44
22 32 6 115 61
20 58 48 2 5
60 50 79 7 49
