5
2533
1
100
140
0.828707 0.140827
0.930548 0.873235
0.744536 0.459786
0.480243 0.546906
0.655964 0.308419
0.313673 0.929858
0.164 0.0209302
0.295034 0.187248
0.696236 0.612771
0.548698 0.243011
0.675199 0.841586
0.384859 0.495571
0.350145 0.972457
0.294577 0.271296
0.659247 0.223431
0.885856 0.431001
0.535195 0.586498
0.160091 0.340895
0.351909 0.216639
0.353176 0.329656
0.501802 0.595454
0.400003 0.637571
0.230537 0.874012
0.98784 0.107462
0.93208 0.388231
0.0711232 0.714439
0.887862 0.786354
0.257435 0.109505
0.314833 0.426676
0.204442 0.292317
0.0591108 0.983456
0.345733 0.204262
0.0883813 0.852141
0.984568 0.725085
0.0139482 0.084844
0.057368 0.236005
0.865797 0.18102
0.145407 0.436107
0.503463 0.55909
0.426774 0.945508
0.101338 0.923997
0.405867 0.861172
0.884134 0.931626
0.266513 0.439662
0.950871 0.137712
0.976344 0.0134156
0.898126 0.547879
0.601214 0.841773
0.0955875 0.398025
0.100682 0.491533
0.650837 0.681821
0.0409281 0.334382
0.75763 0.437872
0.302107 0.205472
0.72957 0.775097
0.356608 0.731487
0.492151 0.6931
0.517191 0.733918
0.892906 0.206745
0.29448 0.154012
0.453091 0.803149
0.367349 0.257921
0.932698 0.0221485
0.797121 0.79784
0.945161 0.887578
0.947924 0.496356
0.37164 0.967496
0.633665 0.363161
0.783722 0.634368
0.751147 0.639788
0.631722 0.887392
0.112947 0.645132
0.610088 0.673026
0.643044 0.737123
0.557513 0.201753
0.274217 0.93841
0.84933 0.227919
0.399541 0.0299238
0.677022 0.382768
0.092323 0.501233
0.69637 0.752576
0.418812 0.208389
0.258823 0.338323
0.290136 0.587508
0.579655 0.235606
0.152686 0.575453
0.656949 0.858408
0.250518 0.305552
0.949123 0.675981
0.165287 0.0480641
0.151233 0.0118129
0.85045 0.0575713
0.39973 0.287638
0.719016 0.143232
0.946366 0.123608
0.84108 0.397674
0.550208 0.745915
0.117715 0.805458
0.984383 0.937531
0.179678 0.00974738
0 18 34
0 23 11
0 38 23
1 50 20
1 68 10
2 22 36
2 23 17
2 60 21
2 81 23
3 63 22
3 87 16
4 28 24
4 37 36
4 39 16
5 38 13
6 55 14
7 49 14
7 73 25
8 61 23
8 64 18
9 33 31
9 65 28
9 99 26
10 42 15
10 57 11
10 82 29
11 16 11
11 63 29
11 67 18
12 54 27
12 78 23
12 90 14
13 68 35
13 96 18
14 19 22
14 82 28
15 70 18
16 17 27
16 18 13
16 32 32
16 36 23
16 48 31
16 89 26
17 74 28
17 92 17
18 30 21
18 63 31
19 40 18
20 48 29
20 79 29
20 80 14
21 46 35
22 54 35
24 69 13
25 39 25
26 67 18
27 30 14
27 67 27
27 80 31
27 92 10
27 93 33
28 38 13
28 40 15
28 69 31
28 71 14
29 81 15
30 56 31
30 57 32
31 40 17
31 69 29
32 39 24
32 74 33
34 39 29
34 56 34
35 56 31
37 72 33
38 40 28
38 78 12
38 82 17
38 85 25
38 90 25
39 58 33
39 90 19
40 41 22
41 51 26
41 63 28
41 84 12
41 91 31
42 67 18
43 48 12
43 73 27
44 84 26
45 57 32
46 70 19
46 78 16
47 76 18
48 74 33
48 77 21
48 81 23
51 59 18
51 83 18
51 96 36
52 92 25
53 68 34
53 70 23
53 79 15
53 93 29
55 84 16
58 69 10
60 73 13
60 85 21
60 97 24
61 85 15
61 95 33
62 73 20
62 84 25
63 65 11
63 73 11
63 81 27
63 96 17
65 72 24
66 74 13
66 85 15
66 99 14
67 68 11
67 91 15
69 82 35
69 92 25
74 81 10
75 79 13
76 81 30
78 89 36
80 88 18
80 94 18
81 99 17
84 98 29
86 89 35
89 96 27
96 97 31
96 99 26
620 428 113 490 441
629 333 353 499 79
130 110 288 546 164
0 4 496 60 216
251 55 541 542 189
357 508 36 643 268
494 55 656 442 430
585 344 265 212 233
96 561 318 628 266
598 268 424 267 527
189 575 152 415 574
523 585 538 619 634
223 42 118 448 669
302 678 230 598 261
665 116 528 214 236
550 541 305 277 672
553 475 658 53 619
517 629 6 681 621
102 258 515 347 493
612 157 154 599 477
449 227 424 429 215
358 94 627 289 271
10 219 441 391 568
447 402 454 209 517
222 358 326 134 465
429 312 9 680 606
613 392 527 40 577
662 120 283 427 39
38 103 314 345 624
684 138 526 121 546
16 450 496 670 132
93 575 438 567 333
562 415 349 689 600
349 686 437 534 410
575 46 248 191 378
172 34 149 625 450
520 514 663 260 150
267 567 448 202 190
353 555 375 594 330
400 508 697 43 329
494 28 222 380 451
682 460 456 11 559
496 308 63 63 469
103 176 331 351 597
84 528 160 443 591
12 161 20 510 688
231 479 560 672 381
283 590 161 693 653
205 419 570 99 392
667 476 322 511 51
675 354 348 66 465
372 616 335 56 51
370 425 309 329 552
213 346 699 346 575
388 38 254 675 165
84 406 505 438 487
615 684 386 206 482
547 653 495 166 442
63 588 146 5 629
187 206 522 505 626
104 47 579 674 177
475 218 681 177 41
77 624 81 326 366
586 558 351 389 663
471 99 525 120 361
691 361 176 363 228
653 70 28 421 344
317 392 327 679 5
348 695 506 45 502
144 190 48 689 283
254 178 166 33 569
507 377 672 403 363
410 528 339 510 585
458 69 626 159 284
605 515 580 85 6
15 666 668 530 355
31 696 146 365 372
286 362 483 451 663
640 170 631 433 394
237 376 236 246 50
515 601 49 444 505
686 528 413 186 174
513 332 563 207 372
197 142 375 659 632
44 183 240 334 76
320 462 389 350 363
670 216 276 597 505
266 116 459 693 419
14 104 26 121 679
290 291 605 473 529
566 47 690 535 430
479 237 70 610 166
659 525 532 424 300
204 619 117 447 125
93 222 24 217 615
51 401 326 375 276
400 198 306 91 471
50 323 562 369 136
25 376 382 617 426
488 55 383 514 497
86 176 247 322 316
481 180 204 615 603
583 142 656 154 520
110 515 285 65 683
177 453 402 343 93
639 117 663 234 630
397 587 467 340 421
440 446 3 355 566
328 297 16 334 47
587 312 349 634 321
341 562 610 178 584
231 233 652 676 96
571 287 183 590 143
368 698 661 173 34
441 208 338 263 95
409 0 435 232 446
142 213 493 283 372
511 54 319 646 164
408 240 687 531 83
50 477 285 11 47
447 187 299 569 482
623 147 310 651 422
411 382 117 66 106
487 511 534 189 193
571 353 645 107 267
253 52 295 547 473
233 341 459 447 641
636 62 626 505 61
666 205 350 20 653
477 397 598 503 674
381 72 76 296 65
126 202 194 614 255
408 561 311 398 607
492 512 53 227 611
306 266 265 180 684
596 423 596 547 608
681 195 404 136 616
626 236 577 176 471
511 50 49 249 272
245 244 83 257 388
