5
847
0.5
49
66
0.828786 0.874809
0.509125 0.759357
0.198356 0.57158
0.167663 0.462634
0.890011 0.239539
0.427585 0.743612
0.531372 0.268171
0.358845 0.633407
0.981614 0.565485
0.836591 0.23049
0.493815 0.248017
0.557866 0.379137
0.765291 0.275238
0.0358787 0.590163
0.398123 0.259291
0.899334 0.176053
0.0757059 0.477477
0.498186 0.757234
0.363308 0.257527
0.604069 0.611314
0.781976 0.0435085
0.339073 0.598203
0.751419 0.955154
0.104883 0.53137
0.0702836 0.55783
0.436699 0.177119
0.660603 0.561022
0.780507 0.459366
0.508451 0.139254
0.697491 0.938616
0.267406 0.487265
0.73476 0.760352
0.906698 0.21336
0.918398 0.209433
0.0898255 0.802849
0.654376 0.481257
0.0348857 0.342439
0.0664257 0.979936
0.951123 0.959289
0.0750678 0.954812
0.613568 0.151127
0.663884 0.251557
0.83966 0.211436
0.621759 0.611551
0.829955 0.975864
0.0749547 0.324595
0.300712 0.820523
0.968603 0.355387
0.816578 0.465154
0 10 24
0 11 19
0 41 12
0 43 15
1 7 11
2 21 10
3 26 35
3 35 34
4 17 28
5 23 23
5 36 28
6 12 17
6 42 22
6 46 16
7 9 34
7 10 10
7 40 18
8 10 34
8 19 27
8 44 11
9 19 16
9 26 12
9 43 15
10 20 20
11 15 24
11 21 15
11 23 32
11 29 10
11 30 21
11 32 25
11 44 19
11 46 18
12 30 35
13 25 28
14 27 27
14 29 21
14 31 24
14 33 37
15 40 20
16 18 20
17 33 30
18 23 18
18 26 21
18 29 24
18 35 21
19 33 22
19 39 37
21 24 19
21 35 22
21 37 19
22 33 12
23 28 29
25 31 21
25 34 25
25 40 13
25 45 26
26 38 21
26 42 13
26 46 25
27 38 12
29 33 16
30 45 14
35 47 22
42 43 15
46 48 36
47 48 11
113 269 210 293 26
53 127 266 270 128
176 35 233 122 226
251 39 192 289 19
281 319 156 319 140
65 43 164 315 69
55 81 133 263 295
179 30 314 78 109
258 210 99 89 325
329 286 306 56 95
222 193 85 247 34
227 284 30 274 100
156 169 117 22 137
314 155 211 105 216
19 260 149 14 200
143 209 166 172 273
249 205 145 245 171
267 73 147 138 68
67 140 3 316 86
281 179 35 329 185
9 316 271 5 290
273 74 299 186 61
109 327 165 65 146
224 264 141 276 240
214 274 105 317 280
180 246 17 226 31
226 309 292 180 244
209 10 84 89 36
314 187 169 328 280
136 101 249 7 197
254 302 324 30 41
231 72 13 48 181
64 276 222 105 31
188 13 136 178 183
195 275 136 259 232
57 212 3 78 160
204 306 24 284 46
60 274 39 127 96
245 222 280 38 249
181 2 154 233 187
39 224 7 124 142
45 138 123 308 200
36 76 213 0 19
86 35 148 186 54
179 234 15 194 247
96 208 264 328 98
152 285 148 290 7
295 58 127 296 228
83 201 161 49 126
328 282 177 48 325
143 224 41 238 288
236 148 224 113 321
210 1 97 274 118
290 46 282 296 56
2 245 32 306 244
59 18 144 189 53
318 317 190 118 216
152 281 221 275 113
9 72 241 81 146
115 276 149 260 160
252 224 206 68 137
113 273 7 91 205
34 64 119 193 22
239 194 58 307 260
10 303 64 232 324
10 132 22 195 208
