10
647
0.5
100
99
0.765069 0.330655
0.406281 0.528592
0.641331 0.237129
0.536763 0.195458
0.552102 0.100057
0.190444 0.670929
0.0694022 0.0225289
0.880025 0.918073
0.44686 0.186501
0.194915 0.424748
0.235379 0.911553
0.151876 0.340162
0.017766 0.346235
0.412509 0.932932
0.462861 0.594389
0.237685 0.274925
0.810446 0.116412
3.44108e-05 0.24793
0.868799 0.426992
0.0659824 0.000931339
0.311647 0.775252
0.255187 0.872866
0.440826 0.443125
0.465651 0.455877
0.649557 0.881358
0.148539 0.485169
0.524608 0.46568
0.431751 0.5185
0.736138 0.268692
0.20268 0.493643
0.944239 0.790778
0.382589 0.106607
0.522113 0.728353
0.577253 0.39509
0.888733 0.835411
0.952312 0.36751
0.153126 0.0561444
0.805392 0.125161
0.781392 0.369952
0.770449 0.820872
0.264353 0.386775
0.499347 0.111724
0.415907 0.68978
0.882337 0.575556
0.573287 0.185357
0.582024 0.82766
0.201246 0.698692
0.183371 0.240356
0.0292781 0.538454
0.688741 0.219132
0.180717 0.441158
0.739237 0.246346
0.504507 0.846048
0.955988 0.632359
0.317807 0.759652
0.047617 0.457761
0.102853 0.697738
0.685177 0.880951
0.589983 0.966554
0.92821 0.902388
0.757682 0.986398
0.458213 0.17699
0.842374 0.625607
0.94316 0.209843
0.600555 0.959295
0.621306 0.340904
0.517237 0.491711
0.662797 0.964722
0.398065 0.599462
0.178524 0.462821
0.576934 0.164335
0.821612 0.851941
0.871366 0.994298
0.631628 0.432646
0.383798 0.49498
0.710368 0.0928378
0.920638 0.793162
0.789939 0.399905
0.00892992 0.616393
0.910227 0.442969
0.955459 0.873759
0.529439 0.488918
0.919861 0.0315269
0.164138 0.469985
0.46785 0.870812
0.737431 0.16179
0.337125 0.286875
0.47347 0.235212
0.175753 0.299138
0.624314 0.928597
0.860985 0.992163
0.697316 0.714634
0.104852 0.0376966
0.56981 0.414779
0.729022 0.237204
0.931778 0.616729
0.808569 0.236632
0.0982267 0.49382
0.994267 0.131354
0.238759 0.359297
0 3 16
1 25 18
1 39 26
1 96 28
2 8 14
2 74 18
3 18 23
3 29 24
3 31 11
3 34 25
3 71 20
3 99 21
4 29 25
4 63 28
5 12 12
6 40 14
7 49 14
8 47 19
8 49 17
9 41 22
9 86 10
10 12 15
10 24 29
11 73 34
12 15 16
12 29 13
13 47 16
14 51 20
14 95 33
15 91 33
16 67 10
17 40 19
17 46 14
18 68 33
19 23 28
19 29 10
19 81 33
20 28 30
21 28 34
22 28 21
22 48 29
22 55 28
24 84 13
24 95 20
26 82 28
27 40 12
28 54 30
29 57 34
30 81 29
31 66 10
31 67 20
32 43 25
32 46 23
32 80 31
33 77 15
35 49 19
36 41 24
36 61 22
37 84 24
38 54 33
38 66 19
39 98 16
42 46 15
42 83 18
44 47 28
44 62 19
44 75 10
44 82 25
45 50 28
45 71 17
49 52 13
49 53 19
54 65 21
56 61 25
58 69 29
58 83 30
58 94 10
59 61 33
60 98 17
61 85 20
61 88 20
63 96 10
64 96 15
67 72 15
68 83 17
70 92 33
73 79 20
74 77 29
74 92 20
74 97 20
75 81 13
75 86 26
76 87 32
78 86 23
78 87 33
79 84 31
81 90 23
86 93 16
88 89 32
505 624 467 550 481 127 712 437 551 241
535 435 752 23 501 191 180 266 71 120
384 699 3 13 61 339 206 436 292 505
231 157 514 984 214 787 187 110 754 782
340 346 756 9 796 587 641 304 444 188
81 349 361 869 319 185 30 490 175 662
669 982 465 31 767 798 853 41 193 556
514 711 92 193 147 627 195 799 275 156
59 691 314 368 271 317 8 713 748 782
925 837 180 385 556 237 748 631 186 768
34 766 115 678 615 441 110 635 646 740
215 485 726 356 15 96 244 800 527 551
515 131 658 326 245 800 582 89 298 613
265 850 768 503 648 590 922 110 564 935
491 658 206 237 857 744 806 383 415 380
627 580 41 368 647 151 498 493 200 381
707 937 758 375 796 180 816 854 722 973
13 630 289 768 7 170 221 549 664 739
937 723 789 378 89 529 330 18 919 919
833 80 96 170 540 479 119 644 123 417
643 677 113 187 658 373 702 988 707 986
98 470 786 988 338 607 714 90 263 813
896 746 107 244 928 116 272 5 601 918
963 229 112 458 743 361 755 302 892 469
653 11 772 671 882 197 145 882 390 800
834 526 906 887 756 892 666 887 776 895
863 603 253 976 508 56 966 675 77 134
947 429 227 786 642 944 521 212 282 268
340 54 899 646 696 616 745 451 303 232
594 827 463 190 97 983 118 10 587 281
677 961 249 465 320 616 176 186 49 772
967 489 112 322 406 170 656 366 176 760
446 857 862 574 511 618 517 358 685 621
348 768 498 847 610 618 969 178 222 4
456 828 182 24 214 92 509 516 33 589
158 846 414 58 183 493 78 69 56 268
504 508 678 48 510 331 493 911 429 265
930 670 532 859 904 533 692 103 230 297
714 540 764 953 136 830 0 774 461 896
374 704 494 4 613 810 963 550 988 2
71 294 677 11 409 356 374 783 500 792
496 732 251 68 441 866 220 58 595 566
434 362 528 917 780 934 14 507 260 290
579 387 957 157 630 969 245 104 896 915
640 314 180 270 939 550 53 237 755 942
179 910 14 280 533 466 234 183 705 718
544 795 519 402 291 472 954 328 912 823
518 772 400 529 816 328 5 378 68 633
822 916 371 289 136 479 923 844 862 534
937 34 259 847 262 749 502 825 374 496
15 102 646 683 855 669 834 882 428 258
460 817 777 880 47 519 310 903 516 233
501 62 659 951 839 591 583 179 473 669
121 471 239 906 789 570 256 190 9 729
30 836 428 585 23 59 899 358 681 575
396 350 209 818 329 841 328 425 152 649
696 84 639 970 966 329 657 816 168 703
434 874 813 4 527 167 832 302 222 166
951 386 853 657 255 418 199 119 477 375
188 664 358 278 271 897 188 81 705 790
899 11 558 878 486 787 489 163 515 767
621 144 35 813 312 509 287 979 212 436
715 426 484 231 893 979 127 173 434 848
816 952 342 433 638 274 591 854 899 613
187 893 446 151 481 700 367 681 751 305
940 375 444 117 348 90 55 742 478 481
920 263 288 385 213 662 127 388 732 471
436 593 805 503 259 581 204 709 707 200
907 371 200 508 786 506 101 234 31 808
459 326 314 865 21 50 33 881 769 230
416 548 909 976 114 802 125 159 129 158
129 403 155 409 709 970 783 980 28 281
556 533 120 699 564 236 89 821 102 776
579 477 380 479 962 455 52 691 92 915
248 362 826 239 589 105 108 408 764 48
101 0 810 850 982 107 491 343 93 633
129 894 376 615 69 591 448 764 632 816
247 38 107 36 668 774 539 524 17 375
633 240 277 629 464 334 798 338 347 5
730 65 425 745 490 737 770 864 764 425
938 888 284 158 444 242 367 555 662 607
479 778 798 109 232 112 589 445 121 260
99 818 682 919 641 724 765 663 447 841
341 510 167 599 414 90 664 497 178 592
725 596 920 666 875 80 379 782 194 396
917 809 587 91 592 210 698 484 122 690
551 545 299 26 658 509 708 922 973 389
804 847 981 449 427 117 618 335 103 943
256 198 931 318 480 450 366 558 714 205
914 582 396 609 386 7 623 487 343 975
905 32 83 773 285 935 176 708 698 383
597 463 612 914 840 143 508 575 946 831
156 468 58 453 202 614 522 193 235 310
501 40 792 893 365 658 688 738 726 387
235 817 911 255 21 104 785 934 935 413
264 397 408 215 902 606 519 378 448 248
72 739 712 949 400 273 835 637 55 421
131 921 316 260 140 308 12 410 651 630
23 194 10 602 820 915 538 452 886 69
