5
507
0.5
49
48
0.330741 0.540011
0.138127 0.743146
0.048534 0.478512
0.95831 0.759068
0.960147 0.311052
0.324222 0.624157
0.424661 0.564047
0.590248 0.117439
0.412636 0.699921
0.422265 0.059685
0.280754 0.921313
0.849045 0.398529
0.657999 0.206118
0.184893 0.688559
0.0723776 0.295195
0.259161 0.907525
0.295386 0.698089
0.812884 0.967309
0.234311 0.14979
0.510617 0.0217885
0.879241 0.140354
0.166986 0.940909
0.910859 0.281601
0.710155 0.639034
0.396851 0.634602
0.402978 0.0933886
0.921059 0.507603
0.218875 0.448852
0.721335 0.611937
0.355713 0.306848
0.49328 0.941772
0.281982 0.661866
0.708851 0.842837
0.618297 0.506493
0.254095 0.565227
0.162783 0.586943
0.536463 0.622188
0.498796 0.982205
0.568939 0.0744937
0.833534 0.309364
0.0792212 0.447815
0.449586 0.981968
0.631477 0.357487
0.155956 0.893733
0.620477 0.190089
0.069057 0.877902
0.980674 0.182167
0.125604 0.412174
0.425732 0.494325
0 1 14
0 12 23
0 32 27
0 43 12
2 6 27
2 9 26
2 41 28
3 28 17
4 38 28
5 38 17
6 28 21
6 42 15
7 43 31
8 15 11
8 21 17
9 23 20
9 34 12
10 25 9
11 30 25
12 17 11
13 25 15
14 25 23
15 30 17
16 32 29
16 42 24
18 48 14
19 22 28
19 26 29
19 47 27
20 41 30
23 30 15
23 36 12
24 39 31
25 28 23
25 40 23
26 30 30
27 33 28
27 48 15
28 38 11
29 37 10
29 43 14
31 33 24
35 41 20
35 44 32
37 45 30
38 46 29
39 46 10
39 48 29
122 118 204 209 198
31 201 60 18 28
199 18 176 99 142
25 6 71 22 49
190 201 11 201 224
206 7 146 2 16
222 23 20 235 221
124 14 207 207 6
199 229 197 89 28
225 170 25 168 182
25 114 193 207 181
54 147 102 82 186
213 21 231 148 166
112 227 228 156 227
12 111 14 210 207
101 206 84 77 132
23 146 153 167 105
165 77 129 44 148
120 203 96 72 231
128 126 221 17 165
118 179 220 97 167
129 57 233 81 220
113 216 169 176 9
110 128 69 141 139
15 98 167 57 3
94 56 213 228 42
12 64 217 156 49
194 168 226 84 88
199 105 75 139 153
152 45 192 43 154
3 232 0 140 82
137 135 43 58 176
186 13 140 104 53
79 137 205 118 221
165 125 147 12 48
138 203 50 234 239
234 196 12 210 107
203 61 19 193 37
193 216 186 233 131
126 72 99 233 8
109 138 127 234 83
3 173 188 43 33
175 154 6 194 9
110 148 89 41 61
53 229 173 38 226
153 55 188 23 115
188 84 168 155 236
77 83 33 161 125
