10
559
1
49
66
0.329047 0.0698747
0.10078 0.582386
0.614849 0.68642
0.721083 0.793489
0.399579 0.724554
0.18412 0.301863
0.743667 0.624601
0.707564 0.444364
0.0172095 0.19175
0.361803 0.224597
0.430915 0.306245
0.0663305 0.632234
0.8865 0.345093
0.716192 0.710615
0.222719 0.502836
0.632654 0.272706
0.208934 0.975894
0.645611 0.226757
0.905005 0.845733
0.301563 0.682658
0.202603 0.376154
0.458647 0.141317
0.929201 0.0368408
0.608165 0.901476
0.186571 0.973467
0.221524 0.145067
0.18125 0.860015
0.14836 0.891283
0.187082 0.958685
0.250377 0.126734
0.202106 0.391479
0.903807 0.0367298
0.967846 0.875893
0.562286 0.198514
0.0105149 0.286678
0.649903 0.665249
0.893834 0.324508
0.166135 0.92465
0.403612 0.201668
0.817977 0.702365
0.486661 0.339436
0.284948 0.26548
0.323039 0.350356
0.0724988 0.234446
0.467867 0.0398695
0.566088 0.487357
0.705082 0.201761
0.228959 0.903745
0.49927 0.684769
0 15 21
1 42 16
1 45 33
2 9 18
2 14 28
2 21 11
2 27 33
2 28 30
2 38 15
3 32 17
4 6 24
4 8 27
4 13 22
5 15 32
6 12 10
6 18 11
7 9 24
10 15 14
10 26 18
10 34 30
10 36 33
11 47 11
12 13 12
12 35 17
12 48 27
13 22 15
13 32 18
14 17 30
14 48 20
15 21 12
15 24 32
15 25 29
15 26 32
15 27 34
15 37 33
16 34 14
16 38 14
16 44 18
17 19 24
17 30 31
17 39 12
17 41 26
17 42 23
19 46 29
20 40 20
21 23 11
23 26 30
23 41 23
24 42 10
24 48 22
25 44 17
27 33 29
29 34 17
29 43 13
29 45 22
31 45 24
32 35 22
33 39 18
34 41 19
35 44 13
38 39 29
38 45 11
38 47 12
39 44 25
40 46 15
41 48 15
615 593 431 442 287 181 144 225 397 294
196 200 579 527 419 644 625 648 1 453
548 474 211 170 238 104 51 622 492 435
534 62 402 482 515 166 361 656 516 441
165 373 414 486 395 608 359 248 528 93
633 168 212 3 440 163 251 275 502 626
359 512 382 85 304 309 204 71 422 310
639 457 370 24 291 411 196 4 517 537
189 35 484 330 78 218 221 527 7 188
305 60 343 461 404 507 525 465 304 499
59 42 493 162 344 89 602 449 46 619
35 157 454 202 300 10 168 527 349 318
472 49 16 624 551 224 98 531 22 416
320 326 520 480 277 564 590 209 610 195
374 78 484 547 269 36 375 158 110 127
562 107 466 19 0 350 273 306 152 556
258 102 404 621 489 508 165 607 401 363
454 84 457 54 235 280 599 505 271 60
202 512 437 265 239 329 222 67 37 343
397 22 555 516 617 299 176 455 406 148
550 537 403 355 645 219 398 638 55 232
352 69 460 368 81 11 590 617 498 581
420 456 126 516 99 89 91 622 453 318
25 531 158 588 316 406 304 423 659 547
486 309 405 50 242 112 490 142 345 489
382 84 588 452 133 519 440 612 617 378
117 107 250 641 307 483 572 436 25 9
2 598 294 321 640 440 495 556 431 541
2 457 345 119 524 282 88 85 309 125
258 143 185 376 401 474 453 352 636 648
313 175 324 618 171 409 348 77 437 420
189 337 200 631 269 75 264 331 117 311
69 322 352 214 360 531 388 468 537 103
547 162 459 151 512 659 120 414 491 241
439 361 180 451 658 259 39 276 42 623
382 644 610 303 343 477 27 93 157 429
183 439 554 36 570 358 530 131 526 583
207 37 75 552 165 511 259 157 446 11
597 366 428 277 307 29 123 307 560 604
604 274 568 602 549 91 548 258 13 133
303 336 221 476 650 657 424 227 433 487
485 315 220 142 214 325 223 147 291 293
434 180 111 250 215 30 511 446 534 595
350 292 125 140 591 492 608 41 25 627
63 473 376 421 625 528 648 278 290 120
370 38 61 579 578 404 582 275 600 33
141 278 146 611 93 268 58 234 512 478
339 403 626 539 283 320 407 359 13 552
612 629 479 89 231 231 334 555 300 529
416 239 448 634 492 172 430 192 332 357
281 175 201 357 335 381 247 278 210 587
623 184 375 620 479 592 550 246 307 396
461 442 604 293 595 318 403 465 243 47
322 341 390 468 317 479 617 91 442 237
96 61 406 133 116 22 123 390 266 356
324 96 101 512 595 140 254 38 547 76
449 607 428 104 418 525 562 475 23 477
309 199 446 115 157 325 439 112 17 126
275 353 642 486 189 591 345 22 10 260
177 284 605 460 102 483 4 176 211 86
525 655 347 411 416 50 380 626 604 405
228 524 122 358 82 122 292 364 268 471
530 77 49 142 273 315 338 498 426 583
610 259 352 441 633 25 289 145 128 207
611 389 494 495 25 15 47 27 648 324
331 127 553 650 493 0 492 518 357 153
