5
712
0.5
49
48
0.948802 0.0416016
0.17117 0.383541
0.312038 0.578103
0.708145 0.0653033
0.97689 0.944043
0.18787 0.3666
0.888167 0.671816
0.817671 0.278082
0.051594 0.721933
0.592561 0.903676
0.263356 0.721881
0.445594 0.225167
0.993412 0.185507
0.908277 0.749038
0.993815 0.633418
0.210163 0.0403326
0.764858 0.584905
0.396926 0.483821
0.379279 0.96635
0.428617 0.99734
0.0592502 0.944054
0.864899 0.457894
0.904537 0.696884
0.484074 0.489644
0.93956 0.0072399
0.0480365 0.821038
0.743865 0.953987
0.685292 0.767958
0.0664687 0.126991
0.0351035 0.898881
0.0121057 0.01928
0.366034 0.263236
0.942135 0.0404863
0.517134 0.309513
0.68419 0.999443
0.475582 0.30583
0.344355 0.818075
0.823279 0.713511
0.418748 0.188413
0.667534 0.698099
0.490976 0.751794
0.630302 0.399321
0.393057 0.247322
0.249716 0.723515
0.892067 0.71355
0.0751523 0.167965
0.950914 0.746792
0.471831 0.967257
0.221852 0.60265
0 38 37
1 9 30
2 34 26
3 4 19
3 44 13
4 37 11
5 41 31
6 38 33
7 18 31
7 19 28
7 31 32
7 33 21
8 35 30
9 42 14
10 16 35
10 25 15
10 34 30
10 40 16
11 44 32
12 23 36
12 27 22
12 35 37
13 41 20
14 41 26
15 25 11
15 29 12
15 38 15
15 41 30
16 36 30
17 28 23
18 39 20
19 20 26
19 30 29
19 45 25
21 35 28
22 34 16
22 35 30
24 26 14
26 43 35
27 31 23
27 42 21
28 47 29
32 40 32
34 44 15
39 43 30
39 46 20
41 48 29
47 48 18
128 56 50 162 82
21 199 186 60 33
181 4 69 82 161
190 185 87 75 74
131 74 151 148 229
71 165 56 69 15
228 96 10 96 109
184 168 50 39 58
44 30 42 5 149
92 219 128 235 78
152 71 35 62 86
212 47 107 162 237
42 212 227 89 162
120 23 219 198 0
138 29 24 108 212
79 47 202 130 140
128 48 56 87 104
125 95 63 200 22
163 145 127 148 169
218 115 42 177 71
129 52 86 77 103
168 204 151 59 17
66 4 198 65 125
237 167 230 86 149
222 146 173 218 7
107 60 217 24 25
87 159 95 0 236
169 52 202 131 136
86 234 12 9 230
210 115 214 104 105
15 186 38 51 26
22 212 115 179 27
228 118 117 205 65
232 175 119 29 201
216 57 15 167 203
121 239 89 132 85
140 58 153 35 17
168 96 175 202 136
125 25 60 72 155
8 33 41 103 163
36 160 237 178 25
188 159 180 115 75
141 123 213 96 94
164 6 19 118 14
75 153 128 141 105
132 128 5 166 41
135 181 29 16 24
200 100 9 14 141
