5
448
0.5
25
32
0.0754835 0.0805984
0.293086 0.921966
0.802309 0.926299
0.237923 0.561643
0.335848 0.743891
0.561177 0.542325
0.0816157 0.00970278
0.488761 0.15823
0.34764 0.689451
0.869073 0.323911
0.717044 0.741639
0.688087 0.0252208
0.0803714 0.12684
0.982186 0.077402
0.0878183 0.136996
0.997882 0.833876
0.449514 0.67154
0.0615166 0.0435692
0.470469 0.628161
0.692888 0.674499
0.772765 0.60586
0.48352 0.00254769
0.549617 0.74437
0.85934 0.0452115
0.735611 0.379214
0 5 34
1 6 15
2 5 17
2 21 23
3 18 16
3 24 35
4 6 18
4 12 18
4 20 31
6 7 29
6 22 33
7 12 29
8 12 19
8 19 24
8 20 30
8 22 14
8 24 27
9 19 12
10 13 19
10 16 19
10 18 17
11 15 22
13 19 20
13 21 35
14 16 26
14 18 27
15 24 19
16 23 29
17 22 35
18 24 19
20 21 20
20 22 16
38 81 113 58 60
36 116 86 28 111
105 149 141 50 95
88 82 83 130 66
10 41 63 74 118
107 66 28 124 159
37 106 49 111 124
131 17 27 83 26
88 67 84 63 49
155 141 106 32 64
134 27 149 49 74
83 15 20 5 69
82 48 150 42 157
91 81 102 102 77
68 91 126 70 84
35 75 88 47 101
20 51 10 18 112
58 42 33 74 117
137 139 83 13 42
80 52 19 124 63
144 41 75 71 53
103 62 28 24 23
146 109 71 150 81
61 14 53 36 92
34 65 31 17 12
35 26 74 0 79
153 146 150 150 31
114 34 18 58 152
85 109 108 38 55
24 147 126 52 131
58 131 143 140 139
132 92 62 125 147
