10
750
0.5
100
140
0.825716 0.573105
0.264328 0.841085
0.800924 0.60048
0.37384 0.378772
0.232354 0.0946803
0.453795 0.364716
0.168668 0.795545
0.484013 0.118289
0.153494 0.65787
0.654437 0.717602
0.811478 0.950502
0.0112422 0.394122
0.0880062 0.740681
0.235811 0.0484569
0.427747 0.691808
0.140486 0.129581
0.845076 0.676937
0.0651972 0.354937
0.428785 0.775183
0.398591 0.981213
0.690273 0.631431
0.148431 0.0352622
0.851798 0.803595
0.809225 0.595241
0.59416 0.571031
0.926221 0.298893
0.673552 0.291874
0.0635904 0.876202
0.0131285 0.877105
0.290501 0.298904
0.357712 0.423177
0.151221 0.1897
0.505447 0.896096
0.979762 0.45953
0.635422 0.28561
0.437751 0.428016
0.64456 0.948553
0.924075 0.68946
0.843774 0.839357
0.148016 0.342128
0.137416 0.298784
0.56145 0.550291
0.294621 0.998526
0.288195 0.606766
0.787452 0.66787
0.279311 0.188481
0.998854 0.50998
0.71875 0.323897
0.107986 0.500987
0.108783 0.596033
0.550595 0.451166
0.270899 0.31901
0.465556 0.677245
0.660965 0.817367
0.717195 0.567268
0.793688 0.114696
0.528568 0.387214
0.14755 0.858601
0.531291 0.571756
0.959839 0.94639
0.536726 0.856154
0.200218 0.822501
0.748579 0.993089
0.806757 0.851709
0.177808 0.993837
0.294345 0.306311
0.538415 0.860664
0.273856 0.199864
0.544172 0.408288
0.701827 0.276886
0.605736 0.399905
0.82509 0.488542
0.939595 0.333186
0.543223 0.199012
0.21829 0.721616
0.850577 0.429947
0.983184 0.0960563
0.725491 0.985542
0.426716 0.302008
0.909944 0.332767
0.665776 0.947164
0.3328 0.518935
0.970141 0.966233
0.933283 0.692577
0.223154 0.216069
0.0259459 0.492618
0.0291039 0.543482
0.283231 0.420608
0.268036 0.159449
0.584212 0.0566196
0.647471 0.561979
0.865979 0.935256
0.572868 0.830589
0.613954 0.295659
0.944107 0.80247
0.521236 0.141222
0.760992 0.794417
0.0891952 0.406597
0.700818 0.222562
0.640604 0.507784
0 19 30
0 36 13
0 68 20
1 7 16
1 47 32
1 77 33
2 18 26
2 32 21
2 60 19
2 76 13
3 23 31
3 39 16
3 91 35
3 93 17
4 11 16
4 34 29
4 73 22
5 17 27
5 31 21
5 34 13
5 71 26
5 74 17
5 75 28
6 30 13
6 52 21
6 80 35
7 40 25
7 84 18
8 35 20
8 65 10
9 59 22
9 74 31
10 92 17
11 18 30
11 21 10
11 57 10
11 64 12
12 92 34
13 18 14
13 24 25
14 20 19
14 79 34
15 58 28
16 19 32
16 20 11
16 46 11
16 52 27
16 56 22
17 41 35
17 66 33
17 78 26
18 20 18
18 25 35
19 34 17
19 62 25
19 69 21
19 71 30
19 90 18
19 93 15
20 37 17
20 68 10
20 78 19
21 58 27
22 69 11
23 76 12
23 80 10
24 31 31
24 44 14
24 62 11
24 67 23
24 79 22
24 87 22
26 30 22
26 83 18
27 41 35
28 31 10
29 44 35
30 57 15
30 85 23
30 90 20
30 95 12
32 64 23
32 96 18
33 53 23
33 63 12
34 45 25
34 46 26
35 44 25
36 75 15
36 94 21
37 70 23
37 98 16
38 69 10
39 50 28
39 81 13
41 54 11
41 87 20
42 44 35
43 62 33
44 50 17
44 81 32
45 48 12
45 86 18
47 67 31
49 50 31
49 87 12
50 72 28
50 81 15
51 70 24
52 94 34
53 87 27
54 74 35
55 94 11
57 90 35
61 66 24
62 76 17
64 93 31
65 95 16
65 97 15
65 99 24
66 82 31
67 90 26
68 81 15
68 98 11
69 79 15
70 81 19
70 82 26
70 91 18
70 96 11
75 92 20
75 93 17
75 99 15
77 92 11
78 88 11
81 89 18
81 97 17
82 89 27
82 92 28
86 95 35
88 95 18
833 280 175 573 875 1184 155 168 1254 487
733 1270 117 836 449 892 390 711 169 65
40 488 330 73 841 116 644 678 882 654
106 20 154 1044 498 101 872 814 1263 480
532 1024 1333 1118 196 382 903 445 532 1071
207 831 88 1178 819 701 60 618 54 998
536 609 733 250 767 197 1033 585 332 1131
834 453 414 563 310 309 440 1180 1173 554
1107 796 1204 777 292 586 1359 985 96 1392
387 440 1280 667 833 981 475 1120 183 392
1327 484 758 1157 1323 211 835 551 951 1232
1232 708 876 1364 136 138 1081 146 1289 1249
391 235 1353 1172 185 458 717 113 271 1398
1361 678 594 1016 436 353 499 561 986 745
488 433 517 872 197 1271 20 370 721 64
303 1065 1233 987 651 1384 1294 1170 680 359
1248 832 230 1168 135 466 809 3 588 963
29 1388 1130 1238 632 138 616 855 655 1188
277 890 1185 905 455 572 212 820 526 392
966 1213 982 718 1356 1012 762 860 1129 530
752 562 1263 38 170 685 1243 818 543 1207
350 1050 551 1399 1270 137 147 618 410 1147
1363 519 658 648 603 1019 262 1201 570 34
1054 1084 936 871 58 871 1008 156 716 546
366 872 541 1228 580 295 436 1044 63 465
1146 257 1387 554 424 789 604 1192 784 210
35 422 110 315 441 1379 980 796 783 604
232 362 657 939 592 1320 1101 877 6 536
331 1293 1269 460 1248 1310 445 228 435 241
646 352 205 505 877 699 1197 1062 1196 1174
330 1346 1062 396 876 1080 946 1085 293 149
305 481 997 1249 319 325 469 1128 144 99
1384 1198 587 1385 1179 665 253 475 442 196
1334 229 1112 1007 568 1320 215 762 761 1359
492 783 938 543 563 152 946 918 840 486
714 1371 685 318 206 792 833 675 569 972
827 418 1180 848 569 657 703 827 838 421
202 1243 694 1113 1221 1222 687 841 297 351
392 882 640 681 504 1167 608 108 1114 228
94 89 933 895 1315 525 195 846 852 624
1242 995 1085 1096 924 700 831 151 142 374
416 927 1234 1065 1038 1020 628 439 173 515
1393 467 470 1173 460 1306 1349 1014 486 142
954 1335 1374 748 1091 903 1358 303 936 991
1255 383 457 687 581 91 1048 750 31 1179
1271 929 402 86 709 975 188 399 1287 267
1112 361 30 818 1126 46 414 934 707 479
893 1338 957 1275 1316 109 1266 243 719 485
1344 938 807 1318 1119 746 688 600 365 1166
1198 482 772 841 1368 712 1183 699 578 828
698 145 729 826 1300 8 584 1177 753 496
75 129 916 970 573 234 810 1250 1327 333
870 834 462 771 988 744 1091 613 590 537
228 678 1312 587 523 1179 599 550 79 818
837 995 1363 671 699 30 922 612 525 630
636 1363 190 369 992 395 804 112 1313 627
448 1368 288 787 710 917 734 46 1034 553
882 317 153 1365 1000 888 249 494 1150 914
250 925 348 755 577 733 740 128 506 354
14 682 580 1034 661 257 209 4 740 1348
1155 1292 1163 158 748 539 1315 629 1118 74
1012 465 1387 924 81 73 951 220 30 611
431 872 412 632 768 1259 337 165 1026 1372
1047 616 690 166 1106 1085 1175 632 475 1378
1004 514 493 5 1287 1111 1016 371 970 722
1050 462 275 920 142 109 251 197 15 727
751 787 267 414 4 369 697 1049 284 821
78 1325 684 1116 46 573 359 1127 752 701
1088 798 1382 543 20 531 198 277 978 583
1161 24 1389 1007 1278 950 358 124 46 781
704 649 1304 1322 92 665 93 998 185 724
578 886 1010 855 505 694 577 664 66 868
1247 484 652 697 133 763 1125 506 158 651
914 956 138 1333 1093 1228 555 764 619 1238
1065 749 761 212 1399 171 899 1120 506 922
1034 497 1280 792 1230 21 1099 1229 867 524
1170 1111 263 1348 162 742 1024 586 291 644
320 678 134 1261 1344 1300 593 534 516 139
1205 459 363 1306 254 827 8 395 765 624
1385 650 100 36 1024 907 420 1071 720 647
184 1265 1326 1041 1196 667 683 520 737 416
17 629 147 524 987 892 771 363 374 502
522 142 698 414 943 330 944 271 210 503
284 1068 426 547 858 94 651 1325 953 804
448 524 223 517 447 1375 1037 1371 1143 1337
67 1060 1233 90 842 1275 1175 315 1225 260
451 910 1057 1059 730 1228 793 124 192 492
270 1395 588 1395 1206 570 1150 651 404 1100
1132 796 1096 568 9 977 940 498 311 997
886 431 34 1276 1240 443 1120 1295 786 100
296 256 237 858 549 88 906 862 1337 274
1128 969 629 282 1090 774 1331 75 523 851
1213 1161 143 28 1263 363 583 991 551 591
870 684 360 187 1366 481 351 841 807 661
525 66 471 1012 1221 373 138 1320 121 523
320 1372 671 30 1140 1324 515 375 429 18
610 1133 176 263 663 856 304 411 872 394
340 491 851 654 416 197 735 349 1173 544
1044 572 181 1231 1320 1021 564 807 222 1251
1218 341 628 1275 911 145 805 1151 655 584
859 648 608 422 958 248 801 1205 1048 950
322 761 1253 699 34 1235 1381 843 656 1037
105 72 444 1043 541 430 1148 49 853 496
582 948 894 1349 936 1370 132 572 20 1084
1046 24 715 1115 1187 1181 840 80 1310 758
1033 79 927 960 1152 1298 92 264 546 479
339 567 390 784 320 702 460 1083 402 383
133 1370 1356 1365 1090 1247 250 292 1071 405
1071 163 1249 1024 1091 1385 140 499 680 552
948 519 1256 1098 880 676 296 1017 962 1164
1075 490 1322 31 882 236 179 140 1024 388
903 668 636 366 376 1298 644 1310 1204 351
1263 1129 302 159 1048 534 227 1313 134 1164
1186 677 1005 1218 660 897 997 267 300 1271
17 700 1211 1349 187 794 88 349 486 332
1382 483 1225 622 1126 1159 1009 357 80 61
758 454 913 1017 885 1074 762 217 52 698
194 1378 685 1193 45 1 956 525 876 1190
754 435 1056 100 850 987 87 158 604 230
808 1170 1246 348 1040 1389 46 253 900 1047
1164 1207 339 164 213 1131 381 1231 714 198
1294 913 247 1018 399 71 944 1020 1283 853
1216 67 1075 1094 198 228 182 1216 571 780
1155 1380 75 343 1324 354 204 190 656 251
1133 47 1341 279 1228 167 1385 70 925 624
719 606 396 542 775 220 503 673 926 1242
253 530 577 812 1174 815 15 1384 1285 309
1377 571 886 483 56 704 1010 1070 760 146
134 915 552 724 393 997 563 959 763 768
665 167 1267 344 699 430 1077 1076 981 469
791 152 441 548 1357 136 104 325 784 1324
1127 1265 1103 617 666 608 1254 207 101 106
878 292 995 418 974 1015 42 867 12 1374
795 919 764 916 1310 435 429 806 1111 1200
1041 289 421 229 694 929 873 1026 767 424
310 1267 130 722 477 1041 461 147 110 1257
269 1143 185 959 448 134 1278 1361 1035 683
399 749 703 299 348 625 892 492 707 609
385 1186 564 972 468 346 480 647 291 1117
58 368 1368 282 758 1022 604 537 519 1381
