5
1908
0.5
100
180
0.549158 0.100376
0.289316 0.871166
0.670666 0.0609746
0.527327 0.168425
0.220785 0.837572
0.959842 0.251479
0.472139 0.725499
0.160598 0.537792
0.85218 0.127491
0.910267 0.994581
0.658246 0.627228
0.967701 0.197886
0.569408 0.64367
0.98416 0.358563
0.356383 0.909963
0.116753 0.016123
0.829841 0.498049
0.994179 0.236924
0.0373569 0.228772
0.880235 0.806309
0.913931 0.207087
0.557817 0.00191036
0.698186 0.948062
0.274176 0.456146
0.630117 0.564501
0.0117035 0.622452
0.570287 0.207311
0.762505 0.87609
0.975255 0.271343
0.676801 0.82967
0.696086 0.737438
0.569891 0.571153
0.0901346 0.958991
0.581534 0.56906
0.26293 0.756247
0.790233 0.627981
0.0882401 0.27627
0.535478 0.751096
0.036865 0.888526
0.294838 0.253852
0.727391 0.599041
0.990579 0.276719
0.56707 0.531025
0.356057 0.235852
0.960776 0.816099
0.451963 0.124923
0.311523 0.533165
0.498831 0.87722
0.140157 0.00267182
0.235491 0.403287
0.904435 0.407111
0.494347 0.798598
0.364001 0.269599
0.875326 0.639368
0.104938 0.545363
0.720227 0.176063
0.572554 0.930105
0.0928359 0.191032
0.688833 0.325684
0.79466 0.0210314
0.717909 0.20692
0.285793 0.0703356
0.702702 0.197317
0.577701 0.881605
0.50865 0.987473
0.53145 0.0402207
0.995097 0.0185618
0.423043 0.345376
0.823265 0.857708
0.790212 0.293193
0.639297 0.698071
0.901709 0.463964
0.00808064 0.551462
0.754474 0.270392
0.0173223 0.68852
0.236481 0.493444
0.880554 0.994835
0.556087 0.842682
0.153964 0.370034
0.140882 0.0425458
0.168168 0.984666
0.281278 0.470418
0.489358 0.279087
0.965556 0.61573
0.268111 0.0700108
0.249251 0.595313
0.441155 0.628062
0.683021 0.00959285
0.941568 0.125389
0.280033 0.242116
0.133443 0.933953
0.693777 0.773401
0.469646 0.380317
0.887437 0.148768
0.228806 0.275
0.438475 0.192144
0.619706 0.518924
0.703021 0.555606
0.206053 0.371875
0.386312 0.432803
0 1 18
0 20 26
0 50 25
0 62 11
0 81 19
1 25 20
1 38 18
1 54 13
1 60 30
1 70 25
2 3 10
2 8 13
2 52 22
2 93 15
2 98 33
3 23 18
3 39 16
3 66 33
3 90 28
3 94 21
4 45 16
4 99 12
5 26 28
5 30 19
5 35 12
6 34 15
6 40 18
6 58 15
6 68 25
6 73 20
7 12 29
8 31 20
8 64 24
8 97 11
9 60 14
10 81 27
11 37 31
12 14 15
13 59 13
13 60 19
13 63 29
14 36 19
15 23 11
15 61 12
16 21 19
16 47 23
16 52 33
16 64 23
17 24 26
17 29 22
17 33 29
17 37 32
17 77 31
17 96 26
18 51 32
19 51 27
19 62 13
19 70 17
21 35 16
21 53 22
21 79 29
21 88 27
22 94 33
23 26 21
23 29 28
23 32 13
23 33 22
23 62 30
24 45 13
24 69 11
24 93 18
25 75 16
25 86 30
26 32 34
26 43 15
26 48 30
26 69 16
26 79 30
27 52 28
28 68 11
30 45 17
30 75 32
30 95 18
31 46 18
31 59 16
31 61 20
31 67 10
31 84 21
32 34 12
33 52 15
33 57 35
33 61 21
33 76 21
33 78 30
33 86 10
34 45 13
34 55 32
34 56 22
34 96 25
35 52 30
35 66 14
35 70 11
35 77 17
36 37 32
36 75 10
37 62 12
37 83 30
37 84 19
38 45 29
39 51 14
39 63 20
40 56 11
41 62 20
41 70 25
42 90 31
43 56 15
44 64 32
45 72 31
45 81 12
45 89 12
46 79 12
47 62 14
47 73 18
47 75 19
48 52 16
48 82 25
48 99 17
49 57 10
50 60 13
51 61 15
51 62 15
51 76 27
51 79 25
52 72 25
52 77 14
54 82 27
55 71 13
55 77 12
56 78 30
56 90 31
58 71 15
58 89 29
58 99 21
59 70 11
60 88 16
60 95 20
61 70 25
61 91 29
61 97 30
62 84 31
63 66 30
63 68 17
63 85 23
65 80 26
66 96 27
67 79 20
68 77 19
69 96 12
70 81 25
70 84 26
70 95 14
74 78 10
74 89 19
74 99 26
75 86 14
75 87 32
75 95 14
76 82 28
76 92 29
80 82 23
84 87 29
85 95 13
86 90 22
87 94 32
89 91 29
91 94 33
91 98 34
92 93 30
93 97 13
95 96 13
690 382 885 519 791
62 761 899 587 672
452 434 349 223 270
18 777 120 295 773
225 714 479 445 363
339 147 667 202 78
885 17 586 433 786
34 176 238 623 843
111 600 804 854 358
694 660 329 139 329
449 295 504 376 851
316 854 333 235 627
255 413 808 818 736
636 64 303 188 708
460 247 704 716 274
491 59 213 109 831
846 471 359 258 119
380 253 569 856 594
755 377 717 676 508
352 51 747 459 320
896 407 137 788 82
254 456 29 55 207
338 316 331 607 576
156 647 852 860 15
209 668 56 727 896
653 284 26 109 541
798 817 279 302 838
430 344 493 13 532
522 809 630 821 892
835 377 800 675 740
812 430 782 144 417
442 347 170 645 432
117 337 591 830 805
281 672 26 473 347
364 323 715 391 291
479 341 484 221 524
549 103 370 314 66
226 10 745 150 247
419 76 812 830 656
696 158 560 712 176
294 66 838 859 149
859 754 363 84 157
399 836 185 13 592
839 821 592 41 578
363 888 614 846 390
67 786 662 537 570
114 802 411 152 365
635 323 483 652 576
185 849 838 54 303
736 668 861 442 268
307 266 342 380 180
444 739 197 534 893
861 49 770 607 858
630 84 175 207 384
186 657 680 441 793
390 688 172 9 713
420 51 555 339 22
372 450 691 274 737
390 850 544 13 485
519 877 521 92 327
287 563 511 574 192
129 255 450 749 686
614 252 299 846 70
534 402 451 359 204
68 734 355 394 72
706 652 687 636 268
492 488 326 552 307
33 4 240 301 421
52 387 137 192 731
822 863 621 211 570
41 491 437 633 570
343 115 281 578 24
775 474 873 873 38
367 475 325 786 484
355 473 86 604 450
417 650 814 280 100
444 892 401 613 713
265 808 325 664 761
96 749 533 201 645
475 856 183 147 557
663 517 808 434 367
813 800 264 638 695
171 461 745 556 340
687 780 569 166 709
319 682 589 803 392
471 483 44 367 430
473 423 118 562 661
619 629 31 868 404
377 84 197 403 666
262 401 653 155 205
247 80 652 460 357
796 475 856 23 431
573 69 666 507 543
654 863 222 331 233
897 77 320 178 291
857 834 228 373 807
194 711 208 185 546
546 778 595 309 733
787 154 815 609 476
773 418 22 434 414
845 645 728 102 820
62 368 537 611 418
897 425 273 570 798
389 847 642 287 227
471 771 281 608 201
452 162 183 602 519
390 616 263 606 37
429 873 658 511 629
621 725 716 676 661
866 635 890 636 191
341 286 11 560 850
375 354 294 268 333
606 705 158 733 360
227 95 875 814 543
175 30 705 388 736
751 683 112 82 814
387 477 196 96 55
573 601 644 387 93
265 250 759 670 282
341 579 432 527 326
132 807 767 506 570
625 812 217 823 796
301 860 491 793 107
163 100 695 731 331
687 49 541 219 897
514 321 58 76 85
514 354 523 868 366
81 508 250 63 436
402 253 441 405 3
289 806 790 510 787
223 378 525 624 285
508 419 565 607 178
202 422 601 828 358
658 33 367 152 554
350 383 202 303 388
224 212 621 512 496
589 339 143 111 793
418 308 520 28 856
721 87 527 318 52
113 278 358 12 621
827 552 841 765 75
318 212 656 265 627
740 790 823 759 403
498 241 159 364 350
771 147 286 585 5
418 407 671 309 550
8 495 252 377 627
71 608 321 780 213
29 753 516 417 91
480 330 717 634 864
421 552 894 287 655
856 576 665 267 873
591 490 888 874 765
772 63 384 746 787
414 237 875 656 164
41 863 842 327 775
415 411 865 328 201
524 107 363 793 294
386 603 56 670 754
203 605 449 315 52
576 611 635 586 583
517 670 355 345 612
729 699 415 743 647
466 298 290 873 397
171 400 733 362 267
460 391 261 260 863
737 530 8 745 711
140 886 378 434 96
442 860 601 800 239
331 441 320 507 792
616 661 892 374 67
303 199 395 34 691
630 296 800 723 244
157 667 635 312 184
447 248 639 494 379
278 56 755 830 726
897 418 818 75 200
466 185 243 830 821
258 234 614 96 814
550 521 757 71 841
