5
1006
1
49
84
0.325804 0.0939577
0.567326 0.420328
0.430079 0.807984
0.256393 0.554405
0.27771 0.210125
0.523631 0.508665
0.081485 0.406437
0.637226 0.745852
0.655673 0.352773
0.110943 0.895322
0.981769 0.629824
0.0667484 0.32168
0.643206 0.411108
0.3119 0.841824
0.232137 0.424063
0.803581 0.718154
0.924481 0.329691
0.477962 0.935649
0.638264 0.854252
0.0544979 0.0772205
0.206392 0.556536
0.259848 0.290306
0.432045 0.669594
0.41376 0.467327
0.510397 0.408726
0.427199 0.363813
0.208926 0.348009
0.612437 0.713076
0.771019 0.851149
0.962196 0.661246
0.836725 0.870388
0.83311 0.726676
0.515788 0.534274
0.298195 0.0803009
0.719441 0.991936
0.631327 0.807604
0.00788652 0.815265
0.770177 0.126877
0.536425 0.0446746
0.900461 0.00286343
0.404556 0.759571
0.230426 0.660808
0.927169 0.247376
0.0960411 0.305153
0.524988 0.883262
0.34062 0.554214
0.373629 0.75067
0.478356 0.179475
0.790936 0.0104002
0 37 31
0 44 14
1 45 16
1 48 16
2 6 25
2 7 15
2 15 26
2 27 13
2 28 24
2 31 28
3 6 12
3 18 27
4 24 16
5 8 9
5 30 22
5 33 16
5 39 27
6 23 23
6 24 30
7 25 15
7 30 14
8 21 28
8 25 16
8 39 17
8 42 19
9 13 14
9 17 26
9 24 28
9 32 29
9 33 13
9 45 16
10 34 19
11 13 17
12 30 14
12 39 18
12 40 17
12 48 10
13 24 14
13 36 21
13 47 12
14 24 20
14 36 16
15 22 26
15 24 21
15 47 23
16 32 29
17 21 15
17 39 30
17 41 18
18 20 31
18 23 16
18 46 19
19 45 20
21 32 18
21 35 26
22 36 30
22 41 14
23 27 14
23 43 22
23 48 27
25 34 21
26 35 30
26 38 23
26 40 14
27 30 16
27 42 22
28 35 10
29 32 32
29 44 31
30 35 15
30 47 25
31 38 21
33 36 21
35 42 21
35 46 18
36 40 28
37 42 11
38 48 18
40 41 12
41 46 10
41 47 18
42 48 10
43 45 17
46 48 30
295 412 209 295 390
175 226 79 285 187
387 136 119 364 55
363 157 314 357 19
122 107 247 313 240
148 375 320 57 169
77 275 404 1 237
349 59 184 303 287
116 241 331 117 295
371 214 231 351 392
1 129 310 84 309
408 74 183 300 111
199 36 127 86 143
311 419 302 67 263
402 314 378 2 139
410 317 260 394 325
254 306 413 276 86
19 287 73 411 126
237 363 279 207 210
347 75 11 52 266
326 43 379 46 244
172 159 46 126 226
120 114 18 107 345
414 330 41 112 374
256 193 356 113 66
141 411 256 243 188
92 108 100 229 204
295 302 173 173 344
384 141 407 378 162
7 19 317 338 261
33 194 285 19 27
305 3 113 195 272
298 196 246 198 326
322 349 209 19 155
60 125 205 289 46
330 41 119 257 5
400 407 252 300 196
211 280 232 146 133
281 395 64 221 139
272 419 37 242 419
162 256 113 222 59
243 366 42 73 384
382 211 16 231 47
216 32 339 145 101
258 416 350 16 313
257 325 93 379 37
166 100 137 262 67
287 286 23 378 90
200 23 398 295 174
220 216 96 95 185
401 321 35 37 115
117 295 19 126 387
329 235 91 243 380
246 124 140 107 142
272 122 361 349 259
217 392 243 30 221
164 139 24 347 413
130 110 66 362 290
336 386 11 288 17
322 95 272 349 297
56 348 220 256 359
268 75 201 377 60
287 99 295 218 383
139 54 318 356 155
139 42 411 14 321
307 133 70 14 92
198 304 40 161 380
221 94 116 313 72
233 169 172 224 292
387 388 318 322 147
199 416 150 209 260
186 333 348 204 378
361 135 375 221 151
227 251 115 263 146
134 114 115 355 267
169 366 253 24 354
7 376 311 238 81
99 87 395 241 273
347 314 400 269 254
319 87 369 336 149
219 203 36 418 343
127 351 271 419 75
405 305 273 322 247
342 241 334 195 302
