5
993
0.5
49
84
0.701522 0.254849
0.464732 0.810469
0.436406 0.0223657
0.493796 0.813474
0.954277 0.472926
0.494149 0.952445
0.979442 0.147474
0.329452 0.855375
0.927039 0.85035
0.248592 0.677049
0.765452 0.967834
0.175934 0.248162
0.178692 0.0505675
0.503244 0.512658
0.72464 0.686563
0.391801 0.276488
0.74648 0.847437
0.811903 0.291479
0.308909 0.193646
0.613406 0.408323
0.772518 0.711246
0.943546 0.532304
0.131682 0.925884
0.963738 0.547464
0.0342366 0.0556891
0.44459 0.492419
0.96298 0.421416
0.424121 0.477674
0.518982 0.780236
0.405325 0.442934
0.227079 0.146148
0.0968331 0.962195
0.939804 0.997103
0.967134 0.607206
0.938345 0.679924
0.0772678 0.738804
0.590078 0.0258112
0.52658 0.0426044
0.144939 0.863272
0.863653 0.960978
0.631099 0.412003
0.902829 0.276067
0.315791 0.17087
0.198283 0.94127
0.235678 0.947036
0.55505 0.498828
0.774553 0.249774
0.232005 0.0739873
0.563472 0.366461
0 32 17
0 42 27
1 4 35
1 7 10
1 21 34
1 24 30
1 30 17
1 39 28
2 41 33
3 7 12
3 16 18
3 20 20
3 32 32
3 33 33
4 13 32
4 45 28
4 46 13
5 12 22
5 21 32
5 23 33
5 31 28
5 35 29
6 40 25
7 14 28
7 31 16
7 35 18
7 40 21
8 37 28
9 14 34
9 28 19
9 35 12
10 15 26
10 33 14
10 37 17
11 25 19
12 25 19
12 27 17
12 36 29
13 23 33
13 26 33
13 30 20
13 33 33
13 34 31
13 35 30
13 41 28
15 17 30
15 31 21
15 46 27
15 48 12
17 23 11
17 26 11
17 28 21
17 37 20
18 20 33
18 37 15
19 26 25
20 32 12
21 45 27
21 48 27
22 48 31
23 28 31
24 44 14
24 47 14
25 30 15
25 32 35
26 28 31
26 36 26
26 45 29
27 30 14
27 40 15
28 30 21
28 47 20
29 36 13
29 46 26
34 36 25
34 37 29
34 40 22
36 38 31
36 43 28
36 46 13
39 45 22
39 48 21
40 42 22
42 46 32
108 233 353 79 124
168 336 121 343 99
195 403 393 302 32
66 185 163 161 145
178 20 154 384 300
204 351 322 212 400
190 161 334 142 401
315 38 126 69 95
259 198 402 167 4
394 373 323 341 387
333 198 376 185 85
14 363 75 340 164
80 351 312 166 63
244 153 188 77 101
265 304 183 286 106
265 315 97 411 261
37 141 343 377 51
268 407 75 78 107
16 38 250 246 347
265 324 228 309 40
240 265 50 94 332
139 28 228 243 191
137 200 249 20 347
46 128 26 353 35
201 82 102 186 112
254 110 318 216 393
136 266 174 240 299
282 397 123 27 90
17 361 8 334 227
34 156 324 371 101
83 218 316 166 139
13 405 100 245 289
402 229 238 98 128
250 318 123 67 190
139 213 405 417 130
189 17 133 108 251
180 155 184 244 191
248 306 113 257 281
60 128 391 127 172
369 162 79 214 268
44 356 318 223 153
394 356 331 100 353
200 349 172 69 367
104 172 90 31 249
377 328 395 63 157
417 389 24 267 134
303 357 176 149 318
283 128 125 145 75
34 291 239 55 373
197 212 354 6 79
269 25 349 177 342
418 358 317 381 71
138 138 50 263 349
95 147 32 56 299
41 225 383 223 141
342 324 330 380 404
3 281 385 20 367
233 118 364 165 172
102 139 154 214 405
229 125 136 247 165
343 392 319 100 13
63 381 380 38 116
164 409 44 11 363
267 282 201 206 14
97 369 3 372 415
167 261 102 391 95
399 73 396 389 397
373 43 90 401 343
317 259 99 41 390
345 359 376 80 404
193 376 116 80 361
18 111 317 97 236
63 59 339 190 107
203 402 393 288 323
286 381 225 98 190
344 371 365 5 195
212 141 62 274 129
403 359 21 76 142
407 58 316 90 361
411 321 113 156 287
305 60 69 265 115
227 194 414 174 267
368 58 177 379 125
22 18 329 337 32
