5
1876
1
100
140
0.987128 0.203672
0.829485 0.615051
0.314796 0.818915
0.404907 0.211697
0.922822 0.408786
0.754259 0.275515
0.230942 0.07499
0.96348 0.0562758
0.355479 0.552666
0.0890388 0.155133
0.730348 0.664956
0.360108 0.494699
0.557219 0.0932331
0.429793 0.250896
0.39005 0.109142
0.747114 0.800905
0.619109 0.100582
0.599315 0.241288
0.980189 0.15965
0.0473591 0.412269
0.306185 0.086962
0.957633 0.134834
0.560484 0.719129
0.0603289 0.154181
0.248641 0.304839
0.179497 0.296521
0.67024 0.398206
0.888108 0.324423
0.479134 0.421904
0.683784 0.10918
0.841049 0.397838
0.233735 0.397943
0.971772 0.597264
0.834473 0.961325
0.176222 0.0957607
0.960688 0.94929
0.187276 0.0365042
0.124956 0.84896
0.561408 0.779425
0.139284 0.724447
0.313699 0.357555
0.198832 0.239361
0.374271 0.790575
0.179419 0.994159
0.832098 0.288372
0.234028 0.468768
0.635246 0.838873
0.803334 0.0456064
0.0399042 0.465795
0.77246 0.671913
0.21314 0.767892
0.515493 0.517345
0.343708 0.159799
0.518193 0.709252
0.943932 0.43791
0.880496 0.558635
0.0619691 0.415348
0.570766 0.0933116
0.196963 0.234901
0.709987 0.192554
0.765195 0.745791
0.761295 0.874697
0.244838 0.192546
0.102901 0.144128
0.297494 0.271614
0.653515 0.0852667
0.983773 0.607611
0.227411 0.526187
0.380862 0.516763
0.993665 0.973894
0.601573 0.256618
0.0796646 0.33038
0.0153677 0.223659
0.968863 0.683913
0.0806568 0.294882
0.941292 0.257498
0.66711 0.0863831
0.889405 0.253278
0.34651 0.92836
0.00310293 0.472839
0.65027 0.910587
0.894475 0.895787
0.762278 0.843634
0.881887 0.77144
0.447598 0.727542
0.417381 0.5863
0.158251 0.111794
0.491068 0.217517
0.827007 0.196211
0.848316 0.0415844
0.566145 0.508798
0.334777 0.164619
0.883328 0.43148
0.731882 0.893573
0.669841 0.254852
0.175039 0.712663
0.556239 0.0776889
0.593637 0.558839
0.181212 0.0244629
0.754843 0.675923
0 57 29
1 69 12
1 91 35
1 96 19
2 61 32
2 71 17
2 93 29
3 10 23
3 92 34
3 99 25
4 5 12
4 85 36
4 99 12
5 20 32
5 28 19
5 51 17
5 52 29
5 70 11
5 73 15
6 12 23
6 22 23
6 38 23
6 74 11
7 60 14
8 43 12
8 94 22
9 62 11
10 24 34
11 27 37
11 48 23
11 58 12
11 90 15
11 99 28
12 48 37
12 49 15
12 59 11
13 48 28
13 70 12
13 75 36
13 89 30
14 43 15
14 96 12
14 97 14
15 52 29
15 85 23
16 25 31
16 30 16
16 78 19
17 40 20
17 62 25
18 65 23
19 24 14
19 41 11
19 78 21
19 84 28
21 57 27
22 34 27
22 40 17
22 56 35
22 82 14
22 91 16
22 93 12
23 57 36
24 59 33
24 87 17
24 96 22
25 28 21
25 70 30
26 31 31
26 35 21
26 55 15
26 62 30
26 98 35
27 38 23
28 29 14
29 66 21
30 97 17
31 61 37
31 68 10
31 82 37
32 60 15
32 88 10
32 99 15
33 57 19
33 84 27
35 85 38
36 51 23
37 42 18
37 87 26
38 39 30
38 49 15
40 44 37
40 63 15
40 70 20
42 53 10
42 67 10
43 91 11
44 94 11
45 97 25
46 64 24
46 78 20
46 86 34
47 66 13
48 53 34
48 58 11
50 93 37
51 93 15
52 97 18
53 94 11
54 65 21
54 87 32
57 71 35
59 67 34
60 96 15
61 73 15
61 78 29
62 71 12
62 79 17
63 70 35
63 97 35
65 81 17
65 85 17
65 92 16
67 76 31
67 87 19
72 78 23
75 87 32
76 83 15
77 87 28
78 88 34
80 89 14
80 95 34
81 84 32
82 85 24
82 87 19
83 84 31
83 90 22
84 95 19
87 98 22
97 99 11
120 429 292 663 325
265 101 633 596 571
414 530 628 275 300
343 484 292 696 4
539 688 657 325 73
138 18 624 115 7
508 319 685 556 577
420 342 234 273 672
604 281 679 615 239
594 62 506 675 599
150 285 54 274 531
599 200 466 228 306
596 295 391 515 122
654 463 343 254 194
533 432 669 313 486
391 645 613 515 420
640 54 266 99 113
96 460 51 96 444
445 420 543 295 502
341 128 513 527 269
215 526 83 56 626
559 652 523 347 62
314 577 44 555 321
622 321 499 358 109
457 340 501 694 360
42 60 399 698 562
283 383 676 532 291
536 361 640 392 168
413 251 494 422 391
284 523 176 452 313
191 503 507 111 496
221 348 328 213 143
460 1 171 264 424
294 450 668 500 276
294 678 28 594 53
646 529 106 117 605
397 187 32 676 211
350 36 447 22 627
343 698 591 413 498
418 11 297 33 604
370 621 359 34 40
479 505 420 493 158
366 77 445 473 240
117 140 72 256 0
491 236 386 282 31
102 136 209 133 242
507 477 649 173 228
125 630 29 77 244
31 225 491 297 460
211 96 306 477 90
694 306 584 628 464
448 63 245 227 247
586 329 352 187 696
565 513 205 219 72
40 450 524 298 267
362 92 49 441 129
587 590 55 448 43
198 371 206 246 95
272 575 401 96 22
14 495 596 508 29
559 162 581 44 516
616 660 670 696 81
20 380 285 176 195
299 238 44 32 25
354 600 488 564 60
309 536 652 576 455
310 185 543 438 69
202 627 542 156 561
190 300 326 537 325
232 385 576 108 228
446 477 273 202 16
686 690 325 552 524
666 410 214 462 53
21 680 211 150 689
342 614 287 385 655
288 495 325 113 566
402 12 503 350 204
207 607 239 277 261
344 31 202 274 346
210 531 551 280 692
125 453 132 630 141
300 42 377 502 38
601 228 634 264 461
280 310 670 98 59
278 538 427 340 275
488 418 142 516 265
602 594 574 413 586
348 413 186 425 511
332 24 175 96 121
512 212 418 19 103
226 189 643 694 230
672 416 400 118 571
543 437 638 271 424
312 277 402 124 673
693 75 452 423 180
638 698 605 272 83
257 509 25 139 541
36 153 309 639 83
698 392 398 585 271
66 191 597 508 288
501 272 299 537 663
104 37 237 217 246
252 290 187 589 358
384 234 47 298 311
268 282 416 223 261
65 646 672 605 89
172 428 623 690 671
220 422 86 375 450
223 373 431 276 180
95 258 287 164 264
92 643 662 120 222
39 496 562 661 431
680 225 90 629 208
422 434 28 272 352
244 255 667 278 151
4 606 187 457 259
467 599 318 22 235
645 437 33 70 491
249 193 138 160 588
440 509 471 136 695
278 284 136 95 36
257 102 45 537 563
71 186 596 611 628
450 184 514 276 26
192 279 513 291 586
680 385 583 143 568
574 614 20 330 430
13 366 283 1 113
466 390 533 17 433
112 255 214 674 29
374 267 65 156 179
107 319 246 359 667
515 289 608 640 464
34 25 169 144 600
38 150 395 260 469
466 664 424 183 156
320 276 78 62 95
87 297 305 489 534
647 431 694 372 462
391 107 652 291 593
