5
419
1
25
32
0.192042 0.900752
0.114885 0.268295
0.859315 0.593178
0.376525 0.614461
0.70142 0.712949
0.55677 0.438361
0.925103 0.787029
0.117497 0.366478
0.355698 0.00118782
0.615365 0.305463
0.128547 0.733676
0.136902 0.228447
0.334692 0.436264
0.710446 0.716834
0.630462 0.810791
0.0452287 0.529168
0.095693 0.290185
0.573249 0.4134
0.265006 0.284076
0.868732 0.391061
0.822001 0.291834
0.250997 0.174005
0.691103 0.396485
0.301835 0.879688
0.60394 0.564074
0 12 10
0 22 35
1 3 19
1 5 31
1 8 17
1 9 35
1 23 13
2 14 16
3 16 20
3 17 14
3 21 9
4 12 26
4 18 31
4 21 32
5 8 14
5 19 22
6 17 25
6 22 17
7 23 13
9 11 34
9 20 15
10 24 34
12 15 20
12 22 25
13 19 11
13 21 32
14 19 17
14 21 27
16 17 34
16 23 15
20 24 15
23 24 21
56 15 74 113 42
54 31 35 117 65
59 27 136 93 130
120 122 139 77 81
139 83 142 35 141
41 22 89 104 75
84 33 119 15 53
60 21 135 81 93
18 81 70 79 44
96 30 96 89 127
41 111 124 146 128
96 126 55 98 93
63 126 20 152 70
102 45 14 95 94
103 141 85 24 110
29 30 50 99 46
138 30 142 135 31
7 20 98 70 138
8 136 154 137 24
2 151 110 103 43
80 151 12 69 136
7 104 124 92 154
11 62 112 45 102
145 52 80 98 3
20 123 92 6 68
10 29 115 4 94
66 57 132 22 43
45 37 66 0 11
128 57 65 22 132
48 130 147 21 97
91 78 96 84 25
108 122 9 87 108
