5
864
1
49
66
0.46624 0.225815
0.354893 0.821269
0.850992 0.124301
0.860628 0.117172
0.81277 0.720945
0.236702 0.745771
0.17854 0.874808
0.834418 0.120223
0.655064 0.691304
0.512629 0.23685
0.594545 0.913824
0.884183 0.0996438
0.656813 0.760144
0.988902 0.361557
0.123026 0.601898
0.835351 0.855138
0.96768 0.135213
0.057301 0.417448
0.563328 0.0396183
0.187768 0.9446
0.623324 0.435317
0.835975 0.0233131
0.856005 0.875687
0.94229 0.772243
0.876545 0.736051
0.810387 0.517236
0.151495 0.873938
0.928881 0.107761
0.862614 0.0447695
0.563196 0.245755
0.0450975 0.543457
0.0303344 0.49409
0.106178 0.334786
0.294318 0.426848
0.274675 0.0583475
0.502643 0.395489
0.0644001 0.199079
0.64483 0.444129
0.504393 0.645041
0.525934 0.935317
0.876812 0.581099
0.605952 0.339165
0.861318 0.964732
0.626801 0.012671
0.133356 0.565831
0.796846 0.655395
0.0692776 0.347259
0.811939 0.466588
0.14331 0.00823764
0 2 27
0 20 11
0 33 12
0 34 14
0 47 24
1 19 12
1 20 19
2 8 14
2 39 23
3 13 9
3 29 21
3 39 24
4 33 37
5 35 19
5 36 12
5 38 19
6 8 34
7 9 23
8 21 13
8 27 19
8 39 9
9 12 10
9 14 28
9 25 21
10 16 26
10 26 31
10 30 39
10 32 35
10 42 19
10 44 33
11 29 23
12 16 22
12 19 33
12 28 15
12 35 11
13 15 11
13 43 26
15 41 16
16 18 29
16 37 23
17 20 40
17 34 15
17 43 40
18 22 21
18 26 29
18 45 17
19 43 31
20 24 18
21 29 19
22 33 40
23 43 22
28 38 25
29 33 19
29 40 22
29 42 21
29 47 18
29 48 30
31 35 33
33 39 16
33 46 16
34 37 26
35 37 10
35 42 25
41 45 13
41 47 15
43 47 13
327 129 216 292 246
162 155 24 20 177
254 25 256 24 103
1 311 117 153 134
279 19 246 300 111
263 211 287 251 122
155 167 13 178 222
70 238 145 83 278
198 154 188 154 100
327 131 301 58 283
16 283 10 144 281
25 84 266 61 6
77 102 88 317 58
277 271 303 82 210
327 254 132 49 231
317 205 199 53 220
77 86 165 123 303
196 110 39 85 302
9 74 38 34 222
320 2 45 39 281
94 138 161 143 245
237 55 249 5 152
220 34 253 28 194
140 324 243 36 92
292 179 240 284 124
102 229 227 103 34
265 210 234 258 203
173 63 225 255 284
315 290 70 101 288
88 58 31 285 126
226 249 328 45 329
66 100 280 108 281
37 110 301 155 325
83 117 299 281 238
225 256 172 265 64
173 224 49 21 202
123 30 272 140 231
64 99 65 120 210
174 270 146 25 17
201 80 93 221 100
211 329 62 161 69
310 235 65 314 284
323 111 274 320 204
239 218 77 271 37
63 310 204 200 34
276 163 214 324 205
248 288 258 299 170
3 249 316 53 307
56 31 299 44 27
301 69 198 249 17
251 144 50 321 2
114 73 293 138 52
241 94 68 84 100
59 196 166 102 52
184 214 124 247 197
180 108 249 156 327
264 28 21 29 33
291 213 32 198 92
311 8 171 236 252
27 199 38 299 109
26 70 55 268 295
243 76 262 48 320
305 274 300 226 244
48 183 61 17 37
220 304 7 28 274
5 129 301 142 316
