LinearRelaxationSolver 5 492 0.5 25 24 24 31 25 55 3600 4170698805 0 0 0 2230.69 0
LinearRelaxationSolver 5 607 0.5 25 24 24 30 25 54 3600 3915595481 0 0 0 2314.34 0
LinearRelaxationSolver 5 592 1 25 24 24 26 25 50 3600 2776155362 0 0 0 2423.95 0
LinearRelaxationSolver 5 820 1 25 24 24 29 25 53 3600 196295929 0 0 0 2390 0
LinearRelaxationSolver 5 602 0.5 25 32 32 58 33 90 3600 901422736 0 0 0 4276.1 0
LinearRelaxationSolver 5 689 0.5 25 32 32 58 33 90 3600 1772840239 0 0 0 4340 0
LinearRelaxationSolver 5 789 1 25 32 32 57 33 89 3600 2883482549 0 0 0 4113 0
LinearRelaxationSolver 5 996 1 25 32 32 59 33 91 3600 2818907651 0 0 0 4498 0
LinearRelaxationSolver 5 757 0.5 25 40 40 94 41 134 3600 4072716060 1 0 0 6303.61 0
LinearRelaxationSolver 5 830 0.5 25 40 40 94 41 134 3600 2899240656 1 0 0 6838.21 0
LinearRelaxationSolver 5 851 1 25 40 40 94 41 134 3600 3911999134 1 0 0 6472 0
LinearRelaxationSolver 5 1073 1 25 40 40 94 41 134 3600 3891936187 1 0 0 6693 0
LinearRelaxationSolver 5 910 0.5 49 48 48 66 49 114 3600 156112209 0 0 0 9339.21 0
LinearRelaxationSolver 5 1050 0.5 49 48 48 59 49 107 3600 4050234205 0 0 0 9314.05 0
LinearRelaxationSolver 5 1127 1 49 48 48 58 49 106 3600 2899418570 0 0 0 9694 0
LinearRelaxationSolver 5 1526 1 49 48 48 61 49 109 3600 337021924 0 0 0 9562 0
LinearRelaxationSolver 5 1171 0.5 49 66 66 128 67 194 3600 1297340899 1 0 0 18072.2 0
LinearRelaxationSolver 5 1428 0.5 49 66 66 138 67 204 3600 2172094471 2 0 0 18758 0
LinearRelaxationSolver 5 1522 1 49 66 66 130 67 196 3600 3552224111 2 0 0 17681 0
LinearRelaxationSolver 5 1853 1 49 66 66 134 67 200 3600 3517056917 2 0 0 17735 0
LinearRelaxationSolver 5 1525 0.5 49 84 84 214 85 298 3600 1332468258 6 0 0 29641.9 0
LinearRelaxationSolver 5 1874 0.5 49 84 84 214 85 298 3600 111454679 7 0 0 29309 0
LinearRelaxationSolver 5 1849 1 49 84 84 214 85 298 3600 1079048081 6 0 0 29932 0
LinearRelaxationSolver 5 2490 1 49 84 84 214 85 298 3600 1199781398 8 0 0 29370 0
LinearRelaxationSolver 5 1790 0.5 100 99 99 124 100 223 3600 1059839140 2 0 0 41386 0
LinearRelaxationSolver 5 2152 0.5 100 99 99 137 100 236 3600 293585974 2 0 0 41768 0
LinearRelaxationSolver 5 1968 1 100 99 99 131 100 230 3600 3461296886 2 0 0 40840 0
LinearRelaxationSolver 5 2969 1 100 99 99 129 100 228 3600 934671535 3 0 0 41572 0
LinearRelaxationSolver 5 2652 0.5 100 140 140 292 141 432 3600 3246648228 11 0 0 82991 0
LinearRelaxationSolver 5 2952 0.5 100 140 140 291 141 431 3600 74928550 11 0 0 81332 0
LinearRelaxationSolver 5 2858 1 100 140 140 297 141 437 3600 1974932308 16 0 0 82666 0
LinearRelaxationSolver 5 4270 1 100 140 140 289 141 429 3600 1935118717 14 0 0 82130 0
LinearRelaxationSolver 5 3325 0.5 100 180 180 484 181 664 3600 3366046327 45 0 0 139230 0
LinearRelaxationSolver 5 4058 0.5 100 180 180 484 181 664 3600 3169400887 48 0 0 138202 0
LinearRelaxationSolver 5 3974 1 100 180 180 484 181 664 3600 3715699333 48 0 0 134442 0
LinearRelaxationSolver 5 5273 1 100 180 180 484 181 664 3600 1129676317 49 0 0 136794 0
LinearRelaxationSolver 10 219 0.5 25 24 24 28 25 52 3600 3640323037 0 0 0 5069.15 0
LinearRelaxationSolver 10 257 0.5 25 24 24 30 25 54 3600 3296532786 0 0 0 5241.04 0
LinearRelaxationSolver 10 283 1 25 24 24 28 25 52 3600 2109579789 0 0 0 5233.28 0
LinearRelaxationSolver 10 415 1 25 24 24 30 25 54 3600 4017738532 0 0 0 5217 0
LinearRelaxationSolver 10 315 0.5 25 32 32 56 33 88 3600 1933916586 0 0 0 9409.37 0
LinearRelaxationSolver 10 373 0.5 25 32 32 62 33 94 3600 3428706018 0 0 0 9248.63 0
LinearRelaxationSolver 10 351 1 25 32 32 57 33 89 3600 980821267 0 0 0 9433.03 0
LinearRelaxationSolver 10 498 1 25 32 32 57 33 89 3600 3298079076 1 0 0 9073.16 0
LinearRelaxationSolver 10 371 0.5 25 40 40 94 41 134 3600 1682133755 2 0 0 14204.3 0
LinearRelaxationSolver 10 456 0.5 25 40 40 94 41 134 3600 378994354 2 0 0 14555.4 0
LinearRelaxationSolver 10 432 1 25 40 40 94 41 134 3600 888712049 2 0 0 14616.1 0
LinearRelaxationSolver 10 596 1 25 40 40 94 41 134 3600 2933131275 2 0 0 14499 0
LinearRelaxationSolver 10 446 0.5 49 48 48 59 49 107 3600 3874215539 1 0 0 21077.6 0
LinearRelaxationSolver 10 534 0.5 49 48 48 58 49 106 3600 3556082792 0 0 0 20667.7 0
LinearRelaxationSolver 10 479 1 49 48 48 63 49 111 3600 2354546264 1 0 0 21121.4 0
LinearRelaxationSolver 10 796 1 49 48 48 63 49 111 3600 4277983765 1 0 0 21390 0
LinearRelaxationSolver 10 644 0.5 49 66 66 131 67 197 3600 2641112819 3 0 0 39267 0
LinearRelaxationSolver 10 738 0.5 49 66 66 132 67 198 3600 4254549183 4 0 0 40155.2 0
LinearRelaxationSolver 10 847 1 49 66 66 131 67 197 3600 1795771410 4 0 0 39159.1 0
LinearRelaxationSolver 10 1047 1 49 66 66 132 67 198 3600 190538217 4 0 0 40146 0
LinearRelaxationSolver 10 755 0.5 49 84 84 214 85 298 3600 315036586 16 0 0 64318.8 0
LinearRelaxationSolver 10 940 0.5 49 84 84 214 85 298 3600 3256045963 15 0 0 64575.3 0
LinearRelaxationSolver 10 915 1 49 84 84 214 85 298 3600 3752999861 16 0 0 64366.8 0
LinearRelaxationSolver 10 1238 1 49 84 84 214 85 298 3600 1546406745 17 0 0 64289 0
LinearRelaxationSolver 10 905 0.5 100 99 99 129 100 228 3600 600393576 5 0 0 89196.9 0
LinearRelaxationSolver 10 1077 0.5 100 99 99 126 100 225 3600 262137290 4 0 0 89790.7 0
LinearRelaxationSolver 10 1075 1 100 99 99 132 100 231 3600 3513826141 5 0 0 88567 0
LinearRelaxationSolver 10 1466 1 100 99 99 126 100 225 3600 1147503807 5 0 0 87856 0
LinearRelaxationSolver 10 1322 0.5 100 140 140 285 141 425 3600 2250961977 22 0 0 177313 0
LinearRelaxationSolver 10 1480 0.5 100 140 140 304 141 444 3600 4034090896 30 0 0 179053 0
LinearRelaxationSolver 10 1593 1 100 140 140 294 141 434 3600 2322251776 36 0 0 179242 0
LinearRelaxationSolver 10 2183 1 100 140 140 289 141 429 3600 197009982 34 0 0 177178 0
LinearRelaxationSolver 10 1664 0.5 100 180 180 484 181 664 3600 4277627570 95 0 0 292361 0
LinearRelaxationSolver 10 2023 0.5 100 180 180 484 181 664 3600 1834286780 94 0 0 295944 0
LinearRelaxationSolver 10 1991 1 100 180 180 484 181 664 3600 2968010089 95 0 0 295657 0
LinearRelaxationSolver 10 2605 1 100 180 180 484 181 664 3600 1412083768 93 0 0 296745 0
BnBSolver 5 492 0.5 25 24 24 31 25 55 3600 668755042 39 1 1857 1857 1
BnBSolver 5 607 0.5 25 24 24 30 25 54 3600 1756133940 304 1 1765 1765 1
BnBSolver 5 592 1 25 24 24 26 25 50 3600 1544291905 17 1 1999 1999 1
BnBSolver 5 820 1 25 24 24 29 25 53 3600 3570471454 53 1 1916 1916 1
BnBSolver 5 602 0.5 25 32 32 58 33 90 3600 3151708159 1183 1 3871 3871 1
BnBSolver 5 689 0.5 25 32 32 58 33 90 3600 3242523662 1379 1 3834 3834 1
BnBSolver 5 789 1 25 32 32 57 33 89 3600 3216642761 1929 1 3475 3475 1
BnBSolver 5 996 1 25 32 32 59 33 91 3600 3658680005 169 2 4122 4122 1
BnBSolver 5 757 0.5 25 40 40 94 41 134 3600 3893759511 3600 2 5445 5767 1
BnBSolver 5 830 0.5 25 40 40 94 41 134 3600 1061356078 3600 2 6298 6344 1
BnBSolver 5 851 1 25 40 40 94 41 134 3600 494940625 3600 2 5821 5853 1
BnBSolver 5 1073 1 25 40 40 94 41 134 3600 3145834631 1385 1 6267 6267 1
BnBSolver 5 910 0.5 49 48 48 66 49 114 3600 1814062707 3600 1 6221 7678 1
BnBSolver 5 1050 0.5 49 48 48 59 49 107 3600 1237801882 3601 1 7240 7456 1
BnBSolver 5 1127 1 49 48 48 58 49 106 3600 1793025375 3600 0 0 7712 0
BnBSolver 5 1526 1 49 48 48 61 49 109 3600 1521764333 914 2 7288 7288 1
BnBSolver 5 1171 0.5 49 66 66 128 67 194 3600 1225623604 3600 2 14227 16005 1
BnBSolver 5 1428 0.5 49 66 66 138 67 204 3600 146220152 3600 2 14587 16488 1
BnBSolver 5 1522 1 49 66 66 130 67 196 3600 4011172343 3600 0 0 16156 0
BnBSolver 5 1853 1 49 66 66 134 67 200 3600 1613356894 3600 0 0 15925 0
BnBSolver 5 1525 0.5 49 84 84 214 85 298 3600 985683579 3600 0 0 28067 0
BnBSolver 5 1874 0.5 49 84 84 214 85 298 3600 2417747013 3600 0 0 26972 0
BnBSolver 5 1849 1 49 84 84 214 85 298 3600 1874464543 3600 0 0 28200 0
BnBSolver 5 2490 1 49 84 84 214 85 298 3600 1197285842 3600 0 0 27061 0
BnBSolver 5 1790 0.5 100 99 99 124 100 223 3600 3297726630 3600 0 0 31201 0
BnBSolver 5 2152 0.5 100 99 99 137 100 236 3600 3116349097 3601 2 28914 33470 1
BnBSolver 5 1968 1 100 99 99 131 100 230 3600 3262351234 3601 0 0 31103 0
BnBSolver 5 2969 1 100 99 99 129 100 228 3600 1477520206 3600 0 0 32065 0
BnBSolver 5 2652 0.5 100 140 140 292 141 432 3600 2311178022 3600 0 0 73051 0
BnBSolver 5 2952 0.5 100 140 140 291 141 431 3600 1700468396 3600 0 0 72075 0
BnBSolver 5 2858 1 100 140 140 297 141 437 3600 950389649 3600 0 0 74138 0
BnBSolver 5 4270 1 100 140 140 289 141 429 3600 3014154338 3600 0 0 72989 0
BnBSolver 5 3325 0.5 100 180 180 484 181 664 3600 2193592990 3601 0 0 130078 0
BnBSolver 5 4058 0.5 100 180 180 484 181 664 3600 3427722235 3600 0 0 129607 0
BnBSolver 5 3974 1 100 180 180 484 181 664 3600 3108557072 3600 2 107677 125912 1
BnBSolver 5 5273 1 100 180 180 484 181 664 3600 2304898422 3600 0 0 127393 0
BnBSolver 10 219 0.5 25 24 24 28 25 52 3600 361766052 3600 0 0 4239 0
BnBSolver 10 257 0.5 25 24 24 30 25 54 3600 781171373 176 1 4500 4500 1
BnBSolver 10 283 1 25 24 24 28 25 52 3600 838329615 38 1 4618 4618 1
BnBSolver 10 415 1 25 24 24 30 25 54 3600 2991368505 37 1 4684 4684 1
BnBSolver 10 315 0.5 25 32 32 56 33 88 3600 3824767779 3600 1 8260 8380 1
BnBSolver 10 373 0.5 25 32 32 62 33 94 3600 3579471675 2964 1 8509 8509 1
BnBSolver 10 351 1 25 32 32 57 33 89 3600 2672855058 2704 1 8429 8429 1
BnBSolver 10 498 1 25 32 32 57 33 89 3600 352357810 619 1 8436 8436 1
BnBSolver 10 371 0.5 25 40 40 94 41 134 3600 4123561746 3600 0 0 13080 0
BnBSolver 10 456 0.5 25 40 40 94 41 134 3600 885230125 3600 1 13342 13494 1
BnBSolver 10 432 1 25 40 40 94 41 134 3600 324232590 3601 1 13332 13587 1
BnBSolver 10 596 1 25 40 40 94 41 134 3600 4168878318 1973 2 13589 13589 1
BnBSolver 10 446 0.5 49 48 48 59 49 107 3600 1816010772 3600 0 0 17946 0
BnBSolver 10 534 0.5 49 48 48 58 49 106 3600 908629096 3600 0 0 17356 0
BnBSolver 10 479 1 49 48 48 63 49 111 3600 857109418 3600 0 0 17394 0
BnBSolver 10 796 1 49 48 48 63 49 111 3600 1760093088 3601 1 16904 17209 1
BnBSolver 10 644 0.5 49 66 66 131 67 197 3600 687075798 3600 2 28015 34827 1
BnBSolver 10 738 0.5 49 66 66 132 67 198 3600 255416774 3600 0 0 36236 0
BnBSolver 10 847 1 49 66 66 131 67 197 3600 1541980242 3600 0 0 35244 0
BnBSolver 10 1047 1 49 66 66 132 67 198 3600 1839084889 3600 0 0 36430 0
BnBSolver 10 755 0.5 49 84 84 214 85 298 3600 1611336890 3600 0 0 59424 0
BnBSolver 10 940 0.5 49 84 84 214 85 298 3600 2560930925 3600 2 50906 59318 1
BnBSolver 10 915 1 49 84 84 214 85 298 3600 2170408814 3600 0 0 59040 0
BnBSolver 10 1238 1 49 84 84 214 85 298 3600 1686356558 3600 0 0 59490 0
BnBSolver 10 905 0.5 100 99 99 129 100 228 3600 3530616843 3600 0 0 70009 0
BnBSolver 10 1077 0.5 100 99 99 126 100 225 3600 2599375957 3600 0 0 71060 0
BnBSolver 10 1075 1 100 99 99 132 100 231 3600 2690130186 3600 0 0 70881 0
BnBSolver 10 1466 1 100 99 99 126 100 225 3600 3653790639 3600 0 0 68241 0
BnBSolver 10 1322 0.5 100 140 140 285 141 425 3600 2252359145 3600 0 0 156188 0
BnBSolver 10 1480 0.5 100 140 140 304 141 444 3600 1882034138 3600 0 0 155534 0
BnBSolver 10 1593 1 100 140 140 294 141 434 3600 3280045622 3600 0 0 156982 0
BnBSolver 10 2183 1 100 140 140 289 141 429 3600 3498390567 3600 0 0 157064 0
BnBSolver 10 1664 0.5 100 180 180 484 181 664 3600 2855841339 3600 0 0 266147 0
BnBSolver 10 2023 0.5 100 180 180 484 181 664 3600 3578073759 3600 0 0 271548 0
BnBSolver 10 1991 1 100 180 180 484 181 664 3600 3203843866 3600 0 0 268882 0
BnBSolver 10 2605 1 100 180 180 484 181 664 3600 2753198691 3601 0 0 268528 0
BnCSolver 5 492 0.5 25 24 24 31 25 55 3600 3001232453 36 1 1857 1857 1
BnCSolver 5 607 0.5 25 24 24 30 25 54 3600 2147178280 72 1 1765 1765 1
BnCSolver 5 592 1 25 24 24 26 25 50 3600 2675396687 5 1 1999 1999 1
BnCSolver 5 820 1 25 24 24 29 25 53 3600 538614896 10 2 1916 1916 1
BnCSolver 5 602 0.5 25 32 32 58 33 90 3600 814447096 60 1 3871 3871 1
BnCSolver 5 689 0.5 25 32 32 58 33 90 3600 2215443687 103 2 3834 3834 1
BnCSolver 5 789 1 25 32 32 57 33 89 3600 3190155717 688 1 3475 3475 1
BnCSolver 5 996 1 25 32 32 59 33 91 3600 2338100734 27 1 4122 4122 1
BnCSolver 5 757 0.5 25 40 40 94 41 134 3600 481844412 3600 1 5612 5674 1
BnCSolver 5 830 0.5 25 40 40 94 41 134 3600 1824066788 3600 2 6298 6306 1
BnCSolver 5 851 1 25 40 40 94 41 134 3600 1976564954 1361 1 5821 5821 1
BnCSolver 5 1073 1 25 40 40 94 41 134 3600 1481587508 262 1 6267 6267 1
BnCSolver 5 910 0.5 49 48 48 66 49 114 3600 768505372 3600 0 0 7692 0
BnCSolver 5 1050 0.5 49 48 48 59 49 107 3600 1418217295 3600 2 7240 7439 1
BnCSolver 5 1127 1 49 48 48 58 49 106 3600 4135560859 3600 1 7302 7720 1
BnCSolver 5 1526 1 49 48 48 61 49 109 3600 2245941971 2775 1 7288 7288 1
BnCSolver 5 1171 0.5 49 66 66 128 67 194 3600 944364132 3600 0 0 16180 0
BnCSolver 5 1428 0.5 49 66 66 138 67 204 3600 2854738695 3600 0 0 16597 0
BnCSolver 5 1522 1 49 66 66 130 67 196 3600 4232948071 3600 0 0 16116 0
BnCSolver 5 1853 1 49 66 66 134 67 200 3600 116328847 3600 2 13755 15777 1
BnCSolver 5 1525 0.5 49 84 84 214 85 298 3600 1529537180 3600 0 0 27703 0
BnCSolver 5 1874 0.5 49 84 84 214 85 298 3600 2805748854 3601 2 23528 26703 1
BnCSolver 5 1849 1 49 84 84 214 85 298 3600 2252317010 3600 2 27487 27903 1
BnCSolver 5 2490 1 49 84 84 214 85 298 3600 1645767100 3600 2 19947 26855 1
BnCSolver 5 1790 0.5 100 99 99 124 100 223 3600 1795763296 3600 0 0 35991 0
BnCSolver 5 2152 0.5 100 99 99 137 100 236 3600 2426633401 3600 0 0 37085 0
BnCSolver 5 1968 1 100 99 99 131 100 230 3600 851885236 3600 0 0 34959 0
BnCSolver 5 2969 1 100 99 99 129 100 228 3600 3698090653 3600 0 0 33703 0
BnCSolver 5 2652 0.5 100 140 140 292 141 432 3600 2092538646 3602 0 0 75889 0
BnCSolver 5 2952 0.5 100 140 140 291 141 431 3600 4079167279 3601 2 55883 72828 1
BnCSolver 5 2858 1 100 140 140 297 141 437 3600 1161050112 3607 0 0 74077 0
BnCSolver 5 4270 1 100 140 140 289 141 429 3600 1238306428 3639 0 0 75048 0
BnCSolver 5 3325 0.5 100 180 180 484 181 664 3600 2964191637 3601 0 0 131096 0
BnCSolver 5 4058 0.5 100 180 180 484 181 664 3600 971946268 3601 0 0 131039 0
BnCSolver 5 3974 1 100 180 180 484 181 664 3600 3932800932 3601 0 0 127060 0
BnCSolver 5 5273 1 100 180 180 484 181 664 3600 3013245169 3601 2 100870 129108 1
BnCSolver 10 219 0.5 25 24 24 28 25 52 3600 3138811563 3601 0 0 4126 0
BnCSolver 10 257 0.5 25 24 24 30 25 54 3600 3739884841 100 1 4500 4500 1
BnCSolver 10 283 1 25 24 24 28 25 52 3600 2168773269 27 1 4618 4618 1
BnCSolver 10 415 1 25 24 24 30 25 54 3600 741886486 14 1 4684 4684 1
BnCSolver 10 315 0.5 25 32 32 56 33 88 3600 736277072 3600 1 8260 8386 1
BnCSolver 10 373 0.5 25 32 32 62 33 94 3600 2321074595 395 1 8509 8509 1
BnCSolver 10 351 1 25 32 32 57 33 89 3600 1423211909 908 1 8429 8429 1
BnCSolver 10 498 1 25 32 32 57 33 89 3600 3113418432 46 2 8436 8436 1
BnCSolver 10 371 0.5 25 40 40 94 41 134 3600 898589534 3600 2 12390 12910 1
BnCSolver 10 456 0.5 25 40 40 94 41 134 3600 3089793117 723 2 13342 13342 1
BnCSolver 10 432 1 25 40 40 94 41 134 3600 2119896732 1743 2 13336 13336 1
BnCSolver 10 596 1 25 40 40 94 41 134 3600 1328259918 125 2 13589 13589 1
BnCSolver 10 446 0.5 49 48 48 59 49 107 3600 1537056818 3600 0 0 19305 0
BnCSolver 10 534 0.5 49 48 48 58 49 106 3600 1240608000 3600 0 0 18972 0
BnCSolver 10 479 1 49 48 48 63 49 111 3600 3747979374 3600 1 16524 18906 1
BnCSolver 10 796 1 49 48 48 63 49 111 3600 2307295754 3600 1 16759 19294 1
BnCSolver 10 644 0.5 49 66 66 131 67 197 3600 2218038630 3600 0 0 35907 0
BnCSolver 10 738 0.5 49 66 66 132 67 198 3600 2262377927 3600 2 30164 36672 1
BnCSolver 10 847 1 49 66 66 131 67 197 3600 3888346365 3600 2 28859 35886 1
BnCSolver 10 1047 1 49 66 66 132 67 198 3600 2090318609 3600 1 34997 36379 1
BnCSolver 10 755 0.5 49 84 84 214 85 298 3600 1971727378 3600 0 0 59938 0
BnCSolver 10 940 0.5 49 84 84 214 85 298 3600 416247660 3600 0 0 59864 0
BnCSolver 10 915 1 49 84 84 214 85 298 3600 1416155543 3600 0 0 60668 0
BnCSolver 10 1238 1 49 84 84 214 85 298 3600 1964793835 3600 2 48506 59548 1
BnCSolver 10 905 0.5 100 99 99 129 100 228 3600 2658017018 3600 0 0 84875 0
BnCSolver 10 1077 0.5 100 99 99 126 100 225 3600 2321154883 3600 0 0 79226 0
BnCSolver 10 1075 1 100 99 99 132 100 231 3600 603056987 3600 0 0 83146 0
BnCSolver 10 1466 1 100 99 99 126 100 225 3600 3476486071 3600 0 0 75357 0
BnCSolver 10 1322 0.5 100 140 140 285 141 425 3600 3398042744 3600 0 0 162034 0
BnCSolver 10 1480 0.5 100 140 140 304 141 444 3600 3429147345 3600 0 0 161894 0
BnCSolver 10 1593 1 100 140 140 294 141 434 3600 795362848 3600 0 0 163592 0
BnCSolver 10 2183 1 100 140 140 289 141 429 3600 3413012282 3600 0 0 162584 0
BnCSolver 10 1664 0.5 100 180 180 484 181 664 3600 3348020641 3609 0 0 271771 0
BnCSolver 10 2023 0.5 100 180 180 484 181 664 3600 1811034076 3600 2 207332 276063 1
BnCSolver 10 1991 1 100 180 180 484 181 664 3600 2903746239 3600 0 0 273667 0
BnCSolver 10 2605 1 100 180 180 484 181 664 3600 3315350297 3633 0 0 274885 0
GRASPSolver 5 492 0.5 25 24 24 31 25 55 3600 1625581106 3600 0 0 1.79769e+308 0 219858 0 0 0 219857 0 6747 219857 0
GRASPSolver 5 607 0.5 25 24 24 30 25 54 3600 1294992754 3600 136331 1733 1.79769e+308 1 220238 25 0 0 94067 0 14138 95418 11512
GRASPSolver 5 592 1 25 24 24 26 25 50 3600 501420593 3600 25639 1804 1.79769e+308 1 217269 8 0 0 217268 0 0 217268 25639
GRASPSolver 5 820 1 25 24 24 29 25 53 3600 3660082997 3600 81842 1883 1.79769e+308 1 199950 14 0 0 135241 0 0 135241 17134
GRASPSolver 5 602 0.5 25 32 32 58 33 90 3600 2574911548 3600 227 3693 1.79769e+308 1 117981 222 6 0 117753 0 19583 117753 0
GRASPSolver 5 689 0.5 25 32 32 58 33 90 3600 1432325558 3600 37176 3658 1.79769e+308 1 111646 88 2 0 75610 0 20453 80719 6250
GRASPSolver 5 789 1 25 32 32 57 33 89 3600 3713681536 3600 58297 3250 1.79769e+308 1 119567 7 0 0 71820 0 0 71820 10551
GRASPSolver 5 996 1 25 32 32 59 33 91 3600 2992508781 3600 61023 3939 1.79769e+308 1 118412 34 1 0 57388 0 0 57388 0
GRASPSolver 5 757 0.5 25 40 40 94 41 134 3600 3330185034 3600 19565 5380 1.79769e+308 1 77552 7 0 0 59726 0 12527 59726 1740
GRASPSolver 5 830 0.5 25 40 40 94 41 134 3600 2356991527 3600 46926 6040 1.79769e+308 1 73217 9071 445 0 30021 0 15675 32977 6687
GRASPSolver 5 851 1 25 40 40 94 41 134 3600 1317388418 3600 27150 5464 1.79769e+308 1 66352 38 2 0 40016 0 0 40016 815
GRASPSolver 5 1073 1 25 40 40 94 41 134 3600 36017992 3600 47702 5954 1.79769e+308 1 71060 44 2 0 27209 0 0 27209 3852
GRASPSolver 5 910 0.5 49 48 48 66 49 114 3600 2461025172 3600 85 6946 1.79769e+308 1 62457 1354 77 0 62371 0 22303 62371 0
GRASPSolver 5 1050 0.5 49 48 48 59 49 107 3600 2131421486 3600 514 6840 1.79769e+308 1 63946 19 1 0 63945 0 49081 63945 514
GRASPSolver 5 1127 1 49 48 48 58 49 106 3600 1345659018 3600 2500 7135 1.79769e+308 1 56832 49 2 0 56831 0 0 56831 2500
GRASPSolver 5 1526 1 49 48 48 61 49 109 3600 206399747 3600 16418 7028 1.79769e+308 1 60074 893 53 0 43655 0 0 43655 0
GRASPSolver 5 1171 0.5 49 66 66 128 67 194 3600 3408002932 3600 2640 13946 1.79769e+308 1 26217 620 86 0 23994 0 4038 24038 462
GRASPSolver 5 1428 0.5 49 66 66 138 67 204 3600 2266790475 3600 8971 14423 1.79769e+308 1 25482 7640 1076 0 16763 0 6700 17048 538
GRASPSolver 5 1522 1 49 66 66 130 67 196 3600 264906981 3600 3582 14921 1.79769e+308 1 24960 344 49 0 21452 0 0 21452 75
GRASPSolver 5 1853 1 49 66 66 134 67 200 3600 3850688141 3600 9126 13532 1.79769e+308 1 24961 93 13 0 16100 0 0 16100 266
GRASPSolver 5 1525 0.5 49 84 84 214 85 298 3600 4189771322 3600 2467 25488 1.79769e+308 1 13992 3938 1022 0 11788 0 1089 11824 300
GRASPSolver 5 1874 0.5 49 84 84 214 85 298 3600 3206071788 3600 10750 24132 1.79769e+308 1 16377 366 77 0 5589 0 1550 6043 417
GRASPSolver 5 1849 1 49 84 84 214 85 298 3600 2159645761 3600 1700 25345 1.79769e+308 1 13405 6656 1782 0 11767 0 0 11767 63
GRASPSolver 5 2490 1 49 84 84 214 85 298 3600 927418768 3600 3733 24020 1.79769e+308 1 11512 11362 3553 0 7921 0 0 7921 143
GRASPSolver 5 1790 0.5 100 99 99 124 100 223 3600 3303931921 3600 24 26958 1.79769e+308 1 15413 3671 853 0 15408 0 2950 15408 20
GRASPSolver 5 2152 0.5 100 99 99 137 100 236 3600 2981094293 3600 2091 30958 1.79769e+308 1 14902 7881 1929 0 12847 0 8093 12929 119
GRASPSolver 5 1968 1 100 99 99 131 100 230 3600 2201636843 3600 177 27619 1.79769e+308 1 14497 5620 1437 0 14347 0 0 14347 28
GRASPSolver 5 2969 1 100 99 99 129 100 228 3600 1080961581 3600 1815 28582 1.79769e+308 1 13757 1 0 0 11996 0 0 11996 55
GRASPSolver 5 2652 0.5 100 140 140 292 141 432 3600 32210335 3600 369 61094 1.79769e+308 1 5252 1228 839 0 4888 0 1562 4889 7
GRASPSolver 5 2952 0.5 100 140 140 291 141 431 3600 3217573765 3600 1258 59813 1.79769e+308 1 5112 638 467 0 3793 0 2011 3923 70
GRASPSolver 5 2858 1 100 140 140 297 141 437 3600 1161968427 3600 242 63294 1.79769e+308 1 4506 3124 2517 0 4282 0 0 4282 19
GRASPSolver 5 4270 1 100 140 140 289 141 429 3600 430057122 3600 675 61943 1.79769e+308 1 4163 2726 2382 0 3513 0 0 3513 26
GRASPSolver 5 3325 0.5 100 180 180 484 181 664 3600 832368949 3600 313 111812 1.79769e+308 1 2497 879 1256 0 2209 0 363 2209 26
GRASPSolver 5 4058 0.5 100 180 180 484 181 664 3600 4061650936 3600 751 112933 1.79769e+308 1 2269 2205 3500 0 1498 0 296 1535 18
GRASPSolver 5 3974 1 100 180 180 484 181 664 3600 3172827155 3601 111 104848 1.79769e+308 1 2060 1115 1950 0 1975 0 0 1975 27
GRASPSolver 5 5273 1 100 180 180 484 181 664 3600 1821206980 3600 1314 106120 1.79769e+308 1 2383 678 1062 0 1080 0 0 1080 12
GRASPSolver 10 219 0.5 25 24 24 28 25 52 3600 31603877 3600 0 0 1.79769e+308 0 192843 0 0 0 192842 192360 192360 192842 0
GRASPSolver 10 257 0.5 25 24 24 30 25 54 3600 3885813193 3600 52169 4500 1.79769e+308 1 186093 149 2 0 153107 294 106573 163220 29297
GRASPSolver 10 283 1 25 24 24 28 25 52 3600 3230229432 3600 48108 4579 1.79769e+308 1 170755 5862 124 0 165760 11987 11987 165760 43114
GRASPSolver 10 415 1 25 24 24 30 25 54 3600 1959896381 3600 201761 4289 1.79769e+308 1 218533 119 2 0 16771 0 0 16771 0
GRASPSolver 10 315 0.5 25 32 32 56 33 88 3600 1095924541 3600 822 7765 1.79769e+308 1 119175 126 3 0 118554 594 6402 118554 202
GRASPSolver 10 373 0.5 25 32 32 62 33 94 3600 4284256649 3600 4745 8284 1.79769e+308 1 90660 11273 446 0 89120 0 13222 89293 3379
GRASPSolver 10 351 1 25 32 32 57 33 89 3600 2519665051 3600 15367 8191 1.79769e+308 1 93866 92053 3530 0 84639 0 0 84639 6141
GRASPSolver 10 498 1 25 32 32 57 33 89 3600 1588783589 3600 37347 8398 1.79769e+308 1 94338 559 20 0 62550 0 0 62550 5560
GRASPSolver 10 371 0.5 25 40 40 94 41 134 3600 1900563096 3600 4959 12326 1.79769e+308 1 57968 26556 1647 0 55096 342 3287 55207 2199
GRASPSolver 10 456 0.5 25 40 40 94 41 134 3600 706468151 3600 44997 13069 1.79769e+308 1 73905 13365 653 0 26892 0 9584 31148 2241
GRASPSolver 10 432 1 25 40 40 94 41 134 3600 812277188 3600 16924 12918 1.79769e+308 1 61491 2456 143 0 46873 0 0 46873 2307
GRASPSolver 10 596 1 25 40 40 94 41 134 3600 3144757278 3600 58679 13158 1.79769e+308 1 76334 892 41 0 18617 0 0 18617 963
GRASPSolver 10 446 0.5 49 48 48 59 49 107 3600 868613280 3600 14 16162 1.79769e+308 1 61720 17807 1033 0 61716 785 19745 61719 14
GRASPSolver 10 534 0.5 49 48 48 58 49 106 3600 424258870 3600 2343 16447 1.79769e+308 1 56649 752 47 0 54823 0 40479 55665 1360
GRASPSolver 10 479 1 49 48 48 63 49 111 3600 4067103060 3600 563 16003 1.79769e+308 1 52389 25302 1754 0 52143 0 0 52143 318
GRASPSolver 10 796 1 49 48 48 63 49 111 3600 2796113428 3600 12077 16572 1.79769e+308 1 51318 29715 2089 0 41085 0 0 41085 1845
GRASPSolver 10 644 0.5 49 66 66 131 67 197 3600 1948205389 3600 224 32051 1.79769e+308 1 25774 16961 2364 0 25582 0 7902 25593 44
GRASPSolver 10 738 0.5 49 66 66 132 67 198 3600 840790533 3600 2550 33328 1.79769e+308 1 23398 18396 2832 0 20131 0 11456 21182 335
GRASPSolver 10 847 1 49 66 66 131 67 197 3600 3364816889 3600 1346 32309 1.79769e+308 1 22509 5891 933 0 21318 0 0 21318 156
GRASPSolver 10 1047 1 49 66 66 132 67 198 3600 2424448690 3600 1665 33081 1.79769e+308 1 20616 6586 1147 0 19188 0 0 19188 238
GRASPSolver 10 755 0.5 49 84 84 214 85 298 3600 2765638011 3600 1318 53208 1.79769e+308 1 14013 12698 3262 0 12709 0 2598 12774 80
GRASPSolver 10 940 0.5 49 84 84 214 85 298 3600 1571535317 3600 5285 54351 1.79769e+308 1 14122 4552 1134 0 8269 0 2594 8986 150
GRASPSolver 10 915 1 49 84 84 214 85 298 3600 1649457314 3600 1085 53453 1.79769e+308 1 12309 4414 1276 0 11305 0 0 11305 82
GRASPSolver 10 1238 1 49 84 84 214 85 298 3600 3997215915 3600 4231 55168 1.79769e+308 1 12407 9700 2811 0 8223 0 0 8223 48
GRASPSolver 10 905 0.5 100 99 99 129 100 228 3600 1714411268 3600 7 62081 1.79769e+308 1 14763 13532 3299 0 14753 0 9554 14757 2
GRASPSolver 10 1077 0.5 100 99 99 126 100 225 3600 1265704738 3600 135 63997 1.79769e+308 1 14712 3793 946 0 14553 0 11445 14616 40
GRASPSolver 10 1075 1 100 99 99 132 100 231 3600 649846073 3600 5 64753 1.79769e+308 1 14089 5167 1323 0 14085 0 0 14085 2
GRASPSolver 10 1466 1 100 99 99 126 100 225 3600 3660212641 3600 236 61998 1.79769e+308 1 14150 2473 623 0 13979 0 0 13979 66
GRASPSolver 10 1322 0.5 100 140 140 285 141 425 3600 2829278189 3600 53 133106 1.79769e+308 1 5666 4995 3172 0 5612 0 2045 5615 3
GRASPSolver 10 1480 0.5 100 140 140 304 141 444 3600 1724677589 3600 426 131017 1.79769e+308 1 5071 4953 3518 0 4564 0 2351 4658 14
GRASPSolver 10 1593 1 100 140 140 294 141 434 3600 4290355766 3600 21 127485 1.79769e+308 1 4850 293 219 0 4830 0 0 4830 2
GRASPSolver 10 2183 1 100 140 140 289 141 429 3600 3397598160 3600 480 133224 1.79769e+308 1 4531 3754 2993 0 4060 0 0 4060 10
GRASPSolver 10 1664 0.5 100 180 180 484 181 664 3600 3705267833 3600 85 226602 1.79769e+308 1 2734 1107 1448 0 2649 0 743 2649 1
GRASPSolver 10 2023 0.5 100 180 180 484 181 664 3600 2478355588 3600 536 231025 1.79769e+308 1 2520 1269 1822 0 1945 0 552 1988 5
GRASPSolver 10 1991 1 100 180 180 484 181 664 3600 2689041827 3600 20 226210 1.79769e+308 1 2272 1290 2021 0 2253 0 0 2253 2
GRASPSolver 10 2605 1 100 180 180 484 181 664 3600 649693773 3600 243 226391 1.79769e+308 1 2153 813 1386 0 1913 0 0 1913 4
LagrangianHeuristicSolver2 5 492 0.5 25 24 24 31 25 55 3600 3725510194 78 0 0 10858 0 271 0 0 0 271 0 0 271 0
LagrangianHeuristicSolver2 5 607 0.5 25 24 24 30 25 54 3600 3291599172 75 1 1524 10854 1 271 0 0 0 271 0 0 271 0
LagrangianHeuristicSolver2 5 592 1 25 24 24 26 25 50 3600 2743507176 64 0 0 10584 0 271 0 0 0 271 0 0 271 0
LagrangianHeuristicSolver2 5 820 1 25 24 24 29 25 53 3600 1453643783 74 0 0 10844 0 271 0 0 0 271 0 0 271 0
LagrangianHeuristicSolver2 5 602 0.5 25 32 32 58 33 90 3600 942557594 180 0 0 21817 0 271 0 0 0 271 0 0 271 0
LagrangianHeuristicSolver2 5 689 0.5 25 32 32 58 33 90 3600 4251733359 227 0 0 21882 0 271 0 0 0 271 0 0 271 0
LagrangianHeuristicSolver2 5 789 1 25 32 32 57 33 89 3600 2956003102 229 1 2954 21527 1 271 0 0 0 271 0 0 271 0
LagrangianHeuristicSolver2 5 996 1 25 32 32 59 33 91 3600 2347111555 236 1 3494 22168 1 271 0 0 0 271 0 0 271 0
LagrangianHeuristicSolver2 5 757 0.5 25 40 40 94 41 134 3600 3000144938 331 1 4895 37178 1 271 0 0 0 271 0 0 271 0
LagrangianHeuristicSolver2 5 830 0.5 25 40 40 94 41 134 3600 1606114783 455 1 5239 37723 1 271 0 0 0 271 0 0 271 0
LagrangianHeuristicSolver2 5 851 1 25 40 40 94 41 134 3600 2092123287 421 1 4793 37358 1 271 0 0 0 271 0 0 271 0
LagrangianHeuristicSolver2 5 1073 1 25 40 40 94 41 134 3600 346310854 527 0 0 37579 0 271 0 0 0 271 0 0 271 0
LagrangianHeuristicSolver2 5 910 0.5 49 48 48 66 49 114 3600 779431008 374 0 0 44856 0 271 0 0 0 271 0 0 271 0
LagrangianHeuristicSolver2 5 1050 0.5 49 48 48 59 49 107 3600 1800907896 331 0 0 43494 0 271 0 0 0 271 0 0 271 0
LagrangianHeuristicSolver2 5 1127 1 49 48 48 58 49 106 3600 3039317307 327 0 0 43684 0 271 0 0 0 271 0 0 271 0
LagrangianHeuristicSolver2 5 1526 1 49 48 48 61 49 109 3600 2590582679 344 0 0 44128 0 271 0 0 0 271 0 0 271 0
LagrangianHeuristicSolver2 5 1171 0.5 49 66 66 128 67 194 3600 1541745556 907 0 0 95158 0 271 0 0 0 271 0 0 271 0
LagrangianHeuristicSolver2 5 1428 0.5 49 66 66 138 67 204 3600 246001926 1202 1 13900 98492 1 271 0 0 0 271 0 0 271 0
LagrangianHeuristicSolver2 5 1522 1 49 66 66 130 67 196 3600 443104760 1048 0 0 95303 0 271 0 0 0 271 0 0 271 0
LagrangianHeuristicSolver2 5 1853 1 49 66 66 134 67 200 3600 2806910253 1222 1 10577 96413 1 271 0 0 0 271 0 0 271 0
LagrangianHeuristicSolver2 5 1525 0.5 49 84 84 214 85 298 3600 3985249310 1756 0 0 171775 0 271 0 0 0 271 0 0 271 0
LagrangianHeuristicSolver2 5 1874 0.5 49 84 84 214 85 298 3600 2053106286 2189 1 20926 171443 1 271 0 0 0 271 0 0 271 0
LagrangianHeuristicSolver2 5 1849 1 49 84 84 214 85 298 3600 3012967613 2215 0 0 172066 0 271 0 0 0 271 0 0 271 0
LagrangianHeuristicSolver2 5 2490 1 49 84 84 214 85 298 3600 3914988131 2664 1 21431 171504 1 271 0 0 0 271 0 0 271 0
LagrangianHeuristicSolver2 5 1790 0.5 100 99 99 124 100 223 3600 1442922917 1521 0 0 188110 0 271 0 0 0 271 0 0 271 0
LagrangianHeuristicSolver2 5 2152 0.5 100 99 99 137 100 236 3600 2829776918 1808 0 0 193640 0 271 0 0 0 271 0 0 271 0
LagrangianHeuristicSolver2 5 1968 1 100 99 99 131 100 230 3600 3857238950 1731 0 0 190336 0 271 0 0 0 271 0 0 271 0
LagrangianHeuristicSolver2 5 2969 1 100 99 99 129 100 228 3600 3470956333 1735 0 0 190276 0 271 0 0 0 271 0 0 271 0
LagrangianHeuristicSolver2 5 2652 0.5 100 140 140 292 141 432 3600 3145922341 3610 0 0 441957 0 195 0 0 0 195 0 0 195 0
LagrangianHeuristicSolver2 5 2952 0.5 100 140 140 291 141 431 3600 369576211 3611 1 56932 439738 1 176 0 0 0 176 0 0 176 0
LagrangianHeuristicSolver2 5 2858 1 100 140 140 297 141 437 3600 1198585628 3609 0 0 444432 0 159 0 0 0 159 0 0 159 0
LagrangianHeuristicSolver2 5 4270 1 100 140 140 289 141 429 3600 987684109 3604 1 50125 439416 1 150 0 0 0 150 0 0 150 0
LagrangianHeuristicSolver2 5 3325 0.5 100 180 180 484 181 664 3600 4284860154 3629 0 0 810996 0 96 0 0 0 96 0 0 96 0
LagrangianHeuristicSolver2 5 4058 0.5 100 180 180 484 181 664 3600 1174996286 3628 0 0 809968 0 90 0 0 0 90 0 0 90 0
LagrangianHeuristicSolver2 5 3974 1 100 180 180 484 181 664 3600 1864374026 3632 0 0 806208 0 81 0 0 0 81 0 0 81 0
LagrangianHeuristicSolver2 5 5273 1 100 180 180 484 181 664 3600 1277545316 3603 0 0 808560 0 71 0 0 0 71 0 0 71 0
LagrangianHeuristicSolver2 10 219 0.5 25 24 24 28 25 52 3600 2735524607 137 0 0 19008 0 271 0 0 0 271 0 0 271 0
LagrangianHeuristicSolver2 10 257 0.5 25 24 24 30 25 54 3600 3315072304 147 0 0 19428 0 271 0 0 0 271 0 0 271 0
LagrangianHeuristicSolver2 10 283 1 25 24 24 28 25 52 3600 496135901 137 0 0 19224 0 271 0 0 0 271 0 0 271 0
LagrangianHeuristicSolver2 10 415 1 25 24 24 30 25 54 3600 37558709 150 269 4097 19412 1 271 3 1 0 271 0 0 271 269
LagrangianHeuristicSolver2 10 315 0.5 25 32 32 56 33 88 3600 1529522285 297 0 0 36740 0 271 0 0 0 271 0 0 271 0
LagrangianHeuristicSolver2 10 373 0.5 25 32 32 62 33 94 3600 3878354069 394 0 0 37374 0 271 0 0 0 271 0 0 271 0
LagrangianHeuristicSolver2 10 351 1 25 32 32 57 33 89 3600 3034293798 340 1 6016 36930 1 271 0 0 0 271 0 0 271 0
LagrangianHeuristicSolver2 10 498 1 25 32 32 57 33 89 3600 2507696819 443 1 7044 36569 1 271 0 0 0 271 0 0 271 0
LagrangianHeuristicSolver2 10 371 0.5 25 40 40 94 41 134 3600 4193225312 585 0 0 60778 0 271 0 0 0 271 0 0 271 0
LagrangianHeuristicSolver2 10 456 0.5 25 40 40 94 41 134 3600 966882440 660 0 0 61226 0 271 0 0 0 271 0 0 271 0
LagrangianHeuristicSolver2 10 432 1 25 40 40 94 41 134 3600 511215413 661 0 0 61288 0 271 0 0 0 271 0 0 271 0
LagrangianHeuristicSolver2 10 596 1 25 40 40 94 41 134 3600 1465891369 816 1 10948 61190 1 271 0 0 0 271 0 0 271 0
LagrangianHeuristicSolver2 10 446 0.5 49 48 48 59 49 107 3600 3055788991 593 0 0 78019 0 271 0 0 0 271 0 0 271 0
LagrangianHeuristicSolver2 10 534 0.5 49 48 48 58 49 106 3600 358368718 635 0 0 77441 0 271 0 0 0 271 0 0 271 0
LagrangianHeuristicSolver2 10 479 1 49 48 48 63 49 111 3600 163605126 696 0 0 78838 0 271 0 0 0 271 0 0 271 0
LagrangianHeuristicSolver2 10 796 1 49 48 48 63 49 111 3600 180040207 715 0 0 79140 0 271 0 0 0 271 0 0 271 0
LagrangianHeuristicSolver2 10 644 0.5 49 66 66 131 67 197 3600 2580265327 1504 0 0 160336 0 271 0 0 0 271 0 0 271 0
LagrangianHeuristicSolver2 10 738 0.5 49 66 66 132 67 198 3600 2983062669 1828 0 0 161488 0 271 0 0 0 271 0 0 271 0
LagrangianHeuristicSolver2 10 847 1 49 66 66 131 67 197 3600 83845050 1860 0 0 160266 0 271 0 0 0 271 0 0 271 0
LagrangianHeuristicSolver2 10 1047 1 49 66 66 132 67 198 3600 3835804107 2327 0 0 161531 0 271 0 0 0 271 0 0 271 0
LagrangianHeuristicSolver2 10 755 0.5 49 84 84 214 85 298 3600 1107014801 3069 1 51089 276552 1 271 0 0 0 271 0 0 271 0
LagrangianHeuristicSolver2 10 940 0.5 49 84 84 214 85 298 3600 185459351 3509 0 0 276831 0 271 0 0 0 271 0 0 271 0
LagrangianHeuristicSolver2 10 915 1 49 84 84 214 85 298 3600 482027394 3498 0 0 276627 0 271 0 0 0 271 0 0 271 0
LagrangianHeuristicSolver2 10 1238 1 49 84 84 214 85 298 3600 2408714989 3603 1 47265 276568 1 222 0 0 0 222 0 0 222 0
LagrangianHeuristicSolver2 10 905 0.5 100 99 99 129 100 228 3600 4025284194 2911 0 0 335392 0 271 0 0 0 271 0 0 271 0
LagrangianHeuristicSolver2 10 1077 0.5 100 99 99 126 100 225 3600 170434788 3179 0 0 334819 0 271 0 0 0 271 0 0 271 0
LagrangianHeuristicSolver2 10 1075 1 100 99 99 132 100 231 3600 1312910540 3345 0 0 335973 0 271 0 0 0 271 0 0 271 0
LagrangianHeuristicSolver2 10 1466 1 100 99 99 126 100 225 3600 3074927572 3203 0 0 332892 0 271 0 0 0 271 0 0 271 0
LagrangianHeuristicSolver2 10 1322 0.5 100 140 140 285 141 425 3600 3473164125 3606 0 0 727634 0 122 0 0 0 122 0 0 122 0
LagrangianHeuristicSolver2 10 1480 0.5 100 140 140 304 141 444 3600 2035758051 3622 0 0 740044 0 95 0 0 0 95 0 0 95 0
LagrangianHeuristicSolver2 10 1593 1 100 140 140 294 141 434 3600 1051499560 3616 0 0 734633 0 96 0 0 0 96 0 0 96 0
LagrangianHeuristicSolver2 10 2183 1 100 140 140 289 141 429 3600 3859006869 3632 0 0 729769 0 81 0 0 0 81 0 0 81 0
LagrangianHeuristicSolver2 10 1664 0.5 100 180 180 484 181 664 3600 8613223 3643 0 0 1.28716e+06 0 56 0 0 0 56 0 0 56 0
LagrangianHeuristicSolver2 10 2023 0.5 100 180 180 484 181 664 3600 751168502 3693 0 0 1.29082e+06 0 45 0 0 0 45 0 0 45 0
LagrangianHeuristicSolver2 10 1991 1 100 180 180 484 181 664 3600 2778747930 3604 0 0 1.2905e+06 0 48 0 0 0 48 0 0 48 0
LagrangianHeuristicSolver2 10 2605 1 100 180 180 484 181 664 3600 2355815281 3670 1 206521 1.29162e+06 1 42 0 0 1 41 0 0 42 0
LinearRelaxationSolver 5 248 0.5 25 24 24 37 25 61 3600 1494573995 0 0 0 2351.06 0
LinearRelaxationSolver 5 285 0.5 25 24 24 39 25 63 3600 946222041 0 0 0 2371 0
LinearRelaxationSolver 5 260 1 25 24 24 32 25 56 3600 603161669 0 0 0 2416 0
LinearRelaxationSolver 5 397 1 25 24 24 34 25 58 3600 2344990271 0 0 0 2323 0
LinearRelaxationSolver 5 359 0.5 25 32 32 84 33 116 3600 3094352806 0 0 0 4302 0
LinearRelaxationSolver 5 448 0.5 25 32 32 67 33 99 3600 157019807 0 0 0 3972.56 0
LinearRelaxationSolver 5 419 1 25 32 32 66 33 98 3600 505941330 0 0 0 4051.32 0
LinearRelaxationSolver 5 558 1 25 32 32 87 33 119 3600 618705615 1 0 0 4313 0
LinearRelaxationSolver 5 453 0.5 25 40 40 103 41 143 3600 616252182 1 0 0 7065 0
LinearRelaxationSolver 5 656 0.5 25 40 40 120 41 160 3600 1621927390 2 0 0 6741.58 0
LinearRelaxationSolver 5 507 1 25 40 40 147 41 187 3600 3649376522 2 0 0 6626 0
LinearRelaxationSolver 5 698 1 25 40 40 115 41 155 3600 821828448 2 0 0 6703 0
LinearRelaxationSolver 5 507 0.5 49 48 48 74 49 122 3600 1654210983 0 0 0 9794.59 0
LinearRelaxationSolver 5 712 0.5 49 48 48 76 49 124 3600 1116851363 0 0 0 9452.15 0
LinearRelaxationSolver 5 629 1 49 48 48 71 49 119 3600 750188812 0 0 0 9239.31 0
LinearRelaxationSolver 5 830 1 49 48 48 82 49 130 3600 2510448034 0 0 0 9869 0
LinearRelaxationSolver 5 710 0.5 49 66 66 176 67 242 3600 3728797983 3 0 0 18604.1 0
LinearRelaxationSolver 5 847 0.5 49 66 66 181 67 247 3600 773778312 4 0 0 18129.5 0
LinearRelaxationSolver 5 864 1 49 66 66 182 67 248 3600 1304699861 5 0 0 18679 0
LinearRelaxationSolver 5 1236 1 49 66 66 200 67 266 3600 1793223047 6 0 0 18131 0
LinearRelaxationSolver 5 993 0.5 49 84 84 282 85 366 3600 2321754810 12 0 0 29922.1 0
LinearRelaxationSolver 5 1118 0.5 49 84 84 296 85 380 3600 3738214869 13 0 0 29220 0
LinearRelaxationSolver 5 1006 1 49 84 84 263 85 347 3600 2242876493 11 0 0 30061 0
LinearRelaxationSolver 5 1358 1 49 84 84 279 85 363 3600 2867925511 12 0 0 28079 0
LinearRelaxationSolver 5 1032 0.5 100 99 99 147 100 246 3600 2322433361 3 0 0 41198 0
LinearRelaxationSolver 5 1333 0.5 100 99 99 163 100 262 3600 1819380063 3 0 0 40032 0
LinearRelaxationSolver 5 1306 1 100 99 99 174 100 273 3600 1444833001 4 0 0 41333 0
LinearRelaxationSolver 5 1512 1 100 99 99 169 100 268 3600 3374604921 4 0 0 41141 0
LinearRelaxationSolver 5 1581 0.5 100 140 140 409 141 549 3600 3396805338 23 0 0 83563.4 0
LinearRelaxationSolver 5 1747 0.5 100 140 140 385 141 525 3600 608236460 27 0 0 80103 0
LinearRelaxationSolver 5 1876 1 100 140 140 378 141 518 3600 2510201627 28 0 0 80449 0
LinearRelaxationSolver 5 2533 1 100 140 140 404 141 544 3600 4079915565 31 0 0 84342 0
LinearRelaxationSolver 5 1908 0.5 100 180 180 669 181 849 3600 1964643007 82 0 0 134795 0
LinearRelaxationSolver 5 2297 0.5 100 180 180 639 181 819 3600 4261105364 76 0 0 137121 0
LinearRelaxationSolver 5 2371 1 100 180 180 654 181 834 3600 429496614 79 0 0 134093 0
LinearRelaxationSolver 5 3095 1 100 180 180 652 181 832 3600 2489601645 82 0 0 133849 0
LinearRelaxationSolver 10 147 0.5 25 24 24 35 25 59 3600 1072155426 0 0 0 5254.58 0
LinearRelaxationSolver 10 168 0.5 25 24 24 46 25 70 3600 1060090158 0 0 0 5335.56 0
LinearRelaxationSolver 10 158 1 25 24 24 48 25 72 3600 1214064729 0 0 0 5330.45 0
LinearRelaxationSolver 10 219 1 25 24 24 34 25 58 3600 3274341563 0 0 0 5146 0
LinearRelaxationSolver 10 124 0.5 25 32 32 82 33 114 3600 1461919267 1 0 0 9071.52 0
LinearRelaxationSolver 10 196 0.5 25 32 32 75 33 107 3600 2750501619 1 0 0 9287.48 0
LinearRelaxationSolver 10 211 1 25 32 32 83 33 115 3600 770327267 2 0 0 9232.61 0
LinearRelaxationSolver 10 318 1 25 32 32 73 33 105 3600 1073572221 1 0 0 9283 0
LinearRelaxationSolver 10 246 0.5 25 40 40 126 41 166 3600 3260700793 4 0 0 14595.6 0
LinearRelaxationSolver 10 286 0.5 25 40 40 128 41 168 3600 3947152858 4 0 0 14733.3 0
LinearRelaxationSolver 10 256 1 25 40 40 119 41 159 3600 2524460973 4 0 0 14535.8 0
LinearRelaxationSolver 10 304 1 25 40 40 122 41 162 3600 3118774654 4 0 0 14627.6 0
LinearRelaxationSolver 10 284 0.5 49 48 48 78 49 126 3600 1355911525 1 0 0 20836.1 0
LinearRelaxationSolver 10 315 0.5 49 48 48 90 49 138 3600 1445750138 1 0 0 20960.7 0
LinearRelaxationSolver 10 293 1 49 48 48 78 49 126 3600 1646090554 1 0 0 21347.9 0
LinearRelaxationSolver 10 424 1 49 48 48 69 49 117 3600 3580148803 1 0 0 21060 0
LinearRelaxationSolver 10 329 0.5 49 66 66 170 67 236 3600 3428314032 9 0 0 39544.2 0
LinearRelaxationSolver 10 367 0.5 49 66 66 163 67 229 3600 263789833 9 0 0 39406.4 0
LinearRelaxationSolver 10 359 1 49 66 66 157 67 223 3600 2874974117 8 0 0 39194.7 0
LinearRelaxationSolver 10 559 1 49 66 66 177 67 243 3600 2785306593 11 0 0 39553 0
LinearRelaxationSolver 10 493 0.5 49 84 84 286 85 370 3600 3549767012 26 0 0 64255.5 0
LinearRelaxationSolver 10 514 0.5 49 84 84 298 85 382 3600 4160724201 26 0 0 64329 0
LinearRelaxationSolver 10 495 1 49 84 84 283 85 367 3600 2271625822 25 0 0 63766.6 0
LinearRelaxationSolver 10 755 1 49 84 84 304 85 388 3600 3036723889 27 0 0 63580 0
LinearRelaxationSolver 10 546 0.5 100 99 99 158 100 257 3600 2731409315 6 0 0 87578.2 0
LinearRelaxationSolver 10 647 0.5 100 99 99 166 100 265 3600 3089474190 7 0 0 88458 0
LinearRelaxationSolver 10 657 1 100 99 99 154 100 253 3600 3101114744 7 0 0 88696.8 0
LinearRelaxationSolver 10 786 1 100 99 99 157 100 256 3600 603533277 7 0 0 89127 0
LinearRelaxationSolver 10 750 0.5 100 140 140 384 141 524 3600 48854706 54 0 0 178541 0
LinearRelaxationSolver 10 879 0.5 100 140 140 373 141 513 3600 1204735380 53 0 0 177864 0
LinearRelaxationSolver 10 953 1 100 140 140 408 141 548 3600 2696503568 60 0 0 175966 0
LinearRelaxationSolver 10 1180 1 100 140 140 369 141 509 3600 923924230 54 0 0 176565 0
LinearRelaxationSolver 10 984 0.5 100 180 180 686 181 866 3600 253181823 162 0 0 292912 0
LinearRelaxationSolver 10 1142 0.5 100 180 180 647 181 827 3600 826436965 146 0 0 291333 0
LinearRelaxationSolver 10 1161 1 100 180 180 659 181 839 3600 1560858023 153 0 0 293658 0
LinearRelaxationSolver 10 1472 1 100 180 180 659 181 839 3600 841970984 156 0 0 293257 0
BnBSolver 5 248 0.5 25 24 24 37 25 61 3600 440996183 335 1 1908 1908 1
BnBSolver 5 285 0.5 25 24 24 39 25 63 3600 3612229100 75 1 2006 2006 1
BnBSolver 5 260 1 25 24 24 32 25 56 3600 4274961885 118 2 1993 1993 1
BnBSolver 5 397 1 25 24 24 34 25 58 3600 632255115 21 1 2035 2035 1
BnBSolver 5 359 0.5 25 32 32 84 33 116 3600 4137804706 2691 2 3737 3737 1
BnBSolver 5 448 0.5 25 32 32 67 33 99 3600 3539808521 2558 2 3445 3445 1
BnBSolver 5 419 1 25 32 32 66 33 98 3600 418054686 442 1 3650 3650 1
BnBSolver 5 558 1 25 32 32 87 33 119 3600 467005382 339 2 3943 3943 1
BnBSolver 5 453 0.5 25 40 40 103 41 143 3600 4105185726 3600 1 6270 6497 1
BnBSolver 5 656 0.5 25 40 40 120 41 160 3600 665688267 3601 1 6234 6373 1
BnBSolver 5 507 1 25 40 40 147 41 187 3600 683664527 3600 1 6120 6199 1
BnBSolver 5 698 1 25 40 40 115 41 155 3600 519860727 726 2 6357 6357 1
BnBSolver 5 507 0.5 49 48 48 74 49 122 3600 778931136 3600 1 7688 7925 1
BnBSolver 5 712 0.5 49 48 48 76 49 124 3600 2236982269 3600 2 6874 7226 1
BnBSolver 5 629 1 49 48 48 71 49 119 3600 2871004432 3600 1 6599 7632 1
BnBSolver 5 830 1 49 48 48 82 49 130 3600 254135013 3600 1 7787 7925 1
BnBSolver 5 710 0.5 49 66 66 176 67 242 3600 2908478127 3600 1 16507 17227 1
BnBSolver 5 847 0.5 49 66 66 181 67 247 3600 2755394352 3600 0 0 17036 0
BnBSolver 5 864 1 49 66 66 182 67 248 3600 833891691 3600 0 0 17482 0
BnBSolver 5 1236 1 49 66 66 200 67 266 3600 628754118 3600 2 16723 16984 1
BnBSolver 5 993 0.5 49 84 84 282 85 366 3600 1479277836 3600 0 0 28964 0
BnBSolver 5 1118 0.5 49 84 84 296 85 380 3600 2664453996 3600 2 25360 27854 1
BnBSolver 5 1006 1 49 84 84 263 85 347 3600 2493398303 3601 2 27394 28691 1
BnBSolver 5 1358 1 49 84 84 279 85 363 3600 1689638425 3600 0 0 26517 0
BnBSolver 5 1032 0.5 100 99 99 147 100 246 3600 1977529912 3600 0 0 32196 0
BnBSolver 5 1333 0.5 100 99 99 163 100 262 3600 3457602859 3600 0 0 31509 0
BnBSolver 5 1306 1 100 99 99 174 100 273 3600 3957130903 3600 0 0 31645 0
BnBSolver 5 1512 1 100 99 99 169 100 268 3600 1605570271 3600 0 0 33523 0
BnBSolver 5 1581 0.5 100 140 140 409 141 549 3600 4117301355 3601 2 67044 76930 1
BnBSolver 5 1747 0.5 100 140 140 385 141 525 3600 4225024905 3600 2 66307 74012 1
BnBSolver 5 1876 1 100 140 140 378 141 518 3600 2188174657 3600 0 0 75013 0
BnBSolver 5 2533 1 100 140 140 404 141 544 3600 1935317943 3600 2 69406 77879 1
BnBSolver 5 1908 0.5 100 180 180 669 181 849 3600 3226924770 3600 0 0 130396 0
BnBSolver 5 2297 0.5 100 180 180 639 181 819 3600 60725277 3600 2 123877 132223 1
BnBSolver 5 2371 1 100 180 180 654 181 834 3600 77439507 3600 0 0 128795 0
BnBSolver 5 3095 1 100 180 180 652 181 832 3600 3242025437 3600 2 122349 128082 1
BnBSolver 10 147 0.5 25 24 24 35 25 59 3600 3537913279 1778 1 4511 4511 1
BnBSolver 10 168 0.5 25 24 24 46 25 70 3600 166968517 137 1 4902 4902 1
BnBSolver 10 158 1 25 24 24 48 25 72 3600 1428537353 367 2 4789 4789 1
BnBSolver 10 219 1 25 24 24 34 25 58 3600 3209423577 63 1 4771 4771 1
BnBSolver 10 124 0.5 25 32 32 82 33 114 3600 1808309574 3600 1 8222 8412 1
BnBSolver 10 196 0.5 25 32 32 75 33 107 3600 1339328813 3600 1 8307 8420 1
BnBSolver 10 211 1 25 32 32 83 33 115 3600 3503057459 3600 1 8399 8491 1
BnBSolver 10 318 1 25 32 32 73 33 105 3600 3180210081 1813 2 8502 8502 1
BnBSolver 10 246 0.5 25 40 40 126 41 166 3600 813543210 3600 0 0 13682 0
BnBSolver 10 286 0.5 25 40 40 128 41 168 3600 1542739367 3600 1 13904 14117 1
BnBSolver 10 256 1 25 40 40 119 41 159 3600 1399309547 3601 2 13605 13635 1
BnBSolver 10 304 1 25 40 40 122 41 162 3600 565627138 3600 2 13368 13586 1
BnBSolver 10 284 0.5 49 48 48 78 49 126 3600 264854 3600 0 0 17435 0
BnBSolver 10 315 0.5 49 48 48 90 49 138 3600 4289980979 3600 0 0 18345 0
BnBSolver 10 293 1 49 48 48 78 49 126 3600 3672219876 3600 0 0 18235 0
BnBSolver 10 424 1 49 48 48 69 49 117 3600 2067163132 3600 1 17237 17460 1
BnBSolver 10 329 0.5 49 66 66 170 67 236 3600 2737708135 3600 2 27238 35818 1
BnBSolver 10 367 0.5 49 66 66 163 67 229 3600 3087102723 3600 2 31860 36514 1
BnBSolver 10 359 1 49 66 66 157 67 223 3600 215407861 3600 2 33781 35703 1
BnBSolver 10 559 1 49 66 66 177 67 243 3600 4072000300 3600 0 0 36429 0
BnBSolver 10 493 0.5 49 84 84 286 85 370 3600 2206082691 3600 0 0 60744 0
BnBSolver 10 514 0.5 49 84 84 298 85 382 3600 3235902550 3600 2 51230 60028 1
BnBSolver 10 495 1 49 84 84 283 85 367 3600 3332269861 3600 0 0 59886 0
BnBSolver 10 755 1 49 84 84 304 85 388 3600 1603083852 3600 2 52870 59599 1
BnBSolver 10 546 0.5 100 99 99 158 100 257 3600 1406695904 3600 0 0 71783 0
BnBSolver 10 647 0.5 100 99 99 166 100 265 3600 929128976 3600 0 0 69654 0
BnBSolver 10 657 1 100 99 99 154 100 253 3600 836881293 3600 0 0 69608 0
BnBSolver 10 786 1 100 99 99 157 100 256 3600 3178803177 3600 0 0 71198 0
BnBSolver 10 750 0.5 100 140 140 384 141 524 3600 3755267759 3600 0 0 161384 0
BnBSolver 10 879 0.5 100 140 140 373 141 513 3600 283325535 3601 0 0 161527 0
BnBSolver 10 953 1 100 140 140 408 141 548 3600 1715343108 3600 0 0 158899 0
BnBSolver 10 1180 1 100 140 140 369 141 509 3600 1107943724 3600 0 0 159357 0
BnBSolver 10 984 0.5 100 180 180 686 181 866 3600 3643912140 3600 0 0 274866 0
BnBSolver 10 1142 0.5 100 180 180 647 181 827 3600 501969801 3600 0 0 273924 0
BnBSolver 10 1161 1 100 180 180 659 181 839 3600 835381490 3600 0 0 276934 0
BnBSolver 10 1472 1 100 180 180 659 181 839 3600 3106580647 3601 2 246332 276641 1
BnCSolver 5 248 0.5 25 24 24 37 25 61 3600 4210780218 161 1 1908 1908 1
BnCSolver 5 285 0.5 25 24 24 39 25 63 3600 3829334454 33 2 2006 2006 1
BnCSolver 5 260 1 25 24 24 32 25 56 3600 2154290933 46 1 1993 1993 1
BnCSolver 5 397 1 25 24 24 34 25 58 3600 712550676 4 1 2035 2035 1
BnCSolver 5 359 0.5 25 32 32 84 33 116 3600 266934215 1220 1 3737 3737 1
BnCSolver 5 448 0.5 25 32 32 67 33 99 3600 600075380 1038 2 3445 3445 1
BnCSolver 5 419 1 25 32 32 66 33 98 3600 2289947417 47 1 3650 3650 1
BnCSolver 5 558 1 25 32 32 87 33 119 3600 522349925 27 2 3943 3943 1
BnCSolver 5 453 0.5 25 40 40 103 41 143 3600 527072898 1607 1 6270 6270 1
BnCSolver 5 656 0.5 25 40 40 120 41 160 3600 3369500938 337 1 6234 6234 1
BnCSolver 5 507 1 25 40 40 147 41 187 3600 480017453 127 1 6120 6120 1
BnCSolver 5 698 1 25 40 40 115 41 155 3600 3781401057 54 2 6357 6357 1
BnCSolver 5 507 0.5 49 48 48 74 49 122 3600 2947650337 3600 1 7386 8104 1
BnCSolver 5 712 0.5 49 48 48 76 49 124 3600 2854682757 3600 1 6851 7741 1
BnCSolver 5 629 1 49 48 48 71 49 119 3600 1170837416 3600 1 6650 7841 1
BnCSolver 5 830 1 49 48 48 82 49 130 3600 473160279 3600 1 7787 7820 1
BnCSolver 5 710 0.5 49 66 66 176 67 242 3600 1284990266 3600 1 16524 16921 1
BnCSolver 5 847 0.5 49 66 66 181 67 247 3600 3754840828 3600 1 16160 16739 1
BnCSolver 5 864 1 49 66 66 182 67 248 3600 2594634398 3600 1 16751 16937 1
BnCSolver 5 1236 1 49 66 66 200 67 266 3600 2694744802 358 1 16723 16723 1
BnCSolver 5 993 0.5 49 84 84 282 85 366 3600 1824322866 3600 1 28208 28395 1
BnCSolver 5 1118 0.5 49 84 84 296 85 380 3600 1542292921 3600 1 26954 27411 1
BnCSolver 5 1006 1 49 84 84 263 85 347 3600 2962650416 3600 2 27600 28344 1
BnCSolver 5 1358 1 49 84 84 279 85 363 3600 2699962891 3601 1 24313 25984 1
BnCSolver 5 1032 0.5 100 99 99 147 100 246 3600 4047112909 3600 0 0 33956 0
BnCSolver 5 1333 0.5 100 99 99 163 100 262 3600 3954129162 3600 2 23431 33448 1
BnCSolver 5 1306 1 100 99 99 174 100 273 3600 2239645060 3600 0 0 35798 0
BnCSolver 5 1512 1 100 99 99 169 100 268 3600 1526795760 3600 0 0 36370 0
BnCSolver 5 1581 0.5 100 140 140 409 141 549 3600 2461959185 3600 0 0 77095 0
BnCSolver 5 1747 0.5 100 140 140 385 141 525 3600 702814261 3619 2 61740 73434 1
BnCSolver 5 1876 1 100 140 140 378 141 518 3600 3878189163 3617 0 0 74228 0
BnCSolver 5 2533 1 100 140 140 404 141 544 3600 61807132 3606 0 0 78187 0
BnCSolver 5 1908 0.5 100 180 180 669 181 849 3600 3243085767 3607 2 108530 130036 1
BnCSolver 5 2297 0.5 100 180 180 639 181 819 3600 3112163558 3605 0 0 131332 0
BnCSolver 5 2371 1 100 180 180 654 181 834 3600 4179015144 3600 0 0 127404 0
BnCSolver 5 3095 1 100 180 180 652 181 832 3600 493346600 3600 0 0 127552 0
BnCSolver 10 147 0.5 25 24 24 35 25 59 3600 1076374347 1105 1 4511 4511 1
BnCSolver 10 168 0.5 25 24 24 46 25 70 3600 1097213092 53 1 4902 4902 1
BnCSolver 10 158 1 25 24 24 48 25 72 3600 3650853097 88 1 4789 4789 1
BnCSolver 10 219 1 25 24 24 34 25 58 3600 3004649696 15 1 4771 4771 1
BnCSolver 10 124 0.5 25 32 32 82 33 114 3600 3578742077 3501 1 8222 8222 1
BnCSolver 10 196 0.5 25 32 32 75 33 107 3600 42792834 425 2 8307 8307 1
BnCSolver 10 211 1 25 32 32 83 33 115 3600 554937558 150 2 8401 8401 1
BnCSolver 10 318 1 25 32 32 73 33 105 3600 3131081376 112 2 8502 8502 1
BnCSolver 10 246 0.5 25 40 40 126 41 166 3600 3363123683 3600 1 13277 13477 1
BnCSolver 10 286 0.5 25 40 40 128 41 168 3600 605862485 849 2 13920 13920 1
BnCSolver 10 256 1 25 40 40 119 41 159 3600 1304581315 220 2 13605 13605 1
BnCSolver 10 304 1 25 40 40 122 41 162 3600 1910812982 1072 2 13458 13458 1
BnCSolver 10 284 0.5 49 48 48 78 49 126 3600 3277421007 3600 0 0 18662 0
BnCSolver 10 315 0.5 49 48 48 90 49 138 3600 2944203658 3600 0 0 19006 0
BnCSolver 10 293 1 49 48 48 78 49 126 3600 1979472789 3600 1 16927 19215 1
BnCSolver 10 424 1 49 48 48 69 49 117 3600 885466243 3600 1 16990 18716 1
BnCSolver 10 329 0.5 49 66 66 170 67 236 3600 336950803 3600 0 0 36309 0
BnCSolver 10 367 0.5 49 66 66 163 67 229 3600 151389854 3600 0 0 36599 0
BnCSolver 10 359 1 49 66 66 157 67 223 3600 1137261982 3600 0 0 36051 0
BnCSolver 10 559 1 49 66 66 177 67 243 3600 3956479107 3600 2 34976 36519 1
BnCSolver 10 493 0.5 49 84 84 286 85 370 3600 147290389 3600 2 48080 60375 1
BnCSolver 10 514 0.5 49 84 84 298 85 382 3600 3925199582 3600 2 48349 59911 1
BnCSolver 10 495 1 49 84 84 283 85 367 3600 3096524026 3600 0 0 59012 0
BnCSolver 10 755 1 49 84 84 304 85 388 3600 1103512836 3600 2 57656 59000 1
BnCSolver 10 546 0.5 100 99 99 158 100 257 3600 114321010 3600 0 0 78305 0
BnCSolver 10 647 0.5 100 99 99 166 100 265 3600 4051130513 3600 0 0 82674 0
BnCSolver 10 657 1 100 99 99 154 100 253 3600 3178022272 3600 0 0 83487 0
BnCSolver 10 786 1 100 99 99 157 100 256 3600 2023830145 3600 0 0 83795 0
BnCSolver 10 750 0.5 100 140 140 384 141 524 3600 1482798405 3600 0 0 165548 0
BnCSolver 10 879 0.5 100 140 140 373 141 513 3600 1514550436 3603 0 0 164799 0
BnCSolver 10 953 1 100 140 140 408 141 548 3600 2339327715 3600 0 0 166195 0
BnCSolver 10 1180 1 100 140 140 369 141 509 3600 914388113 3605 0 0 166742 0
BnCSolver 10 984 0.5 100 180 180 686 181 866 3600 1361937855 3601 0 0 274976 0
BnCSolver 10 1142 0.5 100 180 180 647 181 827 3600 846830849 3600 2 214886 273314 1
BnCSolver 10 1161 1 100 180 180 659 181 839 3600 185559959 3600 0 0 276103 0
BnCSolver 10 1472 1 100 180 180 659 181 839 3600 2509916103 3618 2 226240 277573 1
GRASPSolver 5 248 0.5 25 24 24 37 25 61 3600 2610161421 3600 53696 1895 1.79769e+308 1 235989 110 1 0 182292 0 118035 182292 0
GRASPSolver 5 285 0.5 25 24 24 39 25 63 3600 2269191731 3600 642 1853 1.79769e+308 1 197689 32 0 0 197688 0 111909 197688 642
GRASPSolver 5 260 1 25 24 24 32 25 56 3600 1648609977 3600 0 0 1.79769e+308 0 215573 0 0 0 215572 0 0 215572 0
GRASPSolver 5 397 1 25 24 24 34 25 58 3600 342916297 3600 97372 1972 1.79769e+308 1 161903 2 0 0 123541 0 0 123541 59011
GRASPSolver 5 359 0.5 25 32 32 84 33 116 3600 3930806849 3600 44024 3649 1.79769e+308 1 121607 3189 93 0 78352 0 6720 78352 770
GRASPSolver 5 448 0.5 25 32 32 67 33 99 3600 2915973754 3600 42229 3280 1.79769e+308 1 104063 1275 43 0 74794 0 31511 77976 16143
GRASPSolver 5 419 1 25 32 32 66 33 98 3600 1421124106 3600 1121 3223 1.79769e+308 1 106962 88 3 0 105840 0 0 105840 0
GRASPSolver 5 558 1 25 32 32 87 33 119 3600 148192924 3600 53646 3834 1.79769e+308 1 93198 1588 62 0 42371 0 0 42371 2820
GRASPSolver 5 453 0.5 25 40 40 103 41 143 3600 1166337605 3600 36133 6080 1.79769e+308 1 83335 2001 85 0 48033 0 5967 48389 1188
GRASPSolver 5 656 0.5 25 40 40 120 41 160 3600 3484862777 3600 63061 6174 1.79769e+308 1 80796 4624 206 0 11630 0 16094 19994 2260
GRASPSolver 5 507 1 25 40 40 147 41 187 3600 301485617 3600 20480 5932 1.79769e+308 1 56860 77 4 0 39841 0 0 39841 3462
GRASPSolver 5 698 1 25 40 40 115 41 155 3600 1867917784 3600 67490 6167 1.79769e+308 1 79028 5477 247 0 14703 0 0 14703 3166
GRASPSolver 5 507 0.5 49 48 48 74 49 122 3600 3443995048 3600 5646 7438 1.79769e+308 1 60976 3168 185 0 55073 0 15431 56537 1208
GRASPSolver 5 712 0.5 49 48 48 76 49 124 3600 3108170379 3600 18259 6798 1.79769e+308 1 59643 24 1 0 21928 0 35552 44085 2702
GRASPSolver 5 629 1 49 48 48 71 49 119 3600 2484402341 3600 0 0 1.79769e+308 0 57892 0 0 0 57891 0 0 57891 0
GRASPSolver 5 830 1 49 48 48 82 49 130 3600 1177483551 3600 19841 7508 1.79769e+308 1 57979 14 0 0 38432 0 0 38432 295
GRASPSolver 5 710 0.5 49 66 66 176 67 242 3600 473954889 3600 3707 15967 1.79769e+308 1 25882 4602 643 0 22376 0 4829 22413 239
GRASPSolver 5 847 0.5 49 66 66 181 67 247 3600 3762362930 3600 19570 15843 1.79769e+308 1 27318 25571 3364 0 7123 0 3210 8175 428
GRASPSolver 5 864 1 49 66 66 182 67 248 3600 2264459478 3600 1271 15024 1.79769e+308 1 19645 61 11 0 18583 0 0 18583 210
GRASPSolver 5 1236 1 49 66 66 200 67 266 3600 984572356 3600 7340 15498 1.79769e+308 1 18123 2995 598 0 10880 0 0 10880 98
GRASPSolver 5 993 0.5 49 84 84 282 85 366 3600 2006267591 3600 7838 27432 1.79769e+308 1 15847 259 62 0 8169 0 2304 8225 217
GRASPSolver 5 1118 0.5 49 84 84 296 85 380 3600 41024409 3600 15533 26124 1.79769e+308 1 17774 216 42 0 2394 0 266 2546 306
GRASPSolver 5 1006 1 49 84 84 263 85 347 3600 1158358084 3600 2342 26184 1.79769e+308 1 11278 1212 387 0 9649 0 0 9649 714
GRASPSolver 5 1358 1 49 84 84 279 85 363 3600 2722486356 3600 9861 23879 1.79769e+308 1 13906 23 5 0 4327 0 0 4327 283
GRASPSolver 5 1032 0.5 100 99 99 147 100 246 3600 10235582 3600 458 28444 1.79769e+308 1 14976 1042 249 0 14542 0 7025 14549 32
GRASPSolver 5 1333 0.5 100 99 99 163 100 262 3600 3985136313 3600 1562 27197 1.79769e+308 1 15026 431 106 0 13326 0 9898 13493 30
GRASPSolver 5 1306 1 100 99 99 174 100 273 3600 3352470894 3600 262 27865 1.79769e+308 1 13419 99 26 0 13159 0 0 13159 3
GRASPSolver 5 1512 1 100 99 99 169 100 268 3600 2044897102 3600 4490 30683 1.79769e+308 1 13822 2287 600 0 9474 0 0 9474 143
GRASPSolver 5 1581 0.5 100 140 140 409 141 549 3600 1373258323 3600 634 66977 1.79769e+308 1 4788 4185 3146 0 4177 0 865 4182 29
GRASPSolver 5 1747 0.5 100 140 140 385 141 525 3600 327134905 3600 2262 67020 1.79769e+308 1 4910 4428 3249 0 2618 0 785 2708 61
GRASPSolver 5 1876 1 100 140 140 378 141 518 3600 3219889030 3600 95 62804 1.79769e+308 1 3764 19 18 0 3671 0 0 3671 3
GRASPSolver 5 2533 1 100 140 140 404 141 544 3600 1834818421 3600 745 68583 1.79769e+308 1 3217 811 912 0 2474 0 0 2474 3
GRASPSolver 5 1908 0.5 100 180 180 669 181 849 3600 2950275338 3600 1043 120286 1.79769e+308 1 2858 2754 3478 0 1827 0 117 1827 13
GRASPSolver 5 2297 0.5 100 180 180 639 181 819 3600 923734800 3600 2114 122510 1.79769e+308 1 2837 567 739 0 698 0 179 743 21
GRASPSolver 5 2371 1 100 180 180 654 181 834 3600 2308239726 3600 368 114330 1.79769e+308 1 1742 161 344 0 1393 0 0 1393 20
GRASPSolver 5 3095 1 100 180 180 652 181 832 3600 3638425445 3600 200 116840 1.79769e+308 1 1475 1156 2808 0 1279 0 0 1279 5
GRASPSolver 10 147 0.5 25 24 24 35 25 59 3600 972178435 3600 1323 4483 1.79769e+308 1 235550 293 4 0 235419 25834 78776 235549 1323
GRASPSolver 10 168 0.5 25 24 24 46 25 70 3600 635463611 3600 7191 4845 1.79769e+308 1 182825 4791 94 0 173685 0 54470 177680 2047
GRASPSolver 10 158 1 25 24 24 48 25 72 3600 31897960 3600 4923 4734 1.79769e+308 1 159350 2036 45 0 157143 0 0 157143 2717
GRASPSolver 10 219 1 25 24 24 34 25 58 3600 3046719170 3600 83838 4514 1.79769e+308 1 177360 7 0 0 93521 0 0 93521 0
GRASPSolver 10 124 0.5 25 32 32 82 33 114 3600 2475057242 3600 4677 8120 1.79769e+308 1 124739 1105 32 0 119025 547 52370 120985 924
GRASPSolver 10 196 0.5 25 32 32 75 33 107 3600 1350658936 3600 25324 8273 1.79769e+308 1 106276 4384 148 0 78695 0 34713 82733 1782
GRASPSolver 10 211 1 25 32 32 83 33 115 3600 4288478587 3600 9866 8046 1.79769e+308 1 93138 808 31 0 84033 0 0 84033 762
GRASPSolver 10 318 1 25 32 32 73 33 105 3600 3694888627 3600 66692 8411 1.79769e+308 1 102913 6039 210 0 40966 0 0 40966 4746
GRASPSolver 10 246 0.5 25 40 40 126 41 166 3600 89745119 3600 6115 13139 1.79769e+308 1 92122 90625 3543 0 86221 0 8545 86482 476
GRASPSolver 10 286 0.5 25 40 40 128 41 168 3600 2155628730 3600 52094 13899 1.79769e+308 1 77989 26204 1221 0 17917 0 13536 26966 1072
GRASPSolver 10 256 1 25 40 40 119 41 159 3600 3437472986 3600 36219 13173 1.79769e+308 1 72424 508 25 0 36827 0 0 36827 623
GRASPSolver 10 304 1 25 40 40 122 41 162 3600 1057313465 3600 35534 13148 1.79769e+308 1 59984 9571 570 0 26526 0 0 26526 2077
GRASPSolver 10 284 0.5 49 48 48 78 49 126 3600 1803919475 3600 194 16355 1.79769e+308 1 58204 57943 3584 0 58068 0 17523 58096 87
GRASPSolver 10 315 0.5 49 48 48 90 49 138 3600 1475961363 3600 559 17073 1.79769e+308 1 48429 17372 1297 0 47821 0 23856 47969 100
GRASPSolver 10 293 1 49 48 48 78 49 126 3600 875807525 3600 528 17035 1.79769e+308 1 50531 20200 1437 0 50224 0 0 50224 222
GRASPSolver 10 424 1 49 48 48 69 49 117 3600 3884323134 3600 8052 16954 1.79769e+308 1 48329 5725 430 0 43313 0 0 43313 3037
GRASPSolver 10 329 0.5 49 66 66 170 67 236 3600 3319053810 3600 1014 32110 1.79769e+308 1 29626 623 82 0 28575 0 6468 28653 42
GRASPSolver 10 367 0.5 49 66 66 163 67 229 3600 2195779667 3600 4763 33761 1.79769e+308 1 23303 7364 1140 0 15179 0 12708 18788 249
GRASPSolver 10 359 1 49 66 66 157 67 223 3600 835116416 3600 1572 32219 1.79769e+308 1 22068 12834 2094 0 20553 0 0 20553 58
GRASPSolver 10 559 1 49 66 66 177 67 243 3600 233627580 3600 4404 33776 1.79769e+308 1 19232 3626 672 0 14973 0 0 14973 146
GRASPSolver 10 493 0.5 49 84 84 286 85 370 3600 928270377 3600 2042 55751 1.79769e+308 1 20010 6656 1209 0 17915 0 2865 17985 18
GRASPSolver 10 514 0.5 49 84 84 298 85 382 3600 3018543597 3600 8730 55532 1.79769e+308 1 16413 5559 1367 0 6638 0 2552 7788 106
GRASPSolver 10 495 1 49 84 84 283 85 367 3600 4282973234 3600 922 54673 1.79769e+308 1 11424 4149 1330 0 10512 0 0 10512 11
GRASPSolver 10 755 1 49 84 84 304 85 388 3600 1912356984 3600 8856 55716 1.79769e+308 1 13286 3348 905 0 4458 0 0 4458 29
GRASPSolver 10 546 0.5 100 99 99 158 100 257 3600 2655770829 3600 1 61570 1.79769e+308 1 14004 4319 1097 0 14002 0 10264 14002 0
GRASPSolver 10 647 0.5 100 99 99 166 100 265 3600 2356488026 3600 138 63077 1.79769e+308 1 13250 10626 2899 0 13030 0 10116 13143 32
GRASPSolver 10 657 1 100 99 99 154 100 253 3600 1744935024 3600 18 61753 1.79769e+308 1 13246 3648 999 0 13228 0 0 13228 1
GRASPSolver 10 786 1 100 99 99 157 100 256 3600 456577364 3600 700 64619 1.79769e+308 1 13252 4592 1245 0 12660 0 0 12660 109
GRASPSolver 10 750 0.5 100 140 140 384 141 524 3600 4224906612 3600 160 139271 1.79769e+308 1 6609 3374 1873 0 6442 0 2547 6453 5
GRASPSolver 10 879 0.5 100 140 140 373 141 513 3600 3105606857 3600 754 143937 1.79769e+308 1 4659 3930 3016 0 3534 0 2410 3910 6
GRASPSolver 10 953 1 100 140 140 408 141 548 3600 1704795769 3600 20 138426 1.79769e+308 1 4025 3249 2938 0 4006 0 0 4006 2
GRASPSolver 10 1180 1 100 140 140 369 141 509 3600 1191138170 3600 438 137610 1.79769e+308 1 3956 3556 3239 0 3525 0 0 3525 8
GRASPSolver 10 984 0.5 100 180 180 686 181 866 3600 1877368722 3600 357 245788 1.79769e+308 1 3714 2770 2696 0 3350 0 550 3357 1
GRASPSolver 10 1142 0.5 100 180 180 647 181 827 3600 3892247908 3601 1598 246100 1.79769e+308 1 3145 1822 2108 0 1429 0 350 1551 5
GRASPSolver 10 1161 1 100 180 180 659 181 839 3600 872241106 3600 63 242123 1.79769e+308 1 2213 798 1302 0 2149 0 0 2149 0
GRASPSolver 10 1472 1 100 180 180 659 181 839 3600 3083184134 3600 349 241862 1.79769e+308 1 1680 1441 3088 0 1330 0 0 1330 0
LagrangianHeuristicSolver2 5 248 0.5 25 24 24 37 25 61 3600 3256474105 73 0 0 11571 0 271 0 0 0 271 0 0 271 0
LagrangianHeuristicSolver2 5 285 0.5 25 24 24 39 25 63 3600 1266703731 97 0 0 11785 0 271 0 0 0 271 0 0 271 0
LagrangianHeuristicSolver2 5 260 1 25 24 24 32 25 56 3600 633959660 79 0 0 11158 0 271 0 0 0 271 0 0 271 0
LagrangianHeuristicSolver2 5 397 1 25 24 24 34 25 58 3600 2369861428 85 1 1881 11257 1 271 0 0 0 271 0 0 271 0
LagrangianHeuristicSolver2 5 359 0.5 25 32 32 84 33 116 3600 1956334200 245 1 3291 25172 1 271 0 0 0 271 0 0 271 0
LagrangianHeuristicSolver2 5 448 0.5 25 32 32 67 33 99 3600 93297848 195 0 0 22666 0 271 0 0 0 271 0 0 271 0
LagrangianHeuristicSolver2 5 419 1 25 32 32 66 33 98 3600 980502785 224 0 0 22615 0 271 0 0 0 271 0 0 271 0
LagrangianHeuristicSolver2 5 558 1 25 32 32 87 33 119 3600 2793012072 384 1 3340 25567 1 271 0 0 0 271 0 0 271 0
LagrangianHeuristicSolver2 5 453 0.5 25 40 40 103 41 143 3600 970637072 318 0 0 39391 0 271 0 0 0 271 0 0 271 0
LagrangianHeuristicSolver2 5 656 0.5 25 40 40 120 41 160 3600 733513615 416 1 5465 41782 1 271 0 0 0 271 0 0 271 0
LagrangianHeuristicSolver2 5 507 1 25 40 40 147 41 187 3600 4040504256 831 0 0 45992 0 271 0 0 0 271 0 0 271 0
LagrangianHeuristicSolver2 5 698 1 25 40 40 115 41 155 3600 472421421 455 1 5114 40949 1 271 0 0 0 271 0 0 271 0
LagrangianHeuristicSolver2 5 507 0.5 49 48 48 74 49 122 3600 3973821778 344 0 0 46846 0 271 0 0 0 271 0 0 271 0
LagrangianHeuristicSolver2 5 712 0.5 49 48 48 76 49 124 3600 302689986 450 0 0 46897 0 271 0 0 0 271 0 0 271 0
LagrangianHeuristicSolver2 5 629 1 49 48 48 71 49 119 3600 3191671002 419 0 0 45725 0 271 0 0 0 271 0 0 271 0
LagrangianHeuristicSolver2 5 830 1 49 48 48 82 49 130 3600 1974634690 495 0 0 48467 0 271 0 0 0 271 0 0 271 0
LagrangianHeuristicSolver2 5 710 0.5 49 66 66 176 67 242 3600 2302723600 1127 1 14732 108368 1 271 0 0 0 271 0 0 271 0
LagrangianHeuristicSolver2 5 847 0.5 49 66 66 181 67 247 3600 2225133591 1271 0 0 109214 0 271 0 0 0 271 0 0 271 0
LagrangianHeuristicSolver2 5 864 1 49 66 66 182 67 248 3600 2224221673 1375 0 0 110029 0 271 0 0 0 271 0 0 271 0
LagrangianHeuristicSolver2 5 1236 1 49 66 66 200 67 266 3600 1038679865 1950 0 0 114233 0 271 0 0 0 271 0 0 271 0
LagrangianHeuristicSolver2 5 993 0.5 49 84 84 282 85 366 3600 1243994985 2236 0 0 194903 0 271 0 0 0 271 0 0 271 0
LagrangianHeuristicSolver2 5 1118 0.5 49 84 84 296 85 380 3600 149626122 2519 1 22036 198906 1 271 0 0 0 271 0 0 271 0
LagrangianHeuristicSolver2 5 1006 1 49 84 84 263 85 347 3600 2209485117 2165 0 0 188659 0 271 0 0 0 271 0 0 271 0
LagrangianHeuristicSolver2 5 1358 1 49 84 84 279 85 363 3600 1072658474 2702 1 22049 192053 1 271 0 0 0 271 0 0 271 0
LagrangianHeuristicSolver2 5 1032 0.5 100 99 99 147 100 246 3600 188839703 1565 0 0 197023 0 271 0 0 0 271 0 0 271 0
LagrangianHeuristicSolver2 5 1333 0.5 100 99 99 163 100 262 3600 253472649 2225 0 0 202200 0 271 0 0 0 271 0 0 271 0
LagrangianHeuristicSolver2 5 1306 1 100 99 99 174 100 273 3600 1928074370 2368 0 0 207857 0 271 0 0 0 271 0 0 271 0
LagrangianHeuristicSolver2 5 1512 1 100 99 99 169 100 268 3600 3363164743 2331 0 0 205685 0 271 0 0 0 271 0 0 271 0
LagrangianHeuristicSolver2 5 1581 0.5 100 140 140 409 141 549 3600 493727839 3614 0 0 508044 0 158 0 0 0 158 0 0 158 0
LagrangianHeuristicSolver2 5 1747 0.5 100 140 140 385 141 525 3600 2430079269 3621 1 63162 491149 1 158 0 0 1 157 0 1 158 0
LagrangianHeuristicSolver2 5 1876 1 100 140 140 378 141 518 3600 3558343190 3610 0 0 487575 0 154 0 0 0 154 0 0 154 0
LagrangianHeuristicSolver2 5 2533 1 100 140 140 404 141 544 3600 1763592765 3619 0 0 506028 0 114 0 0 0 114 0 0 114 0
LagrangianHeuristicSolver2 5 1908 0.5 100 180 180 669 181 849 3600 4172174078 3624 1 108617 939761 1 72 0 0 0 72 0 0 72 0
LagrangianHeuristicSolver2 5 2297 0.5 100 180 180 639 181 819 3600 2420275786 3645 0 0 920487 0 74 0 0 1 73 0 1 74 0
LagrangianHeuristicSolver2 5 2371 1 100 180 180 654 181 834 3600 3490364900 3648 0 0 928259 0 69 0 0 1 68 0 0 69 0
LagrangianHeuristicSolver2 5 3095 1 100 180 180 652 181 832 3600 1876834260 3610 0 0 926575 0 61 0 0 0 61 0 0 61 0
LagrangianHeuristicSolver2 10 147 0.5 25 24 24 35 25 59 3600 1915732025 138 0 0 19890 0 271 0 0 0 271 0 0 271 0
LagrangianHeuristicSolver2 10 168 0.5 25 24 24 46 25 70 3600 1019458240 239 0 0 21057 0 271 0 0 0 271 0 0 271 0
LagrangianHeuristicSolver2 10 158 1 25 24 24 48 25 72 3600 28623586 253 0 0 21239 0 271 0 0 0 271 0 0 271 0
LagrangianHeuristicSolver2 10 219 1 25 24 24 34 25 58 3600 3238572207 165 0 0 19725 0 271 0 0 0 271 0 0 271 0
LagrangianHeuristicSolver2 10 124 0.5 25 32 32 82 33 114 3600 2934561650 404 1 6826 39747 1 271 0 0 0 271 0 0 271 0
LagrangianHeuristicSolver2 10 196 0.5 25 32 32 75 33 107 3600 3576151248 419 0 0 39068 0 271 0 0 0 271 0 0 271 0
LagrangianHeuristicSolver2 10 211 1 25 32 32 83 33 115 3600 1870993256 469 0 0 40058 0 271 0 0 0 271 0 0 271 0
LagrangianHeuristicSolver2 10 318 1 25 32 32 73 33 105 3600 841329905 485 0 0 38830 0 271 0 0 0 271 0 0 271 0
LagrangianHeuristicSolver2 10 246 0.5 25 40 40 126 41 166 3600 3301324293 814 0 0 66377 0 271 0 0 0 271 0 0 271 0
LagrangianHeuristicSolver2 10 286 0.5 25 40 40 128 41 168 3600 1869309690 842 0 0 66854 0 271 0 0 0 271 0 0 271 0
LagrangianHeuristicSolver2 10 256 1 25 40 40 119 41 159 3600 1359745661 795 0 0 65208 0 271 0 0 0 271 0 0 271 0
LagrangianHeuristicSolver2 10 304 1 25 40 40 122 41 162 3600 232925037 971 1 11453 65795 1 271 0 0 0 271 0 0 271 0
LagrangianHeuristicSolver2 10 284 0.5 49 48 48 78 49 126 3600 3003730249 733 0 0 81470 0 271 0 0 0 271 0 0 271 0
LagrangianHeuristicSolver2 10 315 0.5 49 48 48 90 49 138 3600 3895545905 1032 0 0 83896 0 271 0 0 0 271 0 0 271 0
LagrangianHeuristicSolver2 10 293 1 49 48 48 78 49 126 3600 4008725733 871 0 0 81974 0 271 0 0 0 271 0 0 271 0
LagrangianHeuristicSolver2 10 424 1 49 48 48 69 49 117 3600 1549172109 789 0 0 79967 0 271 0 0 0 271 0 0 271 0
LagrangianHeuristicSolver2 10 329 0.5 49 66 66 170 67 236 3600 3731382826 1796 0 0 170921 0 271 0 0 0 271 0 0 271 0
LagrangianHeuristicSolver2 10 367 0.5 49 66 66 163 67 229 3600 1897510136 1979 0 0 168946 0 271 0 0 0 271 0 0 271 0
LagrangianHeuristicSolver2 10 359 1 49 66 66 157 67 223 3600 3459614319 1890 0 0 167179 0 271 0 0 0 271 0 0 271 0
LagrangianHeuristicSolver2 10 559 1 49 66 66 177 67 243 3600 614065217 2784 0 0 172818 0 271 0 0 0 271 0 0 271 0
LagrangianHeuristicSolver2 10 493 0.5 49 84 84 286 85 370 3600 1888946779 3612 0 0 300671 0 233 0 0 0 233 0 0 233 0
LagrangianHeuristicSolver2 10 514 0.5 49 84 84 298 85 382 3600 2094957057 3613 1 47872 304832 1 208 0 0 0 208 0 0 208 0
LagrangianHeuristicSolver2 10 495 1 49 84 84 283 85 367 3600 2200795546 3603 1 45232 299220 1 224 0 0 0 224 0 0 224 0
LagrangianHeuristicSolver2 10 755 1 49 84 84 304 85 388 3600 1156193948 3614 1 48369 306099 1 176 0 0 0 176 0 0 176 0
LagrangianHeuristicSolver2 10 546 0.5 100 99 99 158 100 257 3600 1947619836 3369 0 0 345262 0 271 0 0 0 271 0 0 271 0
LagrangianHeuristicSolver2 10 647 0.5 100 99 99 166 100 265 3600 915650869 3611 0 0 349324 0 236 0 0 0 236 0 0 236 0
LagrangianHeuristicSolver2 10 657 1 100 99 99 154 100 253 3600 3299358169 3603 0 0 344809 0 265 0 0 0 265 0 0 265 0
LagrangianHeuristicSolver2 10 786 1 100 99 99 157 100 256 3600 467797963 3602 0 0 346439 0 238 0 0 0 238 0 0 238 0
LagrangianHeuristicSolver2 10 750 0.5 100 140 140 384 141 524 3600 442715358 3624 0 0 784296 0 96 0 0 0 96 0 0 96 0
LagrangianHeuristicSolver2 10 879 0.5 100 140 140 373 141 513 3600 1665595378 3634 0 0 777495 0 78 0 0 1 77 0 1 78 0
LagrangianHeuristicSolver2 10 953 1 100 140 140 408 141 548 3600 3847903841 3642 0 0 795169 0 76 0 0 0 76 0 0 76 0
LagrangianHeuristicSolver2 10 1180 1 100 140 140 369 141 509 3600 1908079522 3628 0 0 773956 0 75 0 0 0 75 0 0 75 0
LagrangianHeuristicSolver2 10 984 0.5 100 180 180 686 181 866 3600 2637096487 3637 1 222528 1.43321e+06 1 38 0 0 0 38 0 0 38 0
LagrangianHeuristicSolver2 10 1142 0.5 100 180 180 647 181 827 3600 3216295160 3601 1 207068 1.40356e+06 1 39 0 0 0 39 0 0 39 0
LagrangianHeuristicSolver2 10 1161 1 100 180 180 659 181 839 3600 2283413915 3660 0 0 1.41453e+06 0 38 0 0 0 38 0 0 38 0
LagrangianHeuristicSolver2 10 1472 1 100 180 180 659 181 839 3600 3256852972 3620 0 0 1.41413e+06 0 35 0 0 0 35 0 0 35 0
